#b/r200m logN(HI) logN(CII) logN(CIII) logN(CIV) logN(SiII) logN(SiIII) logN(SiIV)
0.045   16.384   13.611   13.811   12.312   12.77   12.729   12.149
0.054   16.199   13.454   13.727   12.305   12.61   12.641   12.119
0.064   16.046   13.321   13.655   12.297   12.48   12.564   12.090
0.073   15.909   13.201   13.589   12.289   12.36   12.492   12.062
0.082   15.791   13.095   13.530   12.280   12.25   12.427   12.035
0.091   15.687   13.001   13.476   12.271   12.15   12.366   12.009
0.101   15.592   12.913   13.426   12.262   12.05   12.309   11.983
0.110   15.501   12.829   13.377   12.252   11.96   12.253   11.957
0.119   15.423   12.756   13.335   12.243   11.89   12.203   11.933
0.129   15.345   12.682   13.292   12.234   11.80   12.152   11.909
0.138   15.277   12.617   13.253   12.224   11.73   12.105   11.885
0.148   15.213   12.555   13.217   12.214   11.66   12.060   11.862
0.157   15.154   12.497   13.182   12.205   11.60   12.018   11.839
0.166   15.095   12.439   13.147   12.195   11.54   11.974   11.816
0.176   15.040   12.386   13.114   12.185   11.47   11.933   11.793
0.185   14.989   12.335   13.083   12.176   11.42   11.894   11.772
0.194   14.943   12.290   13.055   12.166   11.36   11.858   11.752
0.204   14.892   12.239   13.024   12.156   11.31   11.818   11.729
0.212   14.851   12.197   12.998   12.147   11.26   11.785   11.710
0.223   14.805   12.150   12.969   12.136   11.20   11.747   11.688
0.232   14.762   12.107   12.942   12.127   11.15   11.712   11.668
0.241   14.726   12.070   12.918   12.118   11.11   11.680   11.649
0.250   14.689   12.032   12.894   12.108   11.06   11.648   11.629
0.259   14.651   11.993   12.869   12.099   11.02   11.615   11.609
0.269   14.614   11.954   12.844   12.089   10.97   11.582   11.589
0.278   14.582   11.921   12.822   12.080   10.93   11.553   11.571
0.288   14.544   11.881   12.797   12.069   10.88   11.519   11.549
0.296   14.515   11.851   12.778   12.061   10.84   11.492   11.533
0.306   14.483   11.817   12.755   12.051   10.80   11.462   11.513
0.316   14.450   11.782   12.732   12.041   10.76   11.431   11.493
0.325   14.421   11.752   12.712   12.032   10.72   11.403   11.475
0.334   14.392   11.721   12.692   12.023   10.68   11.375   11.457
0.343   14.364   11.691   12.672   12.013   10.65   11.347   11.439
0.353   14.335   11.661   12.651   12.003   10.61   11.319   11.420
0.363   14.306   11.629   12.631   11.994   10.57   11.290   11.401
0.371   14.281   11.603   12.613   11.985   10.53   11.265   11.385
0.380   14.258   11.577   12.595   11.976   10.50   11.241   11.368
0.390   14.229   11.546   12.574   11.965   10.46   11.211   11.348
0.400   14.204   11.520   12.556   11.956   10.43   11.186   11.330
0.409   14.180   11.493   12.538   11.947   10.40   11.160   11.313
0.418   14.155   11.466   12.519   11.938   10.36   11.134   11.295
0.428   14.131   11.439   12.501   11.927   10.33   11.108   11.276
0.436   14.111   11.418   12.486   11.919   10.30   11.087   11.262
0.446   14.086   11.391   12.467   11.909   10.27   11.060   11.243
0.455   14.066   11.369   12.451   11.900   10.24   11.039   11.227
0.465   14.040   11.340   12.432   11.890   10.20   11.011   11.208
0.474   14.020   11.319   12.416   11.880   10.17   10.989   11.192
0.483   14.000   11.296   12.400   11.871   10.14   10.966   11.176
0.492   13.980   11.274   12.384   11.862   10.12   10.944   11.159
0.501   13.959   11.251   12.367   11.852   10.09   10.921   11.143
0.510   13.938   11.228   12.351   11.842   10.06   10.897   11.126
0.520   13.917   11.204   12.334   11.833   10.02   10.873   11.108
0.529   13.895   11.181   12.317   11.823   9.99   10.849   11.091
0.539   13.874   11.157   12.300   11.812   9.96   10.825   11.073
0.549   13.853   11.134   12.282   11.801   9.93   10.801   11.055
0.557   13.837   11.116   12.269   11.793   9.91   10.783   11.041
0.567   13.815   11.092   12.251   11.781   9.88   10.758   11.022
0.578   13.793   11.067   12.233   11.770   9.85   10.732   11.003
0.586   13.775   11.047   12.219   11.761   9.82   10.712   10.988
0.594   13.759   11.029   12.205   11.752   9.80   10.693   10.973
0.605   13.736   11.004   12.186   11.739   9.77   10.667   10.953
0.613   13.719   10.985   12.171   11.730   9.74   10.648   10.938
0.622   13.702   10.966   12.156   11.720   9.72   10.628   10.922
0.634   13.679   10.940   12.136   11.706   9.68   10.600   10.901
0.642   13.661   10.920   12.121   11.696   9.66   10.579   10.885
0.651   13.642   10.899   12.105   11.686   9.63   10.558   10.868
0.660   13.623   10.879   12.089   11.675   9.60   10.536   10.851
0.670   13.605   10.858   12.074   11.663   9.58   10.515   10.834
0.679   13.587   10.838   12.057   11.652   9.55   10.493   10.817
0.688   13.568   10.817   12.041   11.640   9.53   10.471   10.799
0.698   13.548   10.796   12.024   11.627   9.50   10.449   10.781
0.708   13.529   10.774   12.006   11.615   9.47   10.426   10.762
0.718   13.508   10.752   11.988   11.601   9.44   10.402   10.743
0.724   13.495   10.737   11.976   11.592   9.43   10.386   10.730
0.734   13.473   10.713   11.957   11.579   9.40   10.361   10.710
0.745   13.452   10.689   11.938   11.564   9.37   10.336   10.689
0.755   13.430   10.666   11.918   11.549   9.34   10.311   10.668
0.762   13.416   10.650   11.905   11.538   9.32   10.294   10.654
0.772   13.393   10.625   11.884   11.522   9.29   10.268   10.632
0.783   13.369   10.600   11.863   11.505   9.26   10.241   10.609
0.790   13.353   10.582   11.848   11.493   9.23   10.223   10.593
0.802   13.328   10.554   11.825   11.474   9.20   10.194   10.568
0.809   13.311   10.536   11.809   11.462   9.18   10.174   10.551
0.820   13.284   10.506   11.784   11.441   9.14   10.142   10.525
0.828   13.264   10.485   11.766   11.427   9.12   10.120   10.506
0.839   13.235   10.453   11.739   11.405   9.08   10.087   10.477
0.847   13.215   10.432   11.720   11.389   9.05   10.065   10.457
0.855   13.195   10.409   11.700   11.371   9.03   10.041   10.436
0.867   13.162   10.374   11.669   11.344   8.99   10.005   10.403
0.875   13.138   10.349   11.646   11.324   8.96   9.979   10.379
0.883   13.113   10.323   11.622   11.303   8.93   9.951   10.355
0.895   13.073   10.280   11.583   11.269   8.88   9.907   10.314
0.904   13.043   10.248   11.555   11.243   8.85   9.874   10.284
0.912   13.011   10.214   11.524   11.215   8.81   9.839   10.252
0.920   12.976   10.177   11.489   11.184   8.77   9.800   10.216
0.929   12.936   10.135   11.450   11.148   8.72   9.757   10.176
0.942   12.866   10.064   11.382   11.084   8.65   9.684   10.107
0.951   12.810   10.007   11.327   11.031   8.59   9.626   10.050
0.959   12.740   9.935   11.258   10.964   8.51   9.554   9.980
0.968   12.648   9.841   11.166   10.876   8.41   9.459   9.888
