#b/r200m logN(HI) logN(CII) logN(CIII) logN(CIV) logN(SiII) logN(SiIII) logN(SiIV)
0.045   16.385   13.716   14.610   14.008   12.74   13.325   13.333
0.054   16.200   13.515   14.505   13.991   12.48   13.157   13.248
0.064   16.045   13.340   14.411   13.971   12.24   12.996   13.161
0.073   15.910   13.180   14.321   13.948   12.02   12.839   13.069
0.082   15.791   13.033   14.238   13.924   11.81   12.687   12.977
0.091   15.687   12.901   14.160   13.899   11.61   12.544   12.886
0.101   15.591   12.775   14.084   13.872   11.42   12.404   12.794
0.110   15.499   12.651   14.009   13.844   11.23   12.261   12.699
0.119   15.422   12.543   13.942   13.817   11.07   12.134   12.613
0.129   15.343   12.431   13.871   13.788   10.89   12.001   12.521
0.138   15.274   12.328   13.807   13.759   10.73   11.877   12.435
0.148   15.210   12.232   13.744   13.731   10.58   11.760   12.353
0.157   15.151   12.142   13.685   13.703   10.44   11.651   12.274
0.166   15.091   12.047   13.623   13.673   10.29   11.535   12.192
0.176   15.035   11.957   13.564   13.644   10.15   11.426   12.113
0.185   14.985   11.876   13.510   13.616   10.03   11.327   12.041
0.194   14.938   11.797   13.458   13.589   9.90   11.231   11.971
0.204   14.888   11.715   13.401   13.559   9.78   11.130   11.896
0.212   14.845   11.641   13.352   13.533   9.66   11.040   11.830
0.223   14.799   11.564   13.298   13.503   9.55   10.945   11.760
0.232   14.757   11.488   13.247   13.475   9.43   10.852   11.692
0.241   14.720   11.425   13.203   13.450   9.33   10.775   11.634
0.250   14.682   11.357   13.156   13.424   9.23   10.692   11.572
0.259   14.645   11.292   13.111   13.398   9.13   10.614   11.514
0.269   14.607   11.224   13.063   13.370   9.03   10.531   11.451
0.278   14.574   11.164   13.021   13.346   8.93   10.457   11.397
0.288   14.537   11.097   12.974   13.317   8.84   10.378   11.336
0.296   14.508   11.043   12.936   13.295   8.75   10.311   11.286
0.306   14.475   10.983   12.893   13.269   8.66   10.238   11.231
0.316   14.442   10.921   12.849   13.243   8.57   10.164   11.174
0.325   14.413   10.865   12.810   13.220   8.49   10.096   11.123
0.334   14.384   10.813   12.772   13.196   8.41   10.033   11.075
0.343   14.356   10.760   12.734   13.173   8.33   9.969   11.026
0.353   14.326   10.703   12.694   13.148   8.24   9.900   10.974
0.363   14.298   10.651   12.655   13.124   8.17   9.837   10.925
0.371   14.274   10.607   12.623   13.103   8.10   9.784   10.884
0.380   14.249   10.559   12.589   13.082   8.03   9.726   10.839
0.390   14.219   10.502   12.548   13.056   7.94   9.656   10.787
0.400   14.195   10.458   12.515   13.035   7.88   9.604   10.746
0.409   14.170   10.410   12.481   13.013   7.81   9.547   10.701
0.418   14.145   10.360   12.445   12.991   7.74   9.487   10.655
0.428   14.120   10.313   12.411   12.968   7.66   9.429   10.611
0.436   14.101   10.277   12.384   12.951   7.61   9.387   10.578
0.446   14.075   10.229   12.349   12.927   7.54   9.329   10.533
0.455   14.055   10.189   12.319   12.908   7.48   9.281   10.496
0.465   14.030   10.141   12.284   12.885   7.41   9.223   10.451
0.474   14.010   10.105   12.257   12.867   7.36   9.180   10.417
0.483   13.990   10.067   12.228   12.847   7.31   9.135   10.381
0.492   13.968   10.026   12.198   12.828   7.25   9.085   10.343
0.501   13.947   9.985   12.168   12.808   7.18   9.036   10.305
0.510   13.927   9.947   12.140   12.788   7.13   8.990   10.269
0.520   13.906   9.910   12.111   12.768   7.08   8.946   10.233
0.529   13.884   9.869   12.081   12.748   7.02   8.897   10.195
0.539   13.862   9.827   12.049   12.727   6.95   8.846   10.155
0.549   13.841   9.785   12.019   12.705   6.89   8.796   10.116
0.557   13.825   9.757   11.997   12.690   6.85   8.762   10.089
0.567   13.803   9.719   11.967   12.669   6.80   8.716   10.053
0.578   13.781   9.677   11.936   12.647   6.74   8.667   10.014
0.586   13.764   9.645   11.912   12.630   6.69   8.628   9.983
0.594   13.746   9.613   11.888   12.613   6.64   8.590   9.953
0.605   13.724   9.574   11.857   12.591   6.59   8.543   9.915
0.613   13.707   9.545   11.834   12.575   6.55   8.509   9.888
0.622   13.690   9.515   11.811   12.558   6.50   8.473   9.859
0.634   13.666   9.471   11.777   12.534   6.44   8.421   9.817
0.642   13.648   9.438   11.752   12.515   6.39   8.381   9.785
0.651   13.629   9.405   11.726   12.497   6.35   8.342   9.754
0.660   13.611   9.375   11.702   12.479   6.30   8.306   9.725
0.670   13.593   9.345   11.678   12.461   6.26   8.271   9.696
0.679   13.574   9.312   11.652   12.442   6.22   8.233   9.665
0.688   13.554   9.278   11.625   12.422   6.17   8.193   9.632
0.698   13.534   9.243   11.598   12.402   6.12   8.151   9.598
0.708   13.514   9.208   11.570   12.382   6.07   8.110   9.565
0.718   13.494   9.175   11.544   12.361   6.02   8.071   9.532
0.724   13.481   9.154   11.527   12.348   5.99   8.047   9.512
0.734   13.460   9.121   11.500   12.327   5.95   8.009   9.480
0.745   13.439   9.086   11.472   12.305   5.90   7.968   9.447
0.755   13.417   9.049   11.442   12.282   5.85   7.925   9.411
0.762   13.401   9.024   11.422   12.267   5.82   7.895   9.386
0.772   13.378   8.987   11.392   12.243   5.77   7.852   9.350
0.783   13.355   8.952   11.363   12.220   5.72   7.812   9.317
0.790   13.339   8.929   11.343   12.204   5.69   7.786   9.294
0.802   13.315   8.893   11.313   12.178   5.64   7.745   9.259
0.809   13.297   8.867   11.291   12.161   5.61   7.716   9.233
0.820   13.270   8.825   11.256   12.133   5.55   7.668   9.193
0.828   13.251   8.796   11.232   12.113   5.52   7.635   9.165
0.839   13.221   8.753   11.195   12.083   5.46   7.585   9.122
0.847   13.201   8.724   11.171   12.062   5.42   7.552   9.094
0.855   13.180   8.696   11.146   12.041   5.39   7.522   9.067
0.867   13.147   8.652   11.108   12.008   5.33   7.474   9.024
0.875   13.123   8.621   11.080   11.983   5.30   7.439   8.993
0.883   13.098   8.586   11.050   11.957   5.25   7.401   8.959
0.895   13.056   8.530   11.001   11.915   5.18   7.338   8.904
0.904   13.025   8.489   10.965   11.884   5.13   7.294   8.864
0.912   12.993   8.447   10.927   11.850   5.08   7.246   8.822
0.920   12.957   8.401   10.886   11.814   5.03   7.197   8.777
0.929   12.917   8.353   10.843   11.774   4.97   7.145   8.730
0.942   12.848   8.273   10.767   11.704   4.88   7.060   8.650
0.951   12.790   8.206   10.705   11.646   4.80   6.989   8.584
0.959   12.718   8.123   10.627   11.573   4.71   6.901   8.501
0.968   12.625   8.017   10.528   11.479   4.59   6.790   8.397
