# Wave  Vhel  NormFlux  NormErr      Flux        Error       Continuum
1230.0750  -2116.50    0.8814    0.1070  5.8842e-15  7.1403e-16  6.6762e-15
1230.1050  -2109.27    1.0699    0.1176  7.1430e-15  7.8502e-16  6.6765e-15
1230.1349  -2102.03    1.1396    0.1213  7.6091e-15  8.0996e-16  6.6767e-15
1230.1648  -2094.79    1.0871    0.1185  7.2586e-15  7.9126e-16  6.6769e-15
1230.1947  -2087.55    0.8465    0.1049  5.6524e-15  7.0039e-16  6.6772e-15
1230.2246  -2080.31    0.9539    0.1111  6.3694e-15  7.4192e-16  6.6774e-15
1230.2545  -2073.08    1.0232    0.1150  6.8327e-15  7.6814e-16  6.6777e-15
1230.2844  -2065.84    0.8397    0.1044  5.6073e-15  6.9726e-16  6.6779e-15
1230.3143  -2058.60    0.9773    0.1124  6.5265e-15  7.5090e-16  6.6782e-15
1230.3442  -2051.36    0.9800    0.1126  6.5447e-15  7.5218e-16  6.6784e-15
1230.3741  -2044.12    0.9632    0.1117  6.4327e-15  7.4606e-16  6.6787e-15
1230.4041  -2036.88    0.9702    0.1120  6.4801e-15  7.4813e-16  6.6789e-15
1230.4340  -2029.65    1.0255    0.1151  6.8495e-15  7.6889e-16  6.6791e-15
1230.4639  -2022.41    1.0209    0.1149  6.8190e-15  7.6722e-16  6.6794e-15
1230.4938  -2015.17    0.9452    0.1106  6.3135e-15  7.3866e-16  6.6796e-15
1230.5237  -2007.93    0.9429    0.1105  6.2986e-15  7.3810e-16  6.6799e-15
1230.5536  -2000.69    0.8267    0.1036  5.5223e-15  6.9201e-16  6.6801e-15
1230.5835  -1993.46    0.8610    0.1057  5.7520e-15  7.0581e-16  6.6804e-15
1230.6134  -1986.22    0.7790    0.1006  5.2040e-15  6.7182e-16  6.6806e-15
1230.6433  -1978.98    0.9192    0.1090  6.1412e-15  7.2814e-16  6.6809e-15
1230.6732  -1971.74    0.6627    0.0929  4.4276e-15  6.2089e-16  6.6811e-15
1230.7032  -1964.50    0.8784    0.1066  5.8688e-15  7.1211e-16  6.6813e-15
1230.7331  -1957.26    0.7804    0.1005  5.2141e-15  6.7172e-16  6.6816e-15
1230.7630  -1950.03    0.8574    0.1053  5.7291e-15  7.0342e-16  6.6818e-15
1230.7929  -1942.79    0.6041    0.0888  4.0364e-15  5.9314e-16  6.6821e-15
1230.8228  -1935.55    0.6168    0.0897  4.1219e-15  5.9958e-16  6.6823e-15
1230.8527  -1928.31    0.6020    0.0887  4.0232e-15  5.9267e-16  6.6826e-15
1230.8826  -1921.07    0.5888    0.0877  3.9351e-15  5.8615e-16  6.6828e-15
1230.9125  -1913.84    0.5741    0.0866  3.8367e-15  5.7901e-16  6.6831e-15
1230.9424  -1906.60    0.7126    0.0962  4.7629e-15  6.4271e-16  6.6833e-15
1230.9723  -1899.36    0.6368    0.0910  4.2558e-15  6.0837e-16  6.6835e-15
1231.0023  -1892.12    0.6932    0.0948  4.6331e-15  6.3386e-16  6.6838e-15
1231.0322  -1884.88    0.5296    0.0832  3.5399e-15  5.5636e-16  6.6840e-15
1231.0621  -1877.64    0.5874    0.0875  3.9266e-15  5.8469e-16  6.6843e-15
1231.0920  -1870.41    0.5601    0.0855  3.7442e-15  5.7146e-16  6.6845e-15
1231.1219  -1863.17    0.6115    0.0893  4.0877e-15  5.9664e-16  6.6848e-15
1231.1518  -1855.93    0.5871    0.0874  3.9248e-15  5.8450e-16  6.6850e-15
1231.1817  -1848.69    0.4994    0.0809  3.3387e-15  5.4116e-16  6.6853e-15
1231.2116  -1841.45    0.6118    0.0893  4.0904e-15  5.9680e-16  6.6855e-15
1231.2415  -1834.22    0.6489    0.0919  4.3387e-15  6.1413e-16  6.6857e-15
1231.2714  -1826.98    0.8395    0.1041  5.6129e-15  6.9616e-16  6.6860e-15
1231.3014  -1819.74    0.8744    0.1062  5.8464e-15  7.0981e-16  6.6862e-15
1231.3313  -1812.50    0.8452    0.1044  5.6517e-15  6.9796e-16  6.6865e-15
1231.3612  -1805.26    1.0989    0.1187  7.3480e-15  7.9395e-16  6.6867e-15
1231.3911  -1798.02    0.8514    0.1047  5.6930e-15  7.0013e-16  6.6870e-15
1231.4210  -1790.79    0.9026    0.1077  6.0361e-15  7.2026e-16  6.6872e-15
1231.4509  -1783.55    1.0029    0.1134  6.7071e-15  7.5859e-16  6.6875e-15
1231.4808  -1776.31    0.9176    0.1085  6.1364e-15  7.2595e-16  6.6877e-15
1231.5107  -1769.07    0.9511    0.1104  6.3606e-15  7.3857e-16  6.6879e-15
1231.5406  -1761.83    1.0030    0.1134  6.7084e-15  7.5841e-16  6.6882e-15
1231.5705  -1754.60    0.9581    0.1109  6.4085e-15  7.4180e-16  6.6884e-15
1231.6005  -1747.36    1.0044    0.1135  6.7183e-15  7.5888e-16  6.6887e-15
1231.6304  -1740.12    0.9937    0.1128  6.6465e-15  7.5469e-16  6.6889e-15
1231.6603  -1732.88    0.9424    0.1099  6.3041e-15  7.3535e-16  6.6892e-15
1231.6902  -1725.64    0.9474    0.1102  6.3376e-15  7.3724e-16  6.6894e-15
1231.7201  -1718.41    0.8602    0.1051  5.7547e-15  7.0319e-16  6.6897e-15
1231.7500  -1711.17    0.9584    0.1109  6.4116e-15  7.4176e-16  6.6899e-15
1231.7799  -1703.93    1.1175    0.1195  7.4761e-15  7.9950e-16  6.6901e-15
1231.8098  -1696.69    1.0677    0.1169  7.1436e-15  7.8178e-16  6.6904e-15
1231.8397  -1689.45    0.9091    0.1079  6.0827e-15  7.2218e-16  6.6906e-15
1231.8696  -1682.21    0.9797    0.1119  6.5549e-15  7.4897e-16  6.6909e-15
1231.8996  -1674.98    0.8729    0.1058  5.8407e-15  7.0822e-16  6.6911e-15
1231.9295  -1667.74    1.0136    0.1139  6.7823e-15  7.6243e-16  6.6913e-15
1231.9594  -1660.50    0.9991    0.1131  6.6855e-15  7.5679e-16  6.6916e-15
1231.9893  -1653.26    0.9253    0.1089  6.1922e-15  7.2881e-16  6.6918e-15
1232.0192  -1646.02    0.7181    0.0962  4.8057e-15  6.4401e-16  6.6921e-15
1232.0491  -1638.79    0.9991    0.1130  6.6863e-15  7.5644e-16  6.6923e-15
1232.0790  -1631.55    0.9647    0.1111  6.4560e-15  7.4353e-16  6.6926e-15
1232.1089  -1624.31    0.9836    0.1121  6.5828e-15  7.5058e-16  6.6928e-15
1232.1388  -1617.07    1.0802    0.1174  7.2296e-15  7.8554e-16  6.6930e-15
1232.1687  -1609.83    1.0564    0.1161  7.0711e-15  7.7696e-16  6.6933e-15
1232.1987  -1602.59    1.0478    0.1157  7.0133e-15  7.7453e-16  6.6935e-15
1232.2286  -1595.36    0.9774    0.1118  6.5421e-15  7.4830e-16  6.6938e-15
1232.2585  -1588.12    0.9243    0.1087  6.1874e-15  7.2781e-16  6.6940e-15
1232.2884  -1580.88    0.8478    0.1043  5.6752e-15  6.9795e-16  6.6942e-15
1232.3183  -1573.64    0.9757    0.1117  6.5319e-15  7.4759e-16  6.6945e-15
1232.3482  -1566.40    1.0789    0.1174  7.2227e-15  7.8575e-16  6.6947e-15
1232.3781  -1559.17    0.9978    0.1129  6.6802e-15  7.5593e-16  6.6949e-15
1232.4080  -1551.93    1.0033    0.1132  6.7174e-15  7.5774e-16  6.6952e-15
1232.4379  -1544.69    1.0337    0.1149  6.9210e-15  7.6908e-16  6.6954e-15
1232.4678  -1537.45    0.8834    0.1063  5.9147e-15  7.1196e-16  6.6957e-15
1232.4978  -1530.21    1.0243    0.1144  6.8588e-15  7.6577e-16  6.6959e-15
1232.5277  -1522.97    0.8919    0.1068  5.9724e-15  7.1533e-16  6.6961e-15
1232.5576  -1515.74    1.0395    0.1152  6.9611e-15  7.7113e-16  6.6964e-15
1232.5875  -1508.50    1.0486    0.1157  7.0218e-15  7.7453e-16  6.6966e-15
1232.6174  -1501.26    0.9694    0.1113  6.4917e-15  7.4517e-16  6.6968e-15
1232.6473  -1494.02    0.9381    0.1095  6.2826e-15  7.3342e-16  6.6971e-15
1232.6772  -1486.78    0.8944    0.1069  5.9900e-15  7.1624e-16  6.6973e-15
1232.7071  -1479.55    0.9089    0.1078  6.0871e-15  7.2200e-16  6.6975e-15
1232.7370  -1472.31    0.9200    0.1085  6.1619e-15  7.2671e-16  6.6978e-15
1232.7669  -1465.07    1.0062    0.1133  6.7394e-15  7.5872e-16  6.6980e-15
1232.7969  -1457.83    0.8621    0.1051  5.7743e-15  7.0392e-16  6.6982e-15
1232.8268  -1450.59    0.9385    0.1095  6.2867e-15  7.3333e-16  6.6985e-15
1232.8567  -1443.35    0.8400    0.1037  5.6270e-15  6.9479e-16  6.6987e-15
1232.8866  -1436.12    1.1517    0.1211  7.7154e-15  8.1136e-16  6.6989e-15
1232.9165  -1428.88    1.0704    0.1167  7.1710e-15  7.8199e-16  6.6992e-15
1232.9464  -1421.64    0.9625    0.1108  6.4482e-15  7.4207e-16  6.6994e-15
1232.9763  -1414.40    1.1015    0.1183  7.3796e-15  7.9269e-16  6.6996e-15
1233.0062  -1407.16    0.9481    0.1100  6.3523e-15  7.3681e-16  6.6999e-15
1233.0361  -1399.93    0.9076    0.1076  6.0812e-15  7.2115e-16  6.7001e-15
1233.0660  -1392.69    1.0365    0.1148  6.9449e-15  7.6947e-16  6.7003e-15
1233.0960  -1385.45    1.1063    0.1185  7.4129e-15  7.9412e-16  6.7005e-15
1233.1259  -1378.21    0.9982    0.1126  6.6888e-15  7.5477e-16  6.7008e-15
1233.1558  -1370.97    0.8887    0.1064  5.9550e-15  7.1315e-16  6.7010e-15
1233.1857  -1363.73    0.8566    0.1045  5.7401e-15  6.9995e-16  6.7012e-15
1233.2156  -1356.50    1.0002    0.1127  6.7029e-15  7.5517e-16  6.7015e-15
1233.2455  -1349.26    0.9943    0.1124  6.6637e-15  7.5356e-16  6.7017e-15
1233.2754  -1342.02    0.9618    0.1106  6.4457e-15  7.4101e-16  6.7019e-15
1233.3053  -1334.78    0.9423    0.1095  6.3156e-15  7.3394e-16  6.7021e-15
1233.3352  -1327.54    0.9710    0.1111  6.5082e-15  7.4435e-16  6.7024e-15
1233.3651  -1320.31    0.9848    0.1118  6.6008e-15  7.4935e-16  6.7026e-15
1233.3951  -1313.07    0.8997    0.1070  6.0306e-15  7.1716e-16  6.7028e-15
1233.4250  -1305.83    0.8774    0.1057  5.8813e-15  7.0860e-16  6.7030e-15
1233.4549  -1298.59    0.9314    0.1088  6.2433e-15  7.2954e-16  6.7033e-15
1233.4848  -1291.35    1.0068    0.1186  6.7489e-15  7.9521e-16  6.7035e-15
1233.5147  -1284.12    0.9039    0.1410  6.0596e-15  9.4518e-16  6.7037e-15
1233.5446  -1276.88    0.9423    0.1497  6.3174e-15  1.0037e-15  6.7039e-15
1233.5745  -1269.64    1.0953    0.1583  7.3432e-15  1.0615e-15  6.7041e-15
1233.6044  -1262.40    1.1104    0.1598  7.4445e-15  1.0717e-15  6.7044e-15
1233.6343  -1255.16    0.9486    0.1482  6.3597e-15  9.9338e-16  6.7046e-15
1233.6642  -1247.92    0.9231    0.1462  6.1892e-15  9.8018e-16  6.7048e-15
1233.6942  -1240.69    0.8981    0.1469  6.0219e-15  9.8517e-16  6.7050e-15
1233.7241  -1233.45    0.9966    0.1514  6.6828e-15  1.0150e-15  6.7052e-15
1233.7540  -1226.21    0.9172    0.1465  6.1505e-15  9.8264e-16  6.7054e-15
1233.7839  -1218.97    1.2113    0.1572  8.1228e-15  1.0541e-15  6.7057e-15
1233.8138  -1211.73    1.1122    0.1574  7.4585e-15  1.0558e-15  6.7059e-15
1233.8437  -1204.50    1.1578    0.1618  7.7644e-15  1.0853e-15  6.7061e-15
1233.8736  -1197.26    0.9166    0.1451  6.1472e-15  9.7303e-16  6.7063e-15
1233.9035  -1190.02    0.8722    0.1442  5.8492e-15  9.6689e-16  6.7065e-15
1233.9334  -1182.78    0.9088    0.1390  6.0953e-15  9.3244e-16  6.7067e-15
1233.9633  -1175.54    1.2786    0.1691  8.5756e-15  1.1341e-15  6.7070e-15
1233.9933  -1168.30    0.9250    0.1428  6.2038e-15  9.5766e-16  6.7072e-15
1234.0232  -1161.07    1.0615    0.1427  7.1200e-15  9.5722e-16  6.7074e-15
1234.0531  -1153.83    1.0557    0.1157  7.0811e-15  7.7599e-16  6.7076e-15
1234.0830  -1146.59    1.0212    0.1138  6.8500e-15  7.6366e-16  6.7078e-15
1234.1129  -1139.35    1.0964    0.1179  7.3550e-15  7.9061e-16  6.7080e-15
1234.1428  -1132.11    0.9889    0.1121  6.6336e-15  7.5190e-16  6.7082e-15
1234.1727  -1124.88    0.9888    0.1121  6.6332e-15  7.5172e-16  6.7084e-15
1234.2026  -1117.64    0.9343    0.1090  6.2678e-15  7.3113e-16  6.7086e-15
1234.2325  -1110.40    1.0219    0.1139  6.8555e-15  7.6404e-16  6.7088e-15
1234.2624  -1103.16    0.9589    0.1104  6.4333e-15  7.4057e-16  6.7090e-15
1234.2924  -1095.92    0.9672    0.1109  6.4889e-15  7.4394e-16  6.7092e-15
1234.3223  -1088.68    1.0731    0.1167  7.1998e-15  7.8281e-16  6.7095e-15
1234.3522  -1081.45    1.0085    0.1131  6.7669e-15  7.5910e-16  6.7097e-15
1234.3821  -1074.21    1.1033    0.1182  7.4030e-15  7.9338e-16  6.7099e-15
1234.4120  -1066.97    1.0232    0.1140  6.8656e-15  7.6468e-16  6.7101e-15
1234.4419  -1059.73    1.0014    0.1127  6.7198e-15  7.5614e-16  6.7103e-15
1234.4718  -1052.49    1.2151    0.1240  8.1537e-15  8.3195e-16  6.7105e-15
1234.5017  -1045.26    1.1500    0.1206  7.7172e-15  8.0931e-16  6.7107e-15
1234.5316  -1038.02    1.0115    0.1132  6.7878e-15  7.5978e-16  6.7109e-15
1234.5615  -1030.78    0.9979    0.1125  6.6973e-15  7.5476e-16  6.7111e-15
1234.5915  -1023.54    1.0676    0.1162  7.1648e-15  7.7995e-16  6.7113e-15
1234.6214  -1016.30    0.8663    0.1050  5.8142e-15  7.0442e-16  6.7115e-15
1234.6513  -1009.06    1.0871    0.1173  7.2959e-15  7.8708e-16  6.7117e-15
1234.6812  -1001.83    0.9292    0.1086  6.2368e-15  7.2908e-16  6.7118e-15
1234.7111   -994.59    0.9736    0.1111  6.5347e-15  7.4563e-16  6.7120e-15
1234.7410   -987.35    0.9693    0.1238  6.5062e-15  8.3122e-16  6.7122e-15
1234.7709   -980.11    1.0964    0.1563  7.3594e-15  1.0490e-15  6.7124e-15
1234.8008   -972.87    0.9860    0.2284  6.6187e-15  1.5330e-15  6.7126e-15
1234.8307   -965.64    0.9304    0.4429  6.2453e-15  2.9734e-15  6.7128e-15
1234.8606   -958.40    0.0000    0.0906  0.0000e+00  6.0846e-16  6.7130e-15
1234.8906   -951.16    0.0000    0.0918  0.0000e+00  6.1613e-16  6.7132e-15
1234.9205   -943.92    0.0000    0.0929  0.0000e+00  6.2400e-16  6.7134e-15
1234.9504   -936.68    0.0000    0.0941  0.0000e+00  6.3207e-16  6.7136e-15
1234.9803   -929.44    0.0000    0.0954  0.0000e+00  6.4035e-16  6.7138e-15
1235.0102   -922.21    0.9212    0.4040  6.1848e-15  2.7123e-15  6.7139e-15
1235.0401   -914.97    0.9408    0.2245  6.3170e-15  1.5070e-15  6.7141e-15
1235.0700   -907.73    0.4735    0.2278  3.1793e-15  1.5295e-15  6.7143e-15
1235.0999   -900.49    0.9537    0.1576  6.4035e-15  1.0581e-15  6.7145e-15
1235.1298   -893.25    0.9469    0.1569  6.3584e-15  1.0537e-15  6.7147e-15
1235.1597   -886.02    1.0988    0.1687  7.3780e-15  1.1325e-15  6.7149e-15
1235.1897   -878.78    1.2133    0.1769  8.1475e-15  1.1876e-15  6.7150e-15
1235.2196   -871.54    0.9773    0.1593  6.5630e-15  1.0694e-15  6.7152e-15
1235.2495   -864.30    0.8105    0.1454  5.4428e-15  9.7661e-16  6.7154e-15
1235.2794   -857.06    1.0294    0.1631  6.9130e-15  1.0953e-15  6.7156e-15
1235.3093   -849.83    0.9853    0.1597  6.6168e-15  1.0727e-15  6.7158e-15
1235.3392   -842.59    0.7795    0.1426  5.2350e-15  9.5789e-16  6.7159e-15
1235.3691   -835.35    1.1906    0.1751  7.9963e-15  1.1760e-15  6.7161e-15
1235.3990   -828.11    1.4011    0.1895  9.4100e-15  1.2728e-15  6.7163e-15
1235.4289   -820.87    0.9900    0.1600  6.6490e-15  1.0746e-15  6.7165e-15
1235.4588   -813.63    0.9754    0.1589  6.5514e-15  1.0670e-15  6.7166e-15
1235.4888   -806.40    1.0846    0.1673  7.2849e-15  1.1239e-15  6.7168e-15
1235.5187   -799.16    0.9796    0.1593  6.5796e-15  1.0699e-15  6.7170e-15
1235.5486   -791.92    0.8568    0.1493  5.7553e-15  1.0028e-15  6.7171e-15
1235.5785   -784.68    0.7350    0.1387  4.9375e-15  9.3166e-16  6.7173e-15
1235.6084   -777.44    0.9209    0.1546  6.1863e-15  1.0384e-15  6.7175e-15
1235.6383   -770.21    0.6173    0.1429  4.1470e-15  9.6006e-16  6.7176e-15
1235.6682   -762.97    1.0509    0.2215  7.0598e-15  1.4879e-15  6.7178e-15
1235.6981   -755.73    0.8770    0.2026  5.8914e-15  1.3611e-15  6.7180e-15
1235.7280   -748.49    1.0711    0.1977  7.1955e-15  1.3285e-15  6.7181e-15
1235.7579   -741.25    0.9023    0.1408  6.0617e-15  9.4599e-16  6.7183e-15
1235.7879   -734.01    1.0049    0.1463  6.7515e-15  9.8306e-16  6.7185e-15
1235.8178   -726.78    0.9823    0.1473  6.5995e-15  9.8969e-16  6.7186e-15
1235.8477   -719.54    1.2495    0.1655  8.3948e-15  1.1117e-15  6.7188e-15
1235.8776   -712.30    1.0921    0.1517  7.3376e-15  1.0194e-15  6.7189e-15
1235.9075   -705.06    0.8593    0.1405  5.7736e-15  9.4413e-16  6.7191e-15
1235.9374   -697.82    0.9334    0.1478  6.2716e-15  9.9341e-16  6.7193e-15
1235.9673   -690.59    1.0925    0.1533  7.3408e-15  1.0302e-15  6.7194e-15
1235.9972   -683.35    0.8983    0.1411  6.0362e-15  9.4783e-16  6.7196e-15
1236.0271   -676.11    0.9509    0.1457  6.3897e-15  9.7907e-16  6.7197e-15
1236.0570   -668.87    0.8937    0.1421  6.0058e-15  9.5489e-16  6.7199e-15
1236.0870   -661.63    0.9185    0.1415  6.1726e-15  9.5115e-16  6.7200e-15
1236.1169   -654.39    1.0362    0.1511  6.9634e-15  1.0157e-15  6.7202e-15
1236.1468   -647.16    0.9631    0.1489  6.4722e-15  1.0006e-15  6.7203e-15
1236.1767   -639.92    1.0204    0.1499  6.8574e-15  1.0076e-15  6.7205e-15
1236.2066   -632.68    0.9245    0.1279  6.2129e-15  8.5931e-16  6.7206e-15
1236.2365   -625.44    1.0398    0.1321  6.9882e-15  8.8813e-16  6.7208e-15
1236.2664   -618.20    0.9706    0.1170  6.5233e-15  7.8661e-16  6.7209e-15
1236.2963   -610.97    1.0369    0.1142  6.9688e-15  7.6785e-16  6.7210e-15
1236.3262   -603.73    1.0089    0.1127  6.7813e-15  7.5752e-16  6.7212e-15
1236.3561   -596.49    1.0343    0.1140  6.9522e-15  7.6641e-16  6.7213e-15
1236.3861   -589.25    0.9870    0.1115  6.6341e-15  7.4938e-16  6.7215e-15
1236.4160   -582.01    1.0683    0.1159  7.1808e-15  7.7886e-16  6.7216e-15
1236.4459   -574.77    0.9549    0.1097  6.4187e-15  7.3724e-16  6.7217e-15
1236.4758   -567.54    0.9255    0.1080  6.2211e-15  7.2576e-16  6.7219e-15
1236.5057   -560.30    0.8597    0.1042  5.7788e-15  7.0071e-16  6.7220e-15
1236.5356   -553.06    0.9959    0.1120  6.6946e-15  7.5282e-16  6.7221e-15
1236.5655   -545.82    0.9930    0.1118  6.6755e-15  7.5139e-16  6.7223e-15
1236.5954   -538.58    1.0001    0.1122  6.7231e-15  7.5412e-16  6.7224e-15
1236.6253   -531.35    1.0035    0.1123  6.7462e-15  7.5518e-16  6.7225e-15
1236.6552   -524.11    0.8921    0.1061  5.9970e-15  7.1296e-16  6.7227e-15
1236.6852   -516.87    0.9926    0.1117  6.6729e-15  7.5111e-16  6.7228e-15
1236.7151   -509.63    0.9759    0.1108  6.5612e-15  7.4482e-16  6.7229e-15
1236.7450   -502.39    0.9307    0.1082  6.2573e-15  7.2773e-16  6.7231e-15
1236.7749   -495.16    1.0155    0.1130  6.8271e-15  7.5948e-16  6.7232e-15
1236.8048   -487.92    0.7500    0.0974  5.0421e-15  6.5484e-16  6.7233e-15
1236.8347   -480.68    0.9667    0.1103  6.4995e-15  7.4140e-16  6.7234e-15
1236.8646   -473.44    0.8367    0.1027  5.6257e-15  6.9056e-16  6.7235e-15
1236.8945   -466.20    0.9637    0.1101  6.4797e-15  7.4007e-16  6.7237e-15
1236.9244   -458.96    0.9943    0.1117  6.6858e-15  7.5133e-16  6.7238e-15
1236.9543   -451.73    1.0938    0.1171  7.3544e-15  7.8726e-16  6.7239e-15
1236.9843   -444.49    0.9284    0.1080  6.2423e-15  7.2645e-16  6.7240e-15
1237.0142   -437.25    0.9121    0.1071  6.1334e-15  7.2012e-16  6.7241e-15
1237.0441   -430.01    1.0299    0.1136  6.9254e-15  7.6405e-16  6.7242e-15
1237.0740   -422.77    0.8834    0.1054  5.9404e-15  7.0903e-16  6.7243e-15
1237.1039   -415.54    1.0002    0.1120  6.7257e-15  7.5333e-16  6.7245e-15
1237.1338   -408.30    1.1343    0.1191  7.6276e-15  8.0099e-16  6.7246e-15
1237.1637   -401.06    0.9249    0.1078  6.2197e-15  7.2471e-16  6.7247e-15
1237.1936   -393.82    0.9810    0.1109  6.5970e-15  7.4584e-16  6.7248e-15
1237.2235   -386.58    0.9581    0.1097  6.4433e-15  7.3755e-16  6.7249e-15
1237.2534   -379.34    1.0646    0.1154  7.1592e-15  7.7635e-16  6.7250e-15
1237.2834   -372.11    1.1427    0.1196  7.6849e-15  8.0401e-16  6.7251e-15
1237.3133   -364.87    1.0270    0.1134  6.9067e-15  7.6277e-16  6.7252e-15
1237.3432   -357.63    1.2341    0.1241  8.2994e-15  8.3447e-16  6.7253e-15
1237.3731   -350.39    1.0424    0.1143  7.0109e-15  7.6852e-16  6.7254e-15
1237.4030   -343.15    1.2275    0.1238  8.2554e-15  8.3274e-16  6.7255e-15
1237.4329   -335.92    1.0677    0.1156  7.1809e-15  7.7740e-16  6.7256e-15
1237.4628   -328.68    0.8651    0.1042  5.8185e-15  7.0111e-16  6.7257e-15
1237.4927   -321.44    0.9001    0.1063  6.0540e-15  7.1464e-16  6.7258e-15
1237.5226   -314.20    1.0204    0.1130  6.8631e-15  7.5992e-16  6.7259e-15
1237.5525   -306.96    0.9483    0.1089  6.3781e-15  7.3251e-16  6.7259e-15
1237.5825   -299.72    1.0390    0.1140  6.9883e-15  7.6648e-16  6.7260e-15
1237.6124   -292.49    0.9661    0.1099  6.4983e-15  7.3946e-16  6.7261e-15
1237.6423   -285.25    0.9474    0.1089  6.3724e-15  7.3272e-16  6.7262e-15
1237.6722   -278.01    1.1689    0.1208  7.8621e-15  8.1237e-16  6.7263e-15
1237.7021   -270.77    0.9330    0.1081  6.2758e-15  7.2731e-16  6.7264e-15
1237.7320   -263.53    0.9505    0.1091  6.3935e-15  7.3396e-16  6.7264e-15
1237.7619   -256.30    0.7998    0.1003  5.3799e-15  6.7494e-16  6.7265e-15
1237.7918   -249.06    1.0651    0.1154  7.1644e-15  7.7642e-16  6.7266e-15
1237.8217   -241.82    0.8665    0.1044  5.8290e-15  7.0207e-16  6.7267e-15
1237.8516   -234.58    0.9315    0.1081  6.2663e-15  7.2692e-16  6.7268e-15
1237.8816   -227.34    0.9503    0.1091  6.3927e-15  7.3364e-16  6.7268e-15
1237.9115   -220.10    1.0473    0.1144  7.0453e-15  7.6984e-16  6.7269e-15
1237.9414   -212.87    0.9718    0.1103  6.5373e-15  7.4205e-16  6.7270e-15
1237.9713   -205.63    1.0394    0.1141  6.9922e-15  7.6723e-16  6.7270e-15
1238.0012   -198.39    0.8858    0.1055  5.9586e-15  7.0976e-16  6.7271e-15
1238.0311   -191.15    0.9210    0.1075  6.1956e-15  7.2318e-16  6.7272e-15
1238.0610   -183.91    0.9860    0.1112  6.6334e-15  7.4802e-16  6.7272e-15
1238.0909   -176.68    1.0294    0.1135  6.9253e-15  7.6355e-16  6.7273e-15
1238.1208   -169.44    0.9707    0.1104  6.5300e-15  7.4247e-16  6.7274e-15
1238.1507   -162.20    0.9551    0.1095  6.4255e-15  7.3642e-16  6.7274e-15
1238.1807   -154.96    0.9873    0.1112  6.6423e-15  7.4830e-16  6.7275e-15
1238.2106   -147.72    0.9658    0.1100  6.4974e-15  7.4005e-16  6.7275e-15
1238.2405   -140.48    0.9965    0.1117  6.7044e-15  7.5167e-16  6.7276e-15
1238.2704   -133.25    1.0284    0.1135  6.9189e-15  7.6332e-16  6.7276e-15
1238.3003   -126.01    1.0968    0.1171  7.3788e-15  7.8757e-16  6.7277e-15
1238.3302   -118.77    0.8497    0.1034  5.7165e-15  6.9535e-16  6.7278e-15
1238.3601   -111.53    0.9188    0.1074  6.1812e-15  7.2238e-16  6.7278e-15
1238.3900   -104.29    0.9808    0.1108  6.5990e-15  7.4571e-16  6.7278e-15
1238.4199    -97.06    0.8890    0.1056  5.9814e-15  7.1078e-16  6.7279e-15
1238.4498    -89.82    0.9718    0.1104  6.5381e-15  7.4244e-16  6.7279e-15
1238.4798    -82.58    0.8893    0.1056  5.9829e-15  7.1074e-16  6.7280e-15
1238.5097    -75.34    0.9193    0.1074  6.1850e-15  7.2241e-16  6.7280e-15
1238.5396    -68.10    1.0950    0.1170  7.3670e-15  7.8687e-16  6.7281e-15
1238.5695    -60.87    0.8181    0.1014  5.5039e-15  6.8247e-16  6.7281e-15
1238.5994    -53.63    0.8335    0.1023  5.6079e-15  6.8850e-16  6.7281e-15
1238.6293    -46.39    0.9715    0.1103  6.5365e-15  7.4206e-16  6.7282e-15
1238.6592    -39.15    0.8065    0.1006  5.4261e-15  6.7693e-16  6.7282e-15
1238.6891    -31.91    0.8347    0.1023  5.6161e-15  6.8817e-16  6.7282e-15
1238.7190    -24.67    0.9367    0.1082  6.3024e-15  7.2815e-16  6.7283e-15
1238.7489    -17.44    0.9785    0.1106  6.5836e-15  7.4394e-16  6.7283e-15
1238.7789    -10.20    0.8797    0.1049  5.9190e-15  7.0561e-16  6.7283e-15
1238.8088     -2.96    0.8544    0.1034  5.7487e-15  6.9559e-16  6.7283e-15
1238.8387      4.28    0.8290    0.1018  5.5776e-15  6.8513e-16  6.7284e-15
1238.8686     11.52    0.7619    0.0978  5.1267e-15  6.5785e-16  6.7284e-15
1238.8985     18.75    1.0101    0.1123  6.7961e-15  7.5531e-16  6.7284e-15
1238.9284     25.99    0.9186    0.1071  6.1808e-15  7.2058e-16  6.7284e-15
1238.9583     33.23    0.8796    0.1048  5.9180e-15  7.0481e-16  6.7284e-15
1238.9882     40.47    0.6610    0.0911  4.4474e-15  6.1312e-16  6.7284e-15
1239.0181     47.71    0.8075    0.1004  5.4336e-15  6.7585e-16  6.7285e-15
1239.0480     54.95    0.8963    0.1057  6.0306e-15  7.1135e-16  6.7285e-15
1239.0780     62.18    0.9507    0.1088  6.3971e-15  7.3195e-16  6.7285e-15
1239.1079     69.42    0.9354    0.1079  6.2937e-15  7.2619e-16  6.7285e-15
1239.1378     76.66    0.8657    0.1039  5.8246e-15  6.9913e-16  6.7285e-15
1239.1677     83.90    0.9538    0.1089  6.4175e-15  7.3294e-16  6.7285e-15
1239.1976     91.14    0.9441    0.1084  6.3521e-15  7.2905e-16  6.7285e-15
1239.2275     98.37    0.6921    0.0931  4.6565e-15  6.2674e-16  6.7285e-15
1239.2574    105.61    0.9115    0.1066  6.1331e-15  7.1706e-16  6.7285e-15
1239.2873    112.85    0.9561    0.1091  6.4331e-15  7.3376e-16  6.7285e-15
1239.3172    120.09    0.8904    0.1053  5.9911e-15  7.0818e-16  6.7285e-15
1239.3471    127.33    1.0306    0.1131  6.9347e-15  7.6131e-16  6.7285e-15
1239.3771    134.57    1.0389    0.1136  6.9901e-15  7.6449e-16  6.7285e-15
1239.4070    141.80    0.8004    0.1000  5.3852e-15  6.7275e-16  6.7285e-15
1239.4369    149.04    0.7979    0.0998  5.3688e-15  6.7151e-16  6.7285e-15
1239.4668    156.28    0.9094    0.1064  6.1188e-15  7.1573e-16  6.7284e-15
1239.4967    163.52    0.9268    0.1073  6.2357e-15  7.2211e-16  6.7284e-15
1239.5266    170.76    0.8895    0.1053  5.9847e-15  7.0838e-16  6.7284e-15
1239.5565    177.99    0.9436    0.1083  6.3486e-15  7.2878e-16  6.7284e-15
1239.5864    185.23    0.9263    0.1074  6.2324e-15  7.2233e-16  6.7284e-15
1239.6163    192.47    0.9244    0.1073  6.2198e-15  7.2163e-16  6.7283e-15
1239.6462    199.71    0.9519    0.1088  6.4047e-15  7.3197e-16  6.7283e-15
1239.6762    206.95    0.9206    0.1071  6.1942e-15  7.2037e-16  6.7283e-15
1239.7061    214.19    1.1296    0.1183  7.6001e-15  7.9620e-16  6.7283e-15
1239.7360    221.42    0.9556    0.1090  6.4295e-15  7.3353e-16  6.7282e-15
1239.7659    228.66    1.1889    0.1214  7.9993e-15  8.1663e-16  6.7282e-15
1239.7958    235.90    0.8362    0.1021  5.6261e-15  6.8704e-16  6.7282e-15
1239.8257    243.14    1.0591    0.1147  7.1257e-15  7.7157e-16  6.7281e-15
1239.8556    250.38    0.9151    0.1068  6.1572e-15  7.1856e-16  6.7281e-15
1239.8855    257.61    0.8574    0.1034  5.7690e-15  6.9589e-16  6.7280e-15
1239.9154    264.85    0.8296    0.1017  5.5815e-15  6.8444e-16  6.7280e-15
1239.9453    272.09    0.7492    0.0968  5.0403e-15  6.5122e-16  6.7280e-15
1239.9753    279.33    0.7147    0.0946  4.8086e-15  6.3642e-16  6.7279e-15
1240.0052    286.57    0.9150    0.1068  6.1560e-15  7.1831e-16  6.7279e-15
1240.0351    293.81    0.9173    0.1069  6.1715e-15  7.1887e-16  6.7278e-15
1240.0650    301.04    1.0486    0.1141  7.0549e-15  7.6753e-16  6.7278e-15
1240.0949    308.28    1.0277    0.1130  6.9138e-15  7.5996e-16  6.7277e-15
1240.1248    315.52    0.9405    0.1081  6.3276e-15  7.2730e-16  6.7277e-15
1240.1547    322.76    0.9849    0.1106  6.6258e-15  7.4391e-16  6.7276e-15
1240.1846    330.00    0.9019    0.1059  6.0676e-15  7.1254e-16  6.7275e-15
1240.2145    337.23    0.9443    0.1084  6.3525e-15  7.2920e-16  6.7275e-15
1240.2444    344.47    0.9206    0.1070  6.1929e-15  7.1978e-16  6.7274e-15
1240.2744    351.71    1.1262    0.1181  7.5762e-15  7.9432e-16  6.7273e-15
1240.3043    358.95    0.8349    0.1020  5.6169e-15  6.8617e-16  6.7273e-15
1240.3342    366.19    0.9911    0.1109  6.6675e-15  7.4612e-16  6.7272e-15
1240.3641    373.42    0.9361    0.1078  6.2972e-15  7.2538e-16  6.7271e-15
1240.3940    380.66    1.0129    0.1121  6.8142e-15  7.5406e-16  6.7271e-15
1240.4239    387.90    0.9183    0.1068  6.1772e-15  7.1871e-16  6.7270e-15
1240.4538    395.14    0.8002    0.0999  5.3825e-15  6.7189e-16  6.7269e-15
1240.4837    402.38    0.8827    0.1049  5.9381e-15  7.0536e-16  6.7268e-15
1240.5136    409.62    0.8547    0.1032  5.7494e-15  6.9390e-16  6.7267e-15
1240.5435    416.85    0.9242    0.1071  6.2169e-15  7.2072e-16  6.7267e-15
1240.5735    424.09    1.0388    0.1135  6.9876e-15  7.6325e-16  6.7266e-15
1240.6034    431.33    1.1076    0.1171  7.4500e-15  7.8795e-16  6.7265e-15
1240.6333    438.57    0.8745    0.1043  5.8823e-15  7.0170e-16  6.7264e-15
1240.6632    445.81    0.8945    0.1055  6.0169e-15  7.0942e-16  6.7263e-15
1240.6931    453.04    1.0303    0.1131  6.9301e-15  7.6049e-16  6.7262e-15
1240.7230    460.28    1.0497    0.1140  7.0602e-15  7.6707e-16  6.7261e-15
1240.7529    467.52    1.0268    0.1128  6.9062e-15  7.5896e-16  6.7260e-15
1240.7828    474.76    0.9443    0.1084  6.3513e-15  7.2880e-16  6.7259e-15
1240.8127    482.00    0.9820    0.1104  6.6046e-15  7.4276e-16  6.7258e-15
1240.8426    489.24    0.8242    0.1014  5.5433e-15  6.8191e-16  6.7257e-15
1240.8726    496.47    0.7661    0.0978  5.1528e-15  6.5761e-16  6.7256e-15
1240.9025    503.71    0.9231    0.1071  6.2081e-15  7.2022e-16  6.7255e-15
1240.9324    510.95    0.9116    0.1064  6.1311e-15  7.1590e-16  6.7254e-15
1240.9623    518.19    0.9563    0.1089  6.4315e-15  7.3267e-16  6.7253e-15
1240.9922    525.43    0.9769    0.1101  6.5696e-15  7.4022e-16  6.7252e-15
1241.0221    532.66    0.9996    0.1114  6.7226e-15  7.4899e-16  6.7250e-15
1241.0520    539.90    0.8625    0.1036  5.8005e-15  6.9687e-16  6.7249e-15
1241.0819    547.14    1.0206    0.1125  6.8633e-15  7.5657e-16  6.7248e-15
1241.1118    554.38    1.0260    0.1127  6.8995e-15  7.5807e-16  6.7247e-15
1241.1417    561.62    0.8869    0.1050  5.9639e-15  7.0615e-16  6.7245e-15
1241.1717    568.86    1.0046    0.1116  6.7555e-15  7.5034e-16  6.7244e-15
1241.2016    576.09    0.9319    0.1076  6.2663e-15  7.2336e-16  6.7243e-15
1241.2315    583.33    0.9502    0.1086  6.3895e-15  7.3000e-16  6.7242e-15
1241.2614    590.57    0.8979    0.1056  6.0374e-15  7.1007e-16  6.7240e-15
1241.2913    597.81    0.9926    0.1109  6.6742e-15  7.4569e-16  6.7239e-15
1241.3212    605.05    1.1276    0.1181  7.5818e-15  7.9384e-16  6.7237e-15
1241.3511    612.28    0.9102    0.1063  6.1195e-15  7.1476e-16  6.7236e-15
1241.3810    619.52    0.7971    0.0996  5.3593e-15  6.6961e-16  6.7235e-15
1241.4109    626.76    0.9312    0.1074  6.2609e-15  7.2225e-16  6.7233e-15
1241.4408    634.00    0.8249    0.1012  5.5458e-15  6.8039e-16  6.7232e-15
1241.4708    641.24    0.7338    0.0957  4.9334e-15  6.4306e-16  6.7230e-15
1241.5007    648.48    0.8772    0.1043  5.8973e-15  7.0099e-16  6.7229e-15
1241.5306    655.71    0.8989    0.1056  6.0432e-15  7.0971e-16  6.7227e-15
1241.5605    662.95    0.8066    0.1001  5.4227e-15  6.7270e-16  6.7225e-15
1241.5904    670.19    0.9293    0.1072  6.2470e-15  7.2096e-16  6.7224e-15
1241.6203    677.43    0.8832    0.1046  5.9372e-15  7.0335e-16  6.7222e-15
1241.6502    684.67    1.0009    0.1112  6.7279e-15  7.4760e-16  6.7221e-15
1241.6801    691.90    0.8837    0.1046  5.9400e-15  7.0285e-16  6.7219e-15
1241.7100    699.14    0.9851    0.1103  6.6215e-15  7.4165e-16  6.7217e-15
1241.7399    706.38    0.9008    0.1056  6.0547e-15  7.0975e-16  6.7216e-15
1241.7699    713.62    0.9377    0.1077  6.3028e-15  7.2378e-16  6.7214e-15
1241.7998    720.86    0.9372    0.1077  6.2992e-15  7.2355e-16  6.7212e-15
1241.8297    728.10    0.8624    0.1033  5.7960e-15  6.9448e-16  6.7210e-15
1241.8596    735.33    0.9569    0.1087  6.4314e-15  7.3082e-16  6.7208e-15
1241.8895    742.57    1.0501    0.1295  7.0570e-15  8.7017e-16  6.7207e-15
1241.9194    749.81    0.9754    0.1464  6.5551e-15  9.8408e-16  6.7205e-15
1241.9493    757.05    1.0269    0.1518  6.9008e-15  1.0199e-15  6.7203e-15
1241.9792    764.29    0.9647    0.1459  6.4831e-15  9.8034e-16  6.7201e-15
1242.0091    771.52    1.1597    0.1601  7.7932e-15  1.0758e-15  6.7199e-15
1242.0390    778.76    1.0778    0.1564  7.2425e-15  1.0507e-15  6.7197e-15
1242.0690    786.00    0.9004    0.1434  6.0501e-15  9.6387e-16  6.7195e-15
1242.0989    793.24    0.9135    0.1485  6.1383e-15  9.9772e-16  6.7193e-15
1242.1288    800.48    0.9788    0.1496  6.5767e-15  1.0050e-15  6.7191e-15
1242.1587    807.71    1.0701    0.1572  7.1896e-15  1.0564e-15  6.7189e-15
1242.1886    814.95    1.1789    0.1604  7.9206e-15  1.0776e-15  6.7187e-15
1242.2185    822.19    0.9097    0.1432  6.1118e-15  9.6234e-16  6.7185e-15
1242.2484    829.43    0.8754    0.1388  5.8813e-15  9.3231e-16  6.7183e-15
1242.2783    836.67    1.0744    0.1533  7.2176e-15  1.0301e-15  6.7181e-15
1242.3082    843.91    1.1286    0.1569  7.5819e-15  1.0540e-15  6.7179e-15
1242.3381    851.14    1.0696    0.1561  7.1854e-15  1.0489e-15  6.7176e-15
1242.3681    858.38    0.9190    0.1435  6.1731e-15  9.6423e-16  6.7174e-15
1242.3980    865.62    0.9457    0.1389  6.3527e-15  9.3270e-16  6.7172e-15
1242.4279    872.86    0.8568    0.1383  5.7552e-15  9.2866e-16  6.7170e-15
1242.4578    880.10    0.9120    0.1432  6.1259e-15  9.6169e-16  6.7167e-15
1242.4877    887.33    0.9714    0.1441  6.5244e-15  9.6790e-16  6.7165e-15
1242.5176    894.57    1.0043    0.1493  6.7455e-15  1.0026e-15  6.7163e-15
1242.5475    901.81    1.0235    0.1502  6.8739e-15  1.0087e-15  6.7160e-15
1242.5774    909.05    1.0113    0.1502  6.7917e-15  1.0084e-15  6.7158e-15
1242.6073    916.29    0.9951    0.1456  6.6827e-15  9.7785e-16  6.7156e-15
1242.6372    923.53    0.9665    0.1481  6.4900e-15  9.9466e-16  6.7153e-15
1242.6672    930.76    1.0653    0.1535  7.1539e-15  1.0309e-15  6.7151e-15
1242.6971    938.00    0.7808    0.1320  5.2430e-15  8.8658e-16  6.7148e-15
1242.7270    945.24    0.9646    0.1468  6.4769e-15  9.8538e-16  6.7146e-15
1242.7569    952.48    0.8596    0.1386  5.7720e-15  9.3090e-16  6.7143e-15
1242.7868    959.72    0.9166    0.1406  6.1543e-15  9.4382e-16  6.7141e-15
1242.8167    966.95    0.8549    0.1386  5.7396e-15  9.3021e-16  6.7138e-15
1242.8466    974.19    1.0018    0.1530  6.7254e-15  1.0272e-15  6.7135e-15
1242.8765    981.43    0.9549    0.1429  6.4106e-15  9.5960e-16  6.7133e-15
1242.9064    988.67    0.9007    0.1415  6.0466e-15  9.4961e-16  6.7130e-15
1242.9363    995.91    1.0802    0.1496  7.2509e-15  1.0044e-15  6.7127e-15
1242.9663   1003.15    0.9296    0.1463  6.2399e-15  9.8177e-16  6.7125e-15
1242.9962   1010.38    0.9414    0.1461  6.3189e-15  9.8071e-16  6.7122e-15
1243.0261   1017.62    0.9643    0.1467  6.4720e-15  9.8445e-16  6.7119e-15
1243.0560   1024.86    0.8589    0.1366  5.7649e-15  9.1675e-16  6.7116e-15
1243.0859   1032.10    0.9278    0.1444  6.2268e-15  9.6940e-16  6.7114e-15
1243.1158   1039.34    0.9388    0.1450  6.3002e-15  9.7311e-16  6.7111e-15
1243.1457   1046.57    0.8324    0.1371  5.5858e-15  9.1997e-16  6.7108e-15
1243.1756   1053.81    0.9224    0.1444  6.1897e-15  9.6874e-16  6.7105e-15
1243.2055   1061.05    1.0453    0.1528  7.0140e-15  1.0256e-15  6.7102e-15
1243.2354   1068.29    0.9724    0.1441  6.5250e-15  9.6711e-16  6.7099e-15
1243.2654   1075.53    0.8990    0.1384  6.0321e-15  9.2881e-16  6.7096e-15
1243.2953   1082.77    0.9944    0.1503  6.6715e-15  1.0085e-15  6.7093e-15
1243.3252   1090.00    0.9278    0.1403  6.2249e-15  9.4136e-16  6.7090e-15
1243.3551   1097.24    1.0180    0.1458  6.8297e-15  9.7813e-16  6.7087e-15
1243.3850   1104.48    1.1051    0.1544  7.4134e-15  1.0356e-15  6.7084e-15
1243.4149   1111.72    1.0291    0.1467  6.9033e-15  9.8402e-16  6.7081e-15
1243.4448   1118.96    1.0168    0.1444  6.8205e-15  9.6868e-16  6.7078e-15
1243.4747   1126.19    0.9390    0.1480  6.2983e-15  9.9291e-16  6.7075e-15
1243.5046   1133.43    0.9355    0.1442  6.2748e-15  9.6725e-16  6.7071e-15
1243.5345   1140.67    0.9317    0.1471  6.2486e-15  9.8655e-16  6.7068e-15
1243.5645   1147.91    1.1765    0.1610  7.8899e-15  1.0795e-15  6.7065e-15
1243.5944   1155.15    1.0805    0.1549  7.2463e-15  1.0387e-15  6.7062e-15
1243.6243   1162.39    0.9310    0.1417  6.2434e-15  9.5054e-16  6.7058e-15
1243.6542   1169.62    0.9953    0.1481  6.6743e-15  9.9302e-16  6.7055e-15
1243.6841   1176.86    0.8994    0.1393  6.0309e-15  9.3409e-16  6.7052e-15
1243.7140   1184.10    0.8476    0.1369  5.6828e-15  9.1803e-16  6.7048e-15
1243.7439   1191.34    0.9601    0.1428  6.4369e-15  9.5747e-16  6.7045e-15
1243.7738   1198.58    0.9725    0.1461  6.5195e-15  9.7954e-16  6.7042e-15
1243.8037   1205.81    1.0708    0.1531  7.1785e-15  1.0264e-15  6.7038e-15
1243.8336   1213.05    1.0420    0.1539  6.9851e-15  1.0320e-15  6.7035e-15
1243.8636   1220.29    0.8452    0.1364  5.6654e-15  9.1397e-16  6.7031e-15
1243.8935   1227.53    1.0757    0.1517  7.2100e-15  1.0168e-15  6.7028e-15
1243.9234   1234.77    1.1288    0.1576  7.5660e-15  1.0560e-15  6.7024e-15
1243.9533   1242.00    0.9359    0.1350  6.2722e-15  9.0479e-16  6.7020e-15
1243.9832   1249.24    0.9448    0.1078  6.3317e-15  7.2229e-16  6.7017e-15
1244.0131   1256.48    0.9530    0.1083  6.3866e-15  7.2575e-16  6.7013e-15
1244.0430   1263.72    1.1303    0.1178  7.5740e-15  7.8907e-16  6.7009e-15
1244.0729   1270.96    1.2201    0.1222  8.1756e-15  8.1901e-16  6.7006e-15
1244.1028   1278.20    0.9840    0.1128  6.5931e-15  7.5600e-16  6.7002e-15
1244.1327   1285.43    0.9822    0.1713  6.5807e-15  1.1478e-15  6.6998e-15
1244.1627   1292.67    1.1716    0.1962  7.8489e-15  1.3146e-15  6.6994e-15
1244.1926   1299.91    1.0200    0.2240  6.8331e-15  1.5004e-15  6.6991e-15
1244.2225   1307.15    1.0448    0.2268  6.9990e-15  1.5193e-15  6.6987e-15
1244.2524   1314.39    0.8687    0.2072  5.8189e-15  1.3882e-15  6.6983e-15
1244.2823   1321.62    0.8660    0.2069  5.8002e-15  1.3855e-15  6.6979e-15
1244.3122   1328.86    0.9265    0.2138  6.2050e-15  1.4317e-15  6.6975e-15
1244.3421   1336.10    1.1680    0.2394  7.8224e-15  1.6030e-15  6.6971e-15
1244.3720   1343.34    1.3769    0.1789  9.2207e-15  1.1983e-15  6.6967e-15
1244.4019   1350.58    1.0832    0.1540  7.2536e-15  1.0314e-15  6.6963e-15
1244.4318   1357.82    1.0616    0.1524  7.1087e-15  1.0202e-15  6.6959e-15
1244.4618   1365.05    1.0312    0.1479  6.9042e-15  9.9014e-16  6.6955e-15
1244.4917   1372.29    1.1092    0.1538  7.4262e-15  1.0294e-15  6.6951e-15
1244.5216   1379.53    1.0959    0.1536  7.3364e-15  1.0285e-15  6.6947e-15
1244.5515   1386.77    0.9231    0.1462  6.1797e-15  9.7893e-16  6.6942e-15
1244.5814   1394.01    0.8589    0.1381  5.7497e-15  9.2444e-16  6.6938e-15
1244.6113   1401.24    0.8824    0.1384  5.9065e-15  9.2636e-16  6.6934e-15
1244.6412   1408.48    0.8790    0.1382  5.8831e-15  9.2488e-16  6.6930e-15
1244.6711   1415.72    0.9814    0.1447  6.5682e-15  9.6842e-16  6.6926e-15
1244.7010   1422.96    0.9949    0.1465  6.6582e-15  9.8065e-16  6.6921e-15
1244.7309   1430.20    0.9748    0.1431  6.5232e-15  9.5778e-16  6.6917e-15
1244.7609   1437.44    0.9921    0.1446  6.6385e-15  9.6736e-16  6.6912e-15
1244.7908   1444.67    1.0309    0.1502  6.8974e-15  1.0049e-15  6.6908e-15
1244.8207   1451.91    1.0705    0.1462  7.1618e-15  9.7797e-16  6.6904e-15
1244.8506   1459.15    0.9654    0.1250  6.4585e-15  8.3650e-16  6.6899e-15
1244.8805   1466.39    0.8964    0.1121  5.9963e-15  7.4987e-16  6.6895e-15
1244.9104   1473.63    0.9069    0.1056  6.0663e-15  7.0611e-16  6.6890e-15
1244.9403   1480.86    1.0321    0.1126  6.9030e-15  7.5284e-16  6.6886e-15
1244.9702   1488.10    0.9876    0.1101  6.6049e-15  7.3651e-16  6.6881e-15
1245.0001   1495.34    0.9026    0.1054  6.0364e-15  7.0505e-16  6.6876e-15
1245.0300   1502.58    0.9871    0.1101  6.6011e-15  7.3605e-16  6.6872e-15
1245.0600   1509.82    0.9139    0.1060  6.1110e-15  7.0881e-16  6.6867e-15
1245.0899   1517.06    1.0051    0.1111  6.7206e-15  7.4277e-16  6.6862e-15
1245.1198   1524.29    1.0882    0.1155  7.2756e-15  7.7206e-16  6.6858e-15
1245.1497   1531.53    1.0001    0.1134  6.6858e-15  7.5842e-16  6.6853e-15
1245.1796   1538.77    0.8511    0.1161  5.6897e-15  7.7632e-16  6.6848e-15
1245.2095   1546.01    1.0426    0.1296  6.9694e-15  8.6652e-16  6.6843e-15
1245.2394   1553.25    0.8649    0.1361  5.7807e-15  9.0990e-16  6.6838e-15
1245.2693   1560.48    1.0056    0.1483  6.7205e-15  9.9143e-16  6.6834e-15
1245.2992   1567.72    0.9079    0.1363  6.0671e-15  9.1110e-16  6.6829e-15
1245.3291   1574.96    0.8408    0.1156  5.6183e-15  7.7249e-16  6.6824e-15
1245.3591   1582.20    1.0149    0.1139  6.7817e-15  7.6083e-16  6.6819e-15
1245.3890   1589.44    0.9575    0.1085  6.3977e-15  7.2480e-16  6.6814e-15
1245.4189   1596.68    0.9812    0.1097  6.5553e-15  7.3310e-16  6.6809e-15
1245.4488   1603.91    1.1013    0.1161  7.3568e-15  7.7580e-16  6.6804e-15
1245.4787   1611.15    0.9832    0.1098  6.5674e-15  7.3371e-16  6.6799e-15
1245.5086   1618.39    1.0415    0.1130  6.9567e-15  7.5495e-16  6.6793e-15
1245.5385   1625.63    1.0844    0.1153  7.2423e-15  7.6980e-16  6.6788e-15
1245.5684   1632.87    1.1451    0.1184  7.6472e-15  7.9097e-16  6.6783e-15
1245.5983   1640.10    0.9567    0.1085  6.3883e-15  7.2424e-16  6.6778e-15
1245.6282   1647.34    1.1083    0.1166  7.4006e-15  7.7842e-16  6.6773e-15
1245.6582   1654.58    1.0073    0.1112  6.7258e-15  7.4224e-16  6.6767e-15
1245.6881   1661.82    1.0962    0.1160  7.3187e-15  7.7411e-16  6.6762e-15
1245.7180   1669.06    0.9267    0.1068  6.1865e-15  7.1285e-16  6.6757e-15
1245.7479   1676.29    0.9689    0.1091  6.4677e-15  7.2844e-16  6.6751e-15
1245.7778   1683.53    1.0397    0.1129  6.9395e-15  7.5364e-16  6.6746e-15
1245.8077   1690.77    0.9323    0.1071  6.2219e-15  7.1494e-16  6.6740e-15
1245.8376   1698.01    0.8211    0.1006  5.4796e-15  6.7150e-16  6.6735e-15
1245.8675   1705.25    0.8445    0.1020  5.6352e-15  6.8089e-16  6.6729e-15
1245.8974   1712.49    1.0036    0.1110  6.6962e-15  7.4067e-16  6.6724e-15
1245.9273   1719.72    0.9201    0.1064  6.1390e-15  7.0994e-16  6.6718e-15
1245.9573   1726.96    1.0322    0.1126  6.8861e-15  7.5088e-16  6.6713e-15
1245.9872   1734.20    1.0100    0.1113  6.7373e-15  7.4257e-16  6.6707e-15
1246.0171   1741.44    0.9511    0.1081  6.3441e-15  7.2076e-16  6.6701e-15
1246.0470   1748.68    0.8850    0.1043  5.9024e-15  6.9573e-16  6.6696e-15
1246.0769   1755.91    0.8526    0.1025  5.6859e-15  6.8357e-16  6.6690e-15
1246.1068   1763.15    1.0284    0.1123  6.8576e-15  7.4897e-16  6.6684e-15
1246.1367   1770.39    1.0848    0.1152  7.2332e-15  7.6833e-16  6.6678e-15
1246.1666   1777.63    1.0599    0.1139  7.0667e-15  7.5940e-16  6.6673e-15
1246.1965   1784.87    1.0400    0.1129  6.9333e-15  7.5239e-16  6.6667e-15
1246.2264   1792.11    1.0012    0.1108  6.6739e-15  7.3892e-16  6.6661e-15
1246.2564   1799.34    1.2053    0.1214  8.0340e-15  8.0938e-16  6.6655e-15
1246.2863   1806.58    1.0798    0.1151  7.1967e-15  7.6709e-16  6.6649e-15
1246.3162   1813.82    1.1009    0.1162  7.3370e-15  7.7443e-16  6.6643e-15
1246.3461   1821.06    0.9035    0.1055  6.0209e-15  7.0326e-16  6.6637e-15
1246.3760   1828.30    1.0763    0.1149  7.1717e-15  7.6571e-16  6.6631e-15
1246.4059   1835.53    1.1439    0.1184  7.6215e-15  7.8900e-16  6.6625e-15
1246.4358   1842.77    0.8872    0.1045  5.9102e-15  6.9645e-16  6.6619e-15
1246.4657   1850.01    0.8989    0.1052  5.9878e-15  7.0080e-16  6.6612e-15
1246.4956   1857.25    0.8424    0.1020  5.6110e-15  6.7924e-16  6.6606e-15
1246.5255   1864.49    0.9201    0.1146  6.1276e-15  7.6329e-16  6.6600e-15
1246.5555   1871.73    0.8724    0.1190  5.8094e-15  7.9241e-16  6.6594e-15
1246.5854   1878.96    0.8896    0.1323  5.9234e-15  8.8122e-16  6.6587e-15
1246.6153   1886.20    1.0023    0.1520  6.6731e-15  1.0119e-15  6.6581e-15
1246.6452   1893.44    0.8279    0.1395  5.5118e-15  9.2840e-16  6.6575e-15
1246.6751   1900.68    1.0380    0.1515  6.9100e-15  1.0085e-15  6.6568e-15
1246.7050   1907.92    0.9885    0.1360  6.5795e-15  9.0502e-16  6.6562e-15
1246.7349   1915.15    1.0972    0.1289  7.3022e-15  8.5779e-16  6.6555e-15
1246.7648   1922.39    0.8375    0.1017  5.5736e-15  6.7656e-16  6.6549e-15
1246.7947   1929.63    1.1032    0.1163  7.3406e-15  7.7373e-16  6.6542e-15
1246.8246   1936.87    1.1117    0.1167  7.3969e-15  7.7648e-16  6.6536e-15
1246.8546   1944.11    1.0270    0.1122  6.8327e-15  7.4646e-16  6.6529e-15
1246.8845   1951.35    1.1238    0.1173  7.4756e-15  7.8041e-16  6.6523e-15
1246.9144   1958.58    1.1270    0.1175  7.4963e-15  7.8130e-16  6.6516e-15
1246.9443   1965.82    1.1131    0.1168  7.4031e-15  7.7665e-16  6.6509e-15
1246.9742   1973.06    0.9766    0.1116  6.4947e-15  7.4199e-16  6.6503e-15
1247.0041   1980.30    0.9742    0.1234  6.4780e-15  8.2041e-16  6.6496e-15
1247.0340   1987.54    1.0577    0.1347  7.0326e-15  8.9584e-16  6.6489e-15
1247.0639   1994.77    1.0247    0.1482  6.8124e-15  9.8508e-16  6.6482e-15
1247.0938   2002.01    1.2084    0.1619  8.0329e-15  1.0763e-15  6.6475e-15
1247.1237   2009.25    1.1227    0.1549  7.4624e-15  1.0299e-15  6.6468e-15
1247.1537   2016.49    0.9644    0.1434  6.4093e-15  9.5311e-16  6.6461e-15
1247.1836   2023.73    1.0546    0.1485  7.0086e-15  9.8684e-16  6.6454e-15
1247.2135   2030.97    1.0191    0.1437  6.7719e-15  9.5513e-16  6.6447e-15
1247.2434   2038.20    0.9104    0.1404  6.0489e-15  9.3268e-16  6.6440e-15
1247.2733   2045.44    0.9908    0.1510  6.5821e-15  1.0031e-15  6.6433e-15
1247.3032   2052.68    1.0868    0.1533  7.2195e-15  1.0185e-15  6.6426e-15
1247.3331   2059.92    0.9528    0.1430  6.3286e-15  9.5006e-16  6.6419e-15
1247.3630   2067.16    1.1184    0.1552  7.4275e-15  1.0310e-15  6.6412e-15
1247.3929   2074.39    0.8621    0.1365  5.7245e-15  9.0650e-16  6.6405e-15
1247.4228   2081.63    1.0524    0.1476  6.9878e-15  9.8007e-16  6.6397e-15
1247.4528   2088.87    0.9210    0.1426  6.1144e-15  9.4663e-16  6.6390e-15
1247.4827   2096.11    1.0879    0.1539  7.2220e-15  1.0218e-15  6.6383e-15
1247.5126   2103.35    1.1494    0.1580  7.6289e-15  1.0490e-15  6.6375e-15
1247.5425   2110.58    0.9113    0.1456  6.0478e-15  9.6614e-16  6.6368e-15
1247.5724   2117.82    0.9432    0.1454  6.2590e-15  9.6491e-16  6.6360e-15
1247.6023   2125.06    1.0537    0.1488  6.9919e-15  9.8750e-16  6.6353e-15
1247.6322   2132.30    0.8884    0.1394  5.8942e-15  9.2487e-16  6.6346e-15
1247.6621   2139.54    1.0207    0.1463  6.7708e-15  9.7024e-16  6.6338e-15
1247.6920   2146.78    0.9240    0.1423  6.1290e-15  9.4387e-16  6.6330e-15
1247.7219   2154.01    1.0775    0.1506  7.1464e-15  9.9901e-16  6.6323e-15
1247.7519   2161.25    0.9905    0.1440  6.5684e-15  9.5462e-16  6.6315e-15
1247.7818   2168.49    0.9042    0.1400  5.9957e-15  9.2860e-16  6.6307e-15
1247.8117   2175.73    1.2169    0.1579  8.0681e-15  1.0468e-15  6.6300e-15
1247.8416   2182.97    1.1560    0.1588  7.6633e-15  1.0527e-15  6.6292e-15
1247.8715   2190.20    1.0023    0.1488  6.6434e-15  9.8645e-16  6.6284e-15
1247.9014   2197.44    0.8883    0.1362  5.8874e-15  9.0292e-16  6.6277e-15
1247.9313   2204.68    0.9821    0.1461  6.5085e-15  9.6837e-16  6.6269e-15
1247.9612   2211.92    1.1480    0.1535  7.6065e-15  1.0169e-15  6.6261e-15
1247.9911   2219.16    0.9366    0.1411  6.2055e-15  9.3495e-16  6.6253e-15
1248.0210   2226.40    1.1157    0.1547  7.3907e-15  1.0245e-15  6.6245e-15
1248.0510   2233.63    1.0767    0.1491  7.1317e-15  9.8779e-16  6.6238e-15
1248.0809   2240.87    0.9684    0.1450  6.4140e-15  9.6059e-16  6.6230e-15
1248.1108   2248.11    0.9440    0.1471  6.2516e-15  9.7440e-16  6.6222e-15
1248.1407   2255.35    0.9390    0.1414  6.2176e-15  9.3599e-16  6.6214e-15
1248.1706   2262.59    0.9964    0.1465  6.5966e-15  9.6973e-16  6.6206e-15
1248.2005   2269.82    1.1226    0.1519  7.4312e-15  1.0056e-15  6.6198e-15
1248.2304   2277.06    1.0281    0.1485  6.8047e-15  9.8265e-16  6.6190e-15
1248.2603   2284.30    0.8836    0.1383  5.8475e-15  9.1500e-16  6.6182e-15
1248.2902   2291.54    1.0555    0.1497  6.9844e-15  9.9093e-16  6.6174e-15
1248.3201   2298.78    1.0045    0.1483  6.6467e-15  9.8092e-16  6.6166e-15
1248.3501   2306.02    0.9172    0.1435  6.0677e-15  9.4933e-16  6.6158e-15
1248.3800   2313.25    1.0789    0.1515  7.1372e-15  1.0021e-15  6.6150e-15
1248.4099   2320.49    1.0177    0.1493  6.7311e-15  9.8764e-16  6.6141e-15
1248.4398   2327.73    1.1106    0.1552  7.3446e-15  1.0267e-15  6.6133e-15
1248.4697   2334.97    1.0480    0.1470  6.9296e-15  9.7213e-16  6.6125e-15
1248.4996   2342.21    1.0302    0.1526  6.8116e-15  1.0089e-15  6.6117e-15
1248.5295   2349.44    0.7831    0.1312  5.1770e-15  8.6767e-16  6.6109e-15
1248.5594   2356.68    1.0161    0.1455  6.7164e-15  9.6188e-16  6.6100e-15
1248.5893   2363.92    0.9683    0.1472  6.4000e-15  9.7309e-16  6.6092e-15
1248.6192   2371.16    1.0028    0.1487  6.6267e-15  9.8285e-16  6.6084e-15
1248.6492   2378.40    1.0009    0.1502  6.6135e-15  9.9265e-16  6.6076e-15
1248.6791   2385.64    1.0488    0.1529  6.9293e-15  1.0105e-15  6.6067e-15
1248.7090   2392.87    0.8833    0.1424  5.8349e-15  9.4070e-16  6.6059e-15
1248.7389   2400.11    0.9423    0.1455  6.2239e-15  9.6124e-16  6.6051e-15
1248.7688   2407.35    0.9150    0.1411  6.0428e-15  9.3205e-16  6.6042e-15
1248.7987   2414.59    1.0226    0.1486  6.7526e-15  9.8124e-16  6.6034e-15
1248.8286   2421.83    1.0298    0.1484  6.7995e-15  9.7994e-16  6.6025e-15
1248.8585   2429.06    0.9583    0.1457  6.3263e-15  9.6167e-16  6.6017e-15
1248.8884   2436.30    0.9904    0.1438  6.5374e-15  9.4941e-16  6.6008e-15
1248.9183   2443.54    0.9352    0.1412  6.1722e-15  9.3175e-16  6.6000e-15
1248.9483   2450.78    1.0041    0.1487  6.6260e-15  9.8161e-16  6.5991e-15
1248.9782   2458.02    0.9668    0.1337  6.3790e-15  8.8250e-16  6.5983e-15
1249.0081   2465.25    0.9859    0.1242  6.5045e-15  8.1910e-16  6.5974e-15
1249.0380   2472.49    1.0072    0.1111  6.6441e-15  7.3315e-16  6.5966e-15
1249.0679   2479.73    1.0675    0.1144  7.0409e-15  7.5431e-16  6.5957e-15
1249.0978   2486.97    1.0713    0.1146  7.0653e-15  7.5571e-16  6.5949e-15
1249.1277   2494.21    1.0615    0.1141  6.9994e-15  7.5213e-16  6.5940e-15
1249.1576   2501.45    0.8944    0.1049  5.8972e-15  6.9167e-16  6.5931e-15
1249.1875   2508.68    0.6990    0.0930  4.6083e-15  6.1304e-16  6.5923e-15
1249.2174   2515.92    0.8820    0.1041  5.8139e-15  6.8643e-16  6.5914e-15
1249.2474   2523.16    0.9889    0.1102  6.5174e-15  7.2614e-16  6.5905e-15
1249.2773   2530.40    1.0763    0.1148  7.0927e-15  7.5680e-16  6.5896e-15
1249.3072   2537.64    1.0466    0.1133  6.8959e-15  7.4675e-16  6.5888e-15
1249.3371   2544.87    1.1068    0.1165  7.2916e-15  7.6758e-16  6.5879e-15
1249.3670   2552.11    0.9962    0.1106  6.5620e-15  7.2884e-16  6.5870e-15
1249.3969   2559.35    1.0994    0.1162  7.2407e-15  7.6499e-16  6.5861e-15
1249.4268   2566.59    0.8758    0.1039  5.7672e-15  6.8408e-16  6.5852e-15
1249.4567   2573.83    1.0207    0.1120  6.7208e-15  7.3743e-16  6.5844e-15
1249.4866   2581.07    0.9508    0.1082  6.2598e-15  7.1228e-16  6.5835e-15
1249.5165   2588.30    0.8365    0.1016  5.5061e-15  6.6895e-16  6.5826e-15
1249.5465   2595.54    0.7913    0.0989  5.2083e-15  6.5115e-16  6.5817e-15
1249.5764   2602.78    0.9303    0.1071  6.1224e-15  7.0459e-16  6.5808e-15
1249.6063   2610.02    1.0972    0.1161  7.2194e-15  7.6384e-16  6.5799e-15
1249.6362   2617.26    0.8563    0.1028  5.6333e-15  6.7623e-16  6.5790e-15
1249.6661   2624.49    0.9853    0.1101  6.4811e-15  7.2446e-16  6.5781e-15
1249.6960   2631.73    1.0288    0.1125  6.7669e-15  7.3968e-16  6.5772e-15
1249.7259   2638.97    1.0937    0.1159  7.1923e-15  7.6202e-16  6.5763e-15
1249.7558   2646.21    0.9777    0.1097  6.4289e-15  7.2144e-16  6.5754e-15
1249.7857   2653.45    1.0681    0.1146  7.0224e-15  7.5341e-16  6.5745e-15
1249.8156   2660.69    1.2292    0.1228  8.0804e-15  8.0701e-16  6.5736e-15
1249.8456   2667.92    0.9714    0.1094  6.3847e-15  7.1893e-16  6.5727e-15
1249.8755   2675.16    0.9727    0.1094  6.3925e-15  7.1925e-16  6.5718e-15
1249.9054   2682.40    0.9523    0.1083  6.2574e-15  7.1161e-16  6.5708e-15
1249.9353   2689.64    1.3118    0.1267  8.6184e-15  8.3230e-16  6.5699e-15
1249.9652   2696.88    1.0000    0.1110  6.5689e-15  7.2906e-16  6.5690e-15
1249.9951   2704.11    0.8333    0.1015  5.4730e-15  6.6648e-16  6.5681e-15
1250.0250   2711.35    0.8479    0.1023  5.5683e-15  6.7198e-16  6.5672e-15
1250.0549   2718.59    1.0901    0.1157  7.1577e-15  7.6001e-16  6.5662e-15
