# Wave  Vhel  NormFlux  NormErr      Flux        Error       Continuum
1181.6208  -2214.91    1.0314    0.1247  8.2970e-15  1.0029e-15  8.0443e-15
1181.6508  -2207.37    1.0188    0.1241  8.1988e-15  9.9864e-16  8.0474e-15
1181.6807  -2199.84    0.7541    0.1069  6.0708e-15  8.6046e-16  8.0506e-15
1181.7106  -2192.31    1.1791    0.1329  9.4963e-15  1.0700e-15  8.0537e-15
1181.7405  -2184.78    1.0778    0.1274  8.6838e-15  1.0266e-15  8.0569e-15
1181.7704  -2177.24    0.9237    0.1182  7.4448e-15  9.5299e-16  8.0601e-15
1181.8003  -2169.71    1.1103    0.1292  8.9523e-15  1.0420e-15  8.0632e-15
1181.8302  -2162.18    1.0534    0.1260  8.4969e-15  1.0164e-15  8.0664e-15
1181.8601  -2154.65    0.7696    0.1079  6.2107e-15  8.7032e-16  8.0696e-15
1181.8900  -2147.11    0.9101    0.1171  7.3468e-15  9.4554e-16  8.0728e-15
1181.9199  -2139.58    1.0543    0.1260  8.5144e-15  1.0178e-15  8.0760e-15
1181.9499  -2132.05    0.9745    0.1211  7.8727e-15  9.7867e-16  8.0791e-15
1181.9798  -2124.52    1.0698    0.1265  8.6463e-15  1.0223e-15  8.0823e-15
1182.0097  -2116.98    0.8821    0.1154  7.1320e-15  9.3313e-16  8.0855e-15
1182.0396  -2109.45    0.9200    0.1177  7.4420e-15  9.5170e-16  8.0887e-15
1182.0695  -2101.92    0.8904    0.1157  7.2049e-15  9.3639e-16  8.0919e-15
1182.0994  -2094.39    1.0805    0.1274  8.7469e-15  1.0314e-15  8.0951e-15
1182.1293  -2086.85    0.9271    0.1180  7.5082e-15  9.5599e-16  8.0983e-15
1182.1592  -2079.32    0.9529    0.1197  7.7200e-15  9.6996e-16  8.1015e-15
1182.1891  -2071.79    1.0218    0.1238  8.2815e-15  1.0034e-15  8.1047e-15
1182.2190  -2064.26    1.0616    0.1261  8.6072e-15  1.0221e-15  8.1079e-15
1182.2490  -2056.72    1.0879    0.1275  8.8239e-15  1.0344e-15  8.1112e-15
1182.2789  -2049.19    0.8546    0.1133  6.9349e-15  9.1953e-16  8.1144e-15
1182.3088  -2041.66    0.8647    0.1139  7.0190e-15  9.2465e-16  8.1176e-15
1182.3387  -2034.13    0.8774    0.1147  7.1248e-15  9.3172e-16  8.1208e-15
1182.3686  -2026.59    0.7424    0.1059  6.0316e-15  8.6030e-16  8.1240e-15
1182.3985  -2019.06    0.7793    0.1082  6.3334e-15  8.7939e-16  8.1273e-15
1182.4284  -2011.53    0.9280    0.1178  7.5448e-15  9.5804e-16  8.1305e-15
1182.4583  -2004.00    0.9984    0.1220  8.1203e-15  9.9248e-16  8.1337e-15
1182.4882  -1996.46    0.9159    0.1171  7.4523e-15  9.5285e-16  8.1370e-15
1182.5181  -1988.93    0.8585    0.1134  6.9880e-15  9.2317e-16  8.1402e-15
1182.5481  -1981.40    1.0111    0.1228  8.2336e-15  9.9997e-16  8.1434e-15
1182.5780  -1973.87    0.8772    0.1146  7.1460e-15  9.3357e-16  8.1467e-15
1182.6079  -1966.33    0.9889    0.1215  8.0598e-15  9.9044e-16  8.1499e-15
1182.6378  -1958.80    0.8090    0.1101  6.5960e-15  8.9762e-16  8.1532e-15
1182.6677  -1951.27    0.7858    0.1085  6.4089e-15  8.8497e-16  8.1564e-15
1182.6976  -1943.74    0.6269    0.0972  5.1150e-15  7.9348e-16  8.1597e-15
1182.7275  -1936.20    0.7397    0.1054  6.0380e-15  8.6015e-16  8.1629e-15
1182.7574  -1928.67    0.7601    0.1068  6.2069e-15  8.7190e-16  8.1662e-15
1182.7873  -1921.14    0.7345    0.1050  6.0001e-15  8.5793e-16  8.1694e-15
1182.8172  -1913.61    0.5724    0.0930  4.6777e-15  7.6014e-16  8.1727e-15
1182.8472  -1906.07    0.7341    0.1050  6.0022e-15  8.5808e-16  8.1760e-15
1182.8771  -1898.54    0.7349    0.1049  6.0113e-15  8.5812e-16  8.1792e-15
1182.9070  -1891.01    0.8234    0.1109  6.7372e-15  9.0746e-16  8.1825e-15
1182.9369  -1883.48    0.6177    0.0965  5.0562e-15  7.8972e-16  8.1858e-15
1182.9668  -1875.94    0.7994    0.1093  6.5462e-15  8.9470e-16  8.1890e-15
1182.9967  -1868.41    0.7620    0.1067  6.2422e-15  8.7402e-16  8.1923e-15
1183.0266  -1860.88    0.6014    0.0972  4.9289e-15  7.9702e-16  8.1956e-15
1183.0565  -1853.35    0.7379    0.1371  6.0498e-15  1.1243e-15  8.1989e-15
1183.0864  -1845.81    0.7991    0.1466  6.5543e-15  1.2022e-15  8.2022e-15
1183.1163  -1838.28    0.8559    0.1459  7.0228e-15  1.1973e-15  8.2054e-15
1183.1463  -1830.75    1.0397    0.1659  8.5347e-15  1.3619e-15  8.2087e-15
1183.1762  -1823.22    1.1044    0.1654  9.0696e-15  1.3585e-15  8.2120e-15
1183.2061  -1815.68    1.0098    0.1595  8.2958e-15  1.3106e-15  8.2153e-15
1183.2360  -1808.15    0.9631    0.1617  7.9156e-15  1.3287e-15  8.2186e-15
1183.2659  -1800.62    0.9018    0.1530  7.4141e-15  1.2576e-15  8.2219e-15
1183.2958  -1793.09    0.9724    0.1641  7.9983e-15  1.3502e-15  8.2252e-15
1183.3257  -1785.55    0.9790    0.1601  8.0560e-15  1.3175e-15  8.2285e-15
1183.3556  -1778.02    1.0202    0.1640  8.3977e-15  1.3504e-15  8.2318e-15
1183.3855  -1770.49    0.8954    0.1505  7.3740e-15  1.2393e-15  8.2351e-15
1183.4154  -1762.96    0.6997    0.1370  5.7646e-15  1.1286e-15  8.2384e-15
1183.4454  -1755.42    1.0334    0.1633  8.5167e-15  1.3461e-15  8.2417e-15
1183.4753  -1747.89    1.0450    0.1611  8.6160e-15  1.3285e-15  8.2451e-15
1183.5052  -1740.36    0.9558    0.1639  7.8842e-15  1.3522e-15  8.2484e-15
1183.5351  -1732.83    1.0254    0.1686  8.4610e-15  1.3914e-15  8.2517e-15
1183.5650  -1725.29    1.1736    0.1743  9.6885e-15  1.4390e-15  8.2550e-15
1183.5949  -1717.76    1.0194    0.1659  8.4188e-15  1.3699e-15  8.2583e-15
1183.6248  -1710.23    1.0966    0.1484  9.0600e-15  1.2259e-15  8.2617e-15
1183.6547  -1702.70    0.8776    0.1138  7.2531e-15  9.4063e-16  8.2650e-15
1183.6846  -1695.16    0.9183    0.1163  7.5924e-15  9.6199e-16  8.2683e-15
1183.7145  -1687.63    0.8996    0.1151  7.4415e-15  9.5219e-16  8.2716e-15
1183.7445  -1680.10    0.8146    0.1096  6.7406e-15  9.0676e-16  8.2750e-15
1183.7744  -1672.57    1.0234    0.1225  8.4721e-15  1.0141e-15  8.2783e-15
1183.8043  -1665.03    0.8701    0.1131  7.2056e-15  9.3660e-16  8.2816e-15
1183.8342  -1657.50    0.9120    0.1157  7.5562e-15  9.5885e-16  8.2850e-15
1183.8641  -1649.97    1.0047    0.1213  8.3273e-15  1.0056e-15  8.2883e-15
1183.8940  -1642.44    0.7043    0.1019  5.8394e-15  8.4492e-16  8.2917e-15
1183.9239  -1634.91    1.1669    0.1305  9.6795e-15  1.0828e-15  8.2950e-15
1183.9538  -1627.37    0.9808    0.1198  8.1387e-15  9.9420e-16  8.2984e-15
1183.9837  -1619.84    0.9544    0.1182  7.9229e-15  9.8153e-16  8.3017e-15
1184.0136  -1612.31    1.0399    0.1233  8.6361e-15  1.0236e-15  8.3051e-15
1184.0436  -1604.78    1.0420    0.1233  8.6571e-15  1.0248e-15  8.3084e-15
1184.0735  -1597.24    0.8022    0.1086  6.6677e-15  9.0246e-16  8.3118e-15
1184.1034  -1589.71    0.9183    0.1159  7.6354e-15  9.6406e-16  8.3151e-15
1184.1333  -1582.18    1.0739    0.1251  8.9336e-15  1.0410e-15  8.3185e-15
1184.1632  -1574.65    1.0098    0.1214  8.4033e-15  1.0101e-15  8.3219e-15
1184.1931  -1567.11    0.8906    0.1141  7.4144e-15  9.4978e-16  8.3252e-15
1184.2230  -1559.58    1.0384    0.1230  8.6483e-15  1.0241e-15  8.3286e-15
1184.2529  -1552.05    1.0394    0.1230  8.6598e-15  1.0247e-15  8.3320e-15
1184.2828  -1544.52    1.0527    0.1237  8.7749e-15  1.0310e-15  8.3353e-15
1184.3127  -1536.98    0.9409    0.1171  7.8463e-15  9.7661e-16  8.3387e-15
1184.3427  -1529.45    0.9767    0.1192  8.1479e-15  9.9442e-16  8.3421e-15
1184.3726  -1521.92    0.9083    0.1150  7.5803e-15  9.5985e-16  8.3455e-15
1184.4025  -1514.39    0.8525    0.1114  7.1178e-15  9.3046e-16  8.3488e-15
1184.4324  -1506.85    0.9803    0.1193  8.1873e-15  9.9638e-16  8.3522e-15
1184.4623  -1499.32    0.9630    0.1182  8.0464e-15  9.8782e-16  8.3556e-15
1184.4922  -1491.79    1.0584    0.1237  8.8472e-15  1.0339e-15  8.3590e-15
1184.5221  -1484.26    0.9712    0.1186  8.1213e-15  9.9138e-16  8.3624e-15
1184.5520  -1476.72    1.0800    0.1249  9.0348e-15  1.0448e-15  8.3657e-15
1184.5819  -1469.19    0.8285    0.1096  6.9340e-15  9.1751e-16  8.3691e-15
1184.6118  -1461.66    0.8790    0.1128  7.3598e-15  9.4455e-16  8.3725e-15
1184.6418  -1454.13    1.0642    0.1238  8.9133e-15  1.0373e-15  8.3759e-15
1184.6717  -1446.59    0.9664    0.1180  8.0979e-15  9.8899e-16  8.3793e-15
1184.7016  -1439.06    1.0015    0.1202  8.3952e-15  1.0074e-15  8.3827e-15
1184.7315  -1431.53    0.9864    0.1192  8.2718e-15  9.9995e-16  8.3861e-15
1184.7614  -1424.00    0.9743    0.1184  8.1739e-15  9.9373e-16  8.3895e-15
1184.7913  -1416.46    0.9454    0.1167  7.9344e-15  9.7970e-16  8.3929e-15
1184.8212  -1408.93    1.0269    0.1216  8.6225e-15  1.0213e-15  8.3963e-15
1184.8511  -1401.40    1.1272    0.1273  9.4678e-15  1.0689e-15  8.3997e-15
1184.8810  -1393.87    1.2552    0.1341  1.0548e-14  1.1270e-15  8.4031e-15
1184.9109  -1386.33    1.0441    0.1223  8.7775e-15  1.0283e-15  8.4065e-15
1184.9409  -1378.80    1.0351    0.1218  8.7055e-15  1.0240e-15  8.4099e-15
1184.9708  -1371.27    1.1940    0.1307  1.0045e-14  1.0997e-15  8.4134e-15
1185.0007  -1363.74    1.1698    0.1293  9.8457e-15  1.0887e-15  8.4168e-15
1185.0306  -1356.20    1.0549    0.1230  8.8828e-15  1.0355e-15  8.4202e-15
1185.0605  -1348.67    0.9657    0.1176  8.1349e-15  9.9093e-16  8.4236e-15
1185.0904  -1341.14    1.0342    0.1215  8.7151e-15  1.0242e-15  8.4270e-15
1185.1203  -1333.61    0.8697    0.1116  7.3320e-15  9.4065e-16  8.4305e-15
1185.1502  -1326.07    1.0218    0.1207  8.6179e-15  1.0183e-15  8.4339e-15
1185.1801  -1318.54    0.8325    0.1092  7.0238e-15  9.2148e-16  8.4373e-15
1185.2100  -1311.01    0.9008    0.1140  7.6033e-15  9.6236e-16  8.4407e-15
1185.2400  -1303.48    0.8477    0.1263  7.1583e-15  1.0665e-15  8.4442e-15
1185.2699  -1295.94    0.9696    0.1384  8.1904e-15  1.1688e-15  8.4476e-15
1185.2998  -1288.41    0.9751    0.1536  8.2408e-15  1.2984e-15  8.4510e-15
1185.3297  -1280.88    1.1968    0.1718  1.0118e-14  1.4524e-15  8.4544e-15
1185.3596  -1273.35    0.8599    0.1417  7.2733e-15  1.1985e-15  8.4579e-15
1185.3895  -1265.81    0.9019    0.1484  7.6316e-15  1.2555e-15  8.4613e-15
1185.4194  -1258.28    0.9319    0.1538  7.8879e-15  1.3015e-15  8.4647e-15
1185.4493  -1250.75    0.8663    0.1477  7.3359e-15  1.2507e-15  8.4682e-15
1185.4792  -1243.22    0.7649    0.1397  6.4800e-15  1.1835e-15  8.4716e-15
1185.5091  -1235.68    1.1088    0.1693  9.3975e-15  1.4345e-15  8.4751e-15
1185.5391  -1228.15    1.0451    0.1612  8.8605e-15  1.3665e-15  8.4785e-15
1185.5690  -1220.62    1.0503    0.1624  8.9086e-15  1.3773e-15  8.4820e-15
1185.5989  -1213.09    1.0962    0.1633  9.3021e-15  1.3857e-15  8.4854e-15
1185.6288  -1205.55    0.8093    0.1450  6.8697e-15  1.2305e-15  8.4889e-15
1185.6587  -1198.02    1.1582    0.1710  9.8358e-15  1.4521e-15  8.4923e-15
1185.6886  -1190.49    0.9286    0.1563  7.8888e-15  1.3283e-15  8.4958e-15
1185.7185  -1182.96    1.0047    0.1559  8.5390e-15  1.3251e-15  8.4992e-15
1185.7484  -1175.42    0.8923    0.1275  7.5867e-15  1.0840e-15  8.5027e-15
1185.7783  -1167.89    0.9080    0.1173  7.7238e-15  9.9786e-16  8.5061e-15
1185.8082  -1160.36    1.0913    0.1239  9.2869e-15  1.0541e-15  8.5096e-15
1185.8382  -1152.83    1.1495    0.1271  9.7853e-15  1.0823e-15  8.5130e-15
1185.8681  -1145.29    1.0487    0.1215  8.9316e-15  1.0344e-15  8.5165e-15
1185.8980  -1137.76    0.9769    0.1173  8.3230e-15  9.9954e-16  8.5199e-15
1185.9279  -1130.23    1.1889    0.1291  1.0133e-14  1.1004e-15  8.5234e-15
1185.9578  -1122.70    1.1033    0.1244  9.4079e-15  1.0604e-15  8.5269e-15
1185.9877  -1115.16    0.9458    0.1153  8.0679e-15  9.8342e-16  8.5303e-15
1186.0176  -1107.63    1.0517    0.1214  8.9746e-15  1.0357e-15  8.5338e-15
1186.0475  -1100.10    1.0144    0.1192  8.6604e-15  1.0176e-15  8.5373e-15
1186.0774  -1092.57    1.0909    0.1233  9.3167e-15  1.0534e-15  8.5407e-15
1186.1073  -1085.03    0.8746    0.1108  7.4727e-15  9.4659e-16  8.5442e-15
1186.1373  -1077.50    0.8109    0.1067  6.9313e-15  9.1201e-16  8.5477e-15
1186.1672  -1069.97    0.8218    0.1073  7.0276e-15  9.1727e-16  8.5512e-15
1186.1971  -1062.44    1.0978    0.1237  9.3916e-15  1.0579e-15  8.5546e-15
1186.2270  -1054.90    1.1418    0.1260  9.7717e-15  1.0783e-15  8.5581e-15
1186.2569  -1047.37    1.1328    0.1255  9.6985e-15  1.0743e-15  8.5616e-15
1186.2868  -1039.84    0.8656    0.1099  7.4141e-15  9.4148e-16  8.5651e-15
1186.3167  -1032.31    0.8532    0.1090  7.3111e-15  9.3421e-16  8.5685e-15
1186.3466  -1024.77    0.9958    0.1176  8.5363e-15  1.0080e-15  8.5720e-15
1186.3765  -1017.24    1.0085    0.1183  8.6484e-15  1.0141e-15  8.5755e-15
1186.4064  -1009.71    0.9976    0.1176  8.5581e-15  1.0090e-15  8.5790e-15
1186.4364  -1002.18    0.9190    0.1130  7.8875e-15  9.6997e-16  8.5825e-15
1186.4663   -994.64    0.8245    0.1070  7.0793e-15  9.1884e-16  8.5860e-15
1186.4962   -987.11    0.8363    0.1077  7.1830e-15  9.2528e-16  8.5894e-15
1186.5261   -979.58    1.0259    0.1191  8.8153e-15  1.0232e-15  8.5929e-15
1186.5560   -972.05    1.0756    0.1218  9.2462e-15  1.0466e-15  8.5964e-15
1186.5859   -964.51    1.0608    0.1209  9.1224e-15  1.0400e-15  8.5999e-15
1186.6158   -956.98    0.9181    0.1126  7.8988e-15  9.6908e-16  8.6034e-15
1186.6457   -949.45    1.1073    0.1235  9.5306e-15  1.0632e-15  8.6069e-15
1186.6756   -941.92    0.9159    0.1125  7.8862e-15  9.6845e-16  8.6104e-15
1186.7055   -934.38    0.9247    0.1129  7.9654e-15  9.7214e-16  8.6139e-15
1186.7355   -926.85    0.8105    0.1059  6.9844e-15  9.1237e-16  8.6174e-15
1186.7654   -919.32    0.9597    0.1150  8.2736e-15  9.9149e-16  8.6209e-15
1186.7953   -911.79    1.0868    0.1221  9.3731e-15  1.0534e-15  8.6244e-15
1186.8252   -904.25    1.0129    0.1180  8.7392e-15  1.0177e-15  8.6279e-15
1186.8551   -896.72    1.0131    0.1180  8.7442e-15  1.0183e-15  8.6314e-15
1186.8850   -889.19    1.0826    0.1218  9.3478e-15  1.0515e-15  8.6349e-15
1186.9149   -881.66    0.8681    0.1093  7.4992e-15  9.4404e-16  8.6384e-15
1186.9448   -874.12    0.9632    0.1149  8.3242e-15  9.9305e-16  8.6419e-15
1186.9747   -866.59    1.0025    0.1171  8.6673e-15  1.0125e-15  8.6454e-15
1187.0046   -859.06    0.9994    0.1169  8.6437e-15  1.0112e-15  8.6489e-15
1187.0346   -851.53    0.9706    0.1153  8.3977e-15  9.9732e-16  8.6524e-15
1187.0645   -843.99    0.9933    0.1164  8.5981e-15  1.0079e-15  8.6559e-15
1187.0944   -836.46    1.1955    0.1276  1.0353e-14  1.1047e-15  8.6595e-15
1187.1243   -828.93    0.9726    0.1153  8.4260e-15  9.9844e-16  8.6631e-15
1187.1542   -821.40    0.9759    0.1153  8.4583e-15  9.9965e-16  8.6669e-15
1187.1841   -813.86    0.9462    0.1136  8.2044e-15  9.8495e-16  8.6707e-15
1187.2140   -806.33    1.0885    0.1217  9.4422e-15  1.0555e-15  8.6745e-15
1187.2439   -798.80    0.8137    0.1054  7.0615e-15  9.1491e-16  8.6784e-15
1187.2738   -791.27    0.8977    0.1105  7.7943e-15  9.5920e-16  8.6824e-15
1187.3037   -783.73    0.9779    0.1152  8.4949e-15  1.0009e-15  8.6865e-15
1187.3337   -776.20    0.9795    0.1153  8.5121e-15  1.0020e-15  8.6906e-15
1187.3636   -768.67    0.9949    0.1162  8.6505e-15  1.0104e-15  8.6948e-15
1187.3935   -761.14    1.1119    0.1225  9.6726e-15  1.0660e-15  8.6990e-15
1187.4234   -753.60    1.0475    0.1189  9.1172e-15  1.0348e-15  8.7034e-15
1187.4533   -746.07    1.0065    0.1165  8.7644e-15  1.0144e-15  8.7077e-15
1187.4832   -738.54    0.8892    0.1096  7.7467e-15  9.5449e-16  8.7122e-15
1187.5131   -731.01    1.0258    0.1176  8.9413e-15  1.0249e-15  8.7167e-15
1187.5430   -723.47    0.9943    0.1157  8.6715e-15  1.0087e-15  8.7213e-15
1187.5729   -715.94    1.0164    0.1167  8.8689e-15  1.0187e-15  8.7259e-15
1187.6028   -708.41    0.9262    0.1117  8.0866e-15  9.7491e-16  8.7306e-15
1187.6328   -700.88    1.1284    0.1230  9.8567e-15  1.0744e-15  8.7354e-15
1187.6627   -693.34    1.0480    0.1184  9.1597e-15  1.0350e-15  8.7402e-15
1187.6926   -685.81    1.0312    0.1175  9.0181e-15  1.0271e-15  8.7451e-15
1187.7225   -678.28    0.9851    0.1149  8.6200e-15  1.0050e-15  8.7500e-15
1187.7524   -670.75    1.0510    0.1185  9.2012e-15  1.0377e-15  8.7551e-15
1187.7823   -663.21    1.1397    0.1234  9.9842e-15  1.0809e-15  8.7601e-15
1187.8122   -655.68    0.9252    0.1112  8.1100e-15  9.7487e-16  8.7653e-15
1187.8421   -648.15    0.9152    0.1106  8.0265e-15  9.7009e-16  8.7705e-15
1187.8720   -640.62    1.0159    0.1164  8.9155e-15  1.0214e-15  8.7757e-15
1187.9019   -633.08    1.0326    0.1172  9.0675e-15  1.0292e-15  8.7810e-15
1187.9319   -625.55    1.1274    0.1224  9.9060e-15  1.0752e-15  8.7864e-15
1187.9618   -618.02    1.0312    0.1170  9.0665e-15  1.0289e-15  8.7918e-15
1187.9917   -610.49    0.9720    0.1136  8.5511e-15  9.9980e-16  8.7973e-15
1188.0216   -602.95    0.9996    0.1152  8.7990e-15  1.0144e-15  8.8029e-15
1188.0515   -595.42    1.0388    0.1173  9.1499e-15  1.0332e-15  8.8085e-15
1188.0814   -587.89    1.0588    0.1185  9.3322e-15  1.0441e-15  8.8141e-15
1188.1113   -580.36    0.7913    0.1026  6.9793e-15  9.0502e-16  8.8198e-15
1188.1412   -572.82    1.1194    0.1216  9.8794e-15  1.0730e-15  8.8256e-15
1188.1711   -565.29    0.9485    0.1120  8.3764e-15  9.8900e-16  8.8314e-15
1188.2010   -557.76    1.0513    0.1179  9.2908e-15  1.0423e-15  8.8373e-15
1188.2310   -550.23    0.9374    0.1112  8.2895e-15  9.8380e-16  8.8433e-15
1188.2609   -542.69    1.1488    0.1228  1.0166e-14  1.0871e-15  8.8493e-15
1188.2908   -535.16    1.0349    0.1166  9.1641e-15  1.0325e-15  8.8553e-15
1188.3207   -527.63    0.9217    0.1103  8.1673e-15  9.7709e-16  8.8614e-15
1188.3506   -520.10    0.8438    0.1054  7.4822e-15  9.3425e-16  8.8676e-15
1188.3805   -512.56    1.0069    0.1149  8.9349e-15  1.0200e-15  8.8738e-15
1188.4104   -505.03    0.8790    0.1076  7.8057e-15  9.5572e-16  8.8801e-15
1188.4403   -497.50    0.9535    0.1119  8.4734e-15  9.9404e-16  8.8864e-15
1188.4702   -489.97    0.9799    0.1134  8.7137e-15  1.0083e-15  8.8928e-15
1188.5001   -482.43    1.1368    0.1218  1.0117e-14  1.0841e-15  8.8992e-15
1188.5301   -474.90    1.1515    0.1226  1.0254e-14  1.0915e-15  8.9057e-15
1188.5600   -467.37    0.8530    0.1058  7.6025e-15  9.4290e-16  8.9122e-15
1188.5899   -459.84    0.7234    0.0976  6.4519e-15  8.7029e-16  8.9188e-15
1188.6198   -452.30    0.8126    0.1032  7.2531e-15  9.2141e-16  8.9254e-15
1188.6497   -444.77    0.7850    0.1013  7.0115e-15  9.0463e-16  8.9321e-15
1188.6796   -437.24    0.9311    0.1102  8.3232e-15  9.8520e-16  8.9388e-15
1188.7095   -429.71    0.7059    0.0961  6.3150e-15  8.5975e-16  8.9456e-15
1188.7394   -422.17    0.8902    0.1076  7.9690e-15  9.6331e-16  8.9524e-15
1188.7693   -414.64    0.6862    0.0947  6.1476e-15  8.4867e-16  8.9593e-15
1188.7992   -407.11    0.7023    0.0957  6.2974e-15  8.5772e-16  8.9662e-15
1188.8292   -399.58    0.8077    0.1024  7.2475e-15  9.1908e-16  8.9732e-15
1188.8591   -392.04    0.7878    0.1010  7.0743e-15  9.0707e-16  8.9803e-15
1188.8890   -384.51    1.0014    0.1137  9.0003e-15  1.0223e-15  8.9873e-15
1188.9189   -376.98    0.9909    0.1130  8.9127e-15  1.0166e-15  8.9944e-15
1188.9488   -369.45    0.8613    0.1055  7.7533e-15  9.4958e-16  9.0016e-15
1188.9787   -361.91    0.9269    0.1091  8.3503e-15  9.8285e-16  9.0088e-15
1189.0086   -354.38    0.9785    0.1122  8.8223e-15  1.0114e-15  9.0161e-15
1189.0385   -346.85    1.0831    0.1178  9.7731e-15  1.0627e-15  9.0234e-15
1189.0684   -339.32    0.8665    0.1055  7.8247e-15  9.5269e-16  9.0308e-15
1189.0983   -331.78    0.8416    0.1038  7.6063e-15  9.3861e-16  9.0381e-15
1189.1283   -324.25    0.9476    0.1101  8.5714e-15  9.9560e-16  9.0456e-15
1189.1582   -316.72    1.0140    0.1136  9.1794e-15  1.0284e-15  9.0531e-15
1189.1881   -309.19    0.9891    0.1122  8.9621e-15  1.0162e-15  9.0606e-15
1189.2180   -301.65    1.0340    0.1146  9.3763e-15  1.0390e-15  9.0682e-15
1189.2479   -294.12    0.9324    0.1090  8.4620e-15  9.8907e-16  9.0758e-15
1189.2778   -286.59    0.9610    0.1105  8.7288e-15  1.0037e-15  9.0835e-15
1189.3077   -279.06    1.0268    0.1141  9.3351e-15  1.0376e-15  9.0912e-15
1189.3376   -271.52    1.1077    0.1184  1.0079e-14  1.0772e-15  9.0989e-15
1189.3675   -263.99    1.0619    0.1158  9.6708e-15  1.0550e-15  9.1067e-15
1189.3974   -256.46    0.8776    0.1055  7.9987e-15  9.6170e-16  9.1145e-15
1189.4274   -248.93    0.7971    0.1006  7.2711e-15  9.1728e-16  9.1224e-15
1189.4573   -241.39    0.7947    0.1002  7.2558e-15  9.1486e-16  9.1303e-15
1189.4872   -233.86    1.1213    0.1186  1.0247e-14  1.0839e-15  9.1383e-15
1189.5171   -226.33    0.8955    0.1061  8.1905e-15  9.7038e-16  9.1463e-15
1189.5470   -218.80    0.8746    0.1050  8.0065e-15  9.6092e-16  9.1543e-15
1189.5769   -211.26    1.0931    0.1170  1.0015e-14  1.0716e-15  9.1624e-15
1189.6068   -203.73    1.1263    0.1185  1.0329e-14  1.0865e-15  9.1705e-15
1189.6367   -196.20    0.8864    0.1053  8.1361e-15  9.6645e-16  9.1786e-15
1189.6666   -188.67    0.8005    0.1001  7.3536e-15  9.1926e-16  9.1868e-15
1189.6965   -181.13    0.8237    0.1015  7.5741e-15  9.3356e-16  9.1951e-15
1189.7265   -173.60    0.6904    0.0932  6.3539e-15  8.5779e-16  9.2033e-15
1189.7564   -166.07    0.7229    0.0952  6.6595e-15  8.7687e-16  9.2116e-15
1189.7863   -158.54    0.7887    0.0992  7.2721e-15  9.1454e-16  9.2200e-15
1189.8162   -151.00    0.7917    0.0993  7.3061e-15  9.1657e-16  9.2283e-15
1189.8461   -143.47    0.5397    0.0823  4.9846e-15  7.6025e-16  9.2367e-15
1189.8760   -135.94    0.5947    0.0861  5.4984e-15  7.9647e-16  9.2452e-15
1189.9059   -128.41    0.5564    0.0836  5.1488e-15  7.7328e-16  9.2537e-15
1189.9358   -120.87    0.4714    0.0770  4.3666e-15  7.1289e-16  9.2622e-15
1189.9657   -113.34    0.4523    0.0751  4.1933e-15  6.9656e-16  9.2708e-15
1189.9956   -105.81    0.5157    0.0802  4.7853e-15  7.4399e-16  9.2793e-15
1190.0256    -98.28    0.4066    0.0714  3.7764e-15  6.6345e-16  9.2880e-15
1190.0555    -90.75    0.4544    0.0753  4.2244e-15  7.0025e-16  9.2966e-15
1190.0854    -83.21    0.4468    0.0747  4.1578e-15  6.9480e-16  9.3053e-15
1190.1153    -75.68    0.3907    0.0701  3.6393e-15  6.5301e-16  9.3140e-15
1190.1452    -68.15    0.3842    0.0693  3.5817e-15  6.4569e-16  9.3228e-15
1190.1751    -60.62    0.3853    0.0694  3.5951e-15  6.4726e-16  9.3316e-15
1190.2050    -53.08    0.4101    0.0714  3.8306e-15  6.6687e-16  9.3404e-15
1190.2349    -45.55    0.2093    0.0519  1.9570e-15  4.8531e-16  9.3492e-15
1190.2648    -38.02    0.1230    0.0407  1.1513e-15  3.8112e-16  9.3581e-15
1190.2947    -30.49    0.2174    0.0526  2.0367e-15  4.9277e-16  9.3670e-15
1190.3247    -22.95    0.1085    0.0385  1.0176e-15  3.6090e-16  9.3760e-15
1190.3546    -15.42    0.0945    0.0360  8.8681e-16  3.3795e-16  9.3850e-15
1190.3845     -7.89    0.0732    0.0325  6.8779e-16  3.0543e-16  9.3940e-15
1190.4144     -0.36    0.0222    0.0212  2.0890e-16  1.9973e-16  9.4030e-15
1190.4443      7.18    0.0529    0.0285  4.9793e-16  2.6855e-16  9.4121e-15
1190.4742     14.71    0.0517    0.0284  4.8746e-16  2.6799e-16  9.4212e-15
1190.5041     22.24    0.0346    0.0247  3.2597e-16  2.3289e-16  9.4303e-15
1190.5340     29.77    0.0575    0.0296  5.4307e-16  2.7974e-16  9.4394e-15
1190.5639     37.31    0.0439    0.0267  4.1506e-16  2.5192e-16  9.4486e-15
1190.5938     44.84    0.0949    0.0364  8.9708e-16  3.4389e-16  9.4578e-15
1190.6238     52.37    0.2190    0.0528  2.0735e-15  4.9949e-16  9.4670e-15
1190.6537     59.90    0.1493    0.0442  1.4151e-15  4.1925e-16  9.4763e-15
1190.6836     67.44    0.1232    0.0409  1.1690e-15  3.8769e-16  9.4856e-15
1190.7135     74.97    0.1389    0.0428  1.3187e-15  4.0592e-16  9.4949e-15
1190.7434     82.50    0.1305    0.0415  1.2400e-15  3.9489e-16  9.5042e-15
1190.7733     90.03    0.2767    0.0586  2.6323e-15  5.5765e-16  9.5136e-15
1190.8032     97.57    0.3684    0.0671  3.5085e-15  6.3875e-16  9.5230e-15
1190.8331    105.10    0.5436    0.0809  5.1819e-15  7.7144e-16  9.5324e-15
1190.8630    112.63    0.7636    0.0953  7.2865e-15  9.0897e-16  9.5418e-15
1190.8929    120.16    0.7355    0.0936  7.0247e-15  8.9428e-16  9.5513e-15
1190.9229    127.70    0.6406    0.0874  6.1246e-15  8.3535e-16  9.5608e-15
1190.9528    135.23    0.9040    0.1033  8.6516e-15  9.8886e-16  9.5703e-15
1190.9827    142.76    0.8986    0.1030  8.6084e-15  9.8679e-16  9.5798e-15
1191.0126    150.29    0.8832    0.1020  8.4692e-15  9.7820e-16  9.5894e-15
1191.0425    157.83    0.9047    0.1032  8.6843e-15  9.9023e-16  9.5989e-15
1191.0724    165.36    0.8833    0.1018  8.4874e-15  9.7811e-16  9.6085e-15
1191.1023    172.89    0.9709    0.1066  9.3383e-15  1.0253e-15  9.6181e-15
1191.1322    180.42    1.0352    0.1099  9.9667e-15  1.0585e-15  9.6278e-15
1191.1621    187.96    0.8581    0.1001  8.2700e-15  9.6471e-16  9.6374e-15
1191.1920    195.49    1.0348    0.1097  9.9824e-15  1.0588e-15  9.6471e-15
1191.2220    203.02    1.0535    0.1107  1.0173e-14  1.0686e-15  9.6568e-15
1191.2519    210.55    1.1899    0.1175  1.1503e-14  1.1362e-15  9.6665e-15
1191.2818    218.09    1.0587    0.1109  1.0244e-14  1.0728e-15  9.6763e-15
1191.3117    225.62    0.9845    0.1069  9.5364e-15  1.0356e-15  9.6860e-15
1191.3416    233.15    0.7810    0.0955  7.5727e-15  9.2554e-16  9.6958e-15
1191.3715    240.68    1.0548    0.1106  1.0237e-14  1.0738e-15  9.7056e-15
1191.4014    248.22    1.0004    0.1315  9.7188e-15  1.2779e-15  9.7154e-15
1191.4313    255.75    1.0826    0.1454  1.0529e-14  1.4142e-15  9.7252e-15
1191.4612    263.28    1.0549    0.1485  1.0269e-14  1.4452e-15  9.7351e-15
1191.4911    270.81    1.0043    0.1463  9.7865e-15  1.4253e-15  9.7449e-15
1191.5211    278.35    1.0627    0.1494  1.0366e-14  1.4572e-15  9.7548e-15
1191.5510    285.88    1.1500    0.1530  1.1229e-14  1.4940e-15  9.7647e-15
1191.5809    293.41    1.0927    0.1495  1.0681e-14  1.4615e-15  9.7746e-15
1191.6108    300.94    0.9652    0.1429  9.4442e-15  1.3987e-15  9.7845e-15
1191.6407    308.48    0.9290    0.1407  9.0987e-15  1.3784e-15  9.7945e-15
1191.6706    316.01    1.0393    0.1471  1.0190e-14  1.4421e-15  9.8044e-15
1191.7005    323.54    0.9634    0.1406  9.4556e-15  1.3804e-15  9.8144e-15
1191.7304    331.07    1.0796    0.1498  1.0607e-14  1.4718e-15  9.8244e-15
1191.7603    338.61    1.2360    0.1580  1.2155e-14  1.5540e-15  9.8344e-15
1191.7902    346.14    1.0855    0.1477  1.0686e-14  1.4540e-15  9.8444e-15
1191.8202    353.67    0.9116    0.1388  8.9832e-15  1.3681e-15  9.8544e-15
1191.8501    361.20    1.2738    0.1586  1.2565e-14  1.5646e-15  9.8645e-15
1191.8800    368.74    1.1608    0.1516  1.1463e-14  1.4971e-15  9.8745e-15
1191.9099    376.27    0.9985    0.1397  9.8701e-15  1.3810e-15  9.8846e-15
1191.9398    383.80    0.9380    0.1412  9.2808e-15  1.3975e-15  9.8946e-15
1191.9697    391.33    0.9850    0.1412  9.7562e-15  1.3982e-15  9.9047e-15
1191.9996    398.87    1.1729    0.1501  1.1629e-14  1.4885e-15  9.9148e-15
1192.0295    406.40    1.2304    0.1532  1.2211e-14  1.5209e-15  9.9249e-15
1192.0594    413.93    1.0090    0.1235  1.0024e-14  1.2266e-15  9.9350e-15
1192.0893    421.46    0.9315    0.1022  9.2640e-15  1.0166e-15  9.9451e-15
1192.1193    429.00    0.9459    0.1028  9.4167e-15  1.0234e-15  9.9553e-15
1192.1492    436.53    1.0814    0.1097  1.0777e-14  1.0931e-15  9.9654e-15
1192.1791    444.06    1.2446    0.1176  1.2416e-14  1.1735e-15  9.9756e-15
1192.2090    451.59    1.0279    0.1069  1.0265e-14  1.0678e-15  9.9857e-15
1192.2389    459.13    1.1160    0.1113  1.1155e-14  1.1122e-15  9.9959e-15
1192.2688    466.66    0.9377    0.1019  9.3826e-15  1.0199e-15  1.0006e-14
1192.2987    474.19    1.0037    0.1054  1.0053e-14  1.0558e-15  1.0016e-14
1192.3286    481.72    1.0018    0.1054  1.0044e-14  1.0565e-15  1.0026e-14
1192.3585    489.26    0.8678    0.0980  8.7097e-15  9.8313e-16  1.0037e-14
1192.3884    496.79    1.0302    0.1066  1.0350e-14  1.0710e-15  1.0047e-14
1192.4184    504.32    1.1438    0.1122  1.1503e-14  1.1280e-15  1.0057e-14
1192.4483    511.85    1.1207    0.1111  1.1282e-14  1.1183e-15  1.0067e-14
1192.4782    519.39    0.9977    0.1047  1.0054e-14  1.0550e-15  1.0077e-14
1192.5081    526.92    0.9754    0.1034  9.8396e-15  1.0435e-15  1.0088e-14
1192.5380    534.45    0.9529    0.1023  9.6227e-15  1.0329e-15  1.0098e-14
1192.5679    541.98    0.9540    0.1023  9.6434e-15  1.0340e-15  1.0108e-14
1192.5978    549.52    1.1542    0.1122  1.1678e-14  1.1355e-15  1.0118e-14
1192.6277    557.05    0.9723    0.1031  9.8481e-15  1.0446e-15  1.0129e-14
1192.6576    564.58    1.0426    0.1066  1.0571e-14  1.0812e-15  1.0139e-14
1192.6875    572.11    1.0291    0.1059  1.0444e-14  1.0745e-15  1.0149e-14
1192.7175    579.65    1.0089    0.1047  1.0250e-14  1.0637e-15  1.0159e-14
1192.7474    587.18    1.0162    0.1050  1.0334e-14  1.0678e-15  1.0170e-14
1192.7773    594.71    0.9838    0.1033  1.0015e-14  1.0514e-15  1.0180e-14
1192.8072    602.24    1.0667    0.1074  1.0870e-14  1.0945e-15  1.0190e-14
1192.8371    609.78    1.0997    0.1090  1.1217e-14  1.1113e-15  1.0200e-14
1192.8670    617.31    0.9982    0.1039  1.0192e-14  1.0609e-15  1.0211e-14
1192.8969    624.84    1.0017    0.1039  1.0238e-14  1.0620e-15  1.0221e-14
1192.9268    632.37    0.8706    0.0968  8.9070e-15  9.9086e-16  1.0231e-14
1192.9567    639.91    0.9437    0.1008  9.6651e-15  1.0320e-15  1.0241e-14
1192.9866    647.44    0.7467    0.0897  7.6551e-15  9.1981e-16  1.0252e-14
1193.0166    654.97    0.9079    0.0988  9.3167e-15  1.0134e-15  1.0262e-14
1193.0465    662.50    0.8823    0.0973  9.0626e-15  9.9930e-16  1.0272e-14
1193.0764    670.04    0.7505    0.0898  7.7173e-15  9.2305e-16  1.0282e-14
1193.1063    677.57    0.5756    0.0788  5.9239e-15  8.1117e-16  1.0292e-14
1193.1362    685.10    0.4016    0.0663  4.1372e-15  6.8343e-16  1.0303e-14
1193.1661    692.63    0.2833    0.0561  2.9221e-15  5.7858e-16  1.0313e-14
1193.1960    700.17    0.0818    0.0320  8.4440e-16  3.3033e-16  1.0323e-14
1193.2259    707.70    0.1362    0.0399  1.4075e-15  4.1280e-16  1.0333e-14
1193.2558    715.23    0.1062    0.0358  1.0988e-15  3.7061e-16  1.0344e-14
1193.2857    722.76    0.0364    0.0233  3.7675e-16  2.4126e-16  1.0354e-14
1193.3157    730.30    0.0506    0.0263  5.2395e-16  2.7222e-16  1.0364e-14
1193.3456    737.83    0.0353    0.0231  3.6572e-16  2.4001e-16  1.0374e-14
1193.3755    745.36    0.0323    0.0223  3.3513e-16  2.3182e-16  1.0384e-14
1193.4054    752.89    0.0213    0.0193  2.2128e-16  2.0092e-16  1.0395e-14
1193.4353    760.43    0.0654    0.0288  6.8084e-16  2.9920e-16  1.0405e-14
1193.4652    767.96    0.0299    0.0218  3.1159e-16  2.2701e-16  1.0415e-14
1193.4951    775.49    0.0589    0.0276  6.1377e-16  2.8812e-16  1.0425e-14
1193.5250    783.02    0.0645    0.0286  6.7279e-16  2.9842e-16  1.0435e-14
1193.5549    790.56    0.0366    0.0232  3.8280e-16  2.4182e-16  1.0446e-14
1193.5848    798.09    0.0888    0.0330  9.2866e-16  3.4468e-16  1.0456e-14
1193.6148    805.62    0.0936    0.0381  9.7931e-16  3.9866e-16  1.0466e-14
1193.6447    813.15    0.1321    0.0433  1.3840e-15  4.5404e-16  1.0476e-14
1193.6746    820.69    0.1917    0.0539  2.0100e-15  5.6555e-16  1.0486e-14
1193.7045    828.22    0.4456    0.0902  4.6770e-15  9.4694e-16  1.0496e-14
1193.7344    835.75    0.5164    0.0972  5.4259e-15  1.0213e-15  1.0506e-14
1193.7643    843.28    0.4932    0.0994  5.1864e-15  1.0454e-15  1.0516e-14
1193.7942    850.82    0.6428    0.1073  6.7661e-15  1.1291e-15  1.0526e-14
1193.8241    858.35    0.6068    0.1066  6.3932e-15  1.1234e-15  1.0537e-14
1193.8540    865.88    0.8456    0.1263  8.9186e-15  1.3316e-15  1.0547e-14
1193.8839    873.41    0.7784    0.1191  8.2177e-15  1.2570e-15  1.0557e-14
1193.9139    880.95    0.8762    0.1273  9.2587e-15  1.3451e-15  1.0567e-14
1193.9438    888.48    0.8067    0.1225  8.5317e-15  1.2953e-15  1.0577e-14
1193.9737    896.01    0.7885    0.1199  8.3480e-15  1.2697e-15  1.0587e-14
1194.0036    903.54    0.8947    0.1255  9.4811e-15  1.3297e-15  1.0597e-14
1194.0335    911.08    1.2192    0.1435  1.2932e-14  1.5216e-15  1.0607e-14
1194.0634    918.61    1.0955    0.1410  1.1631e-14  1.4966e-15  1.0617e-14
1194.0933    926.14    1.0613    0.1415  1.1278e-14  1.5041e-15  1.0627e-14
1194.1232    933.67    0.9706    0.1231  1.0323e-14  1.3089e-15  1.0637e-14
1194.1531    941.21    1.0145    0.1179  1.0801e-14  1.2551e-15  1.0646e-14
1194.1830    948.74    1.1208    0.1204  1.1944e-14  1.2826e-15  1.0656e-14
1194.2130    956.27    1.0611    0.1039  1.1318e-14  1.1083e-15  1.0666e-14
1194.2429    963.80    0.9569    0.0986  1.0216e-14  1.0530e-15  1.0676e-14
1194.2728    971.34    0.9770    0.0996  1.0441e-14  1.0641e-15  1.0686e-14
1194.3027    978.87    1.0200    0.1017  1.0909e-14  1.0874e-15  1.0696e-14
1194.3326    986.40    1.1225    0.1065  1.2017e-14  1.1396e-15  1.0706e-14
1194.3625    993.93    0.9899    0.1000  1.0607e-14  1.0718e-15  1.0716e-14
1194.3924   1001.47    0.9248    0.0967  9.9189e-15  1.0369e-15  1.0725e-14
1194.4223   1009.00    0.9336    0.0971  1.0022e-14  1.0422e-15  1.0735e-14
1194.4522   1016.53    0.8687    0.0937  9.3342e-15  1.0065e-15  1.0745e-14
1194.4821   1024.06    0.9924    0.0999  1.0672e-14  1.0743e-15  1.0755e-14
1194.5121   1031.60    0.9237    0.0964  9.9429e-15  1.0376e-15  1.0764e-14
1194.5420   1039.13    1.0745    0.1037  1.1577e-14  1.1168e-15  1.0774e-14
1194.5719   1046.66    1.0860    0.1043  1.1711e-14  1.1247e-15  1.0784e-14
1194.6018   1054.19    0.9661    0.0983  1.0427e-14  1.0607e-15  1.0793e-14
1194.6317   1061.73    0.9152    0.0958  9.8872e-15  1.0344e-15  1.0803e-14
1194.6616   1069.26    0.8971    0.0947  9.6998e-15  1.0238e-15  1.0813e-14
1194.6915   1076.79    1.0280    0.1012  1.1125e-14  1.0952e-15  1.0822e-14
1194.7214   1084.32    1.0970    0.1044  1.1882e-14  1.1307e-15  1.0832e-14
1194.7513   1091.86    0.9776    0.0985  1.0599e-14  1.0684e-15  1.0841e-14
1194.7812   1099.39    1.0104    0.1001  1.0963e-14  1.0864e-15  1.0851e-14
1194.8112   1106.92    1.0736    0.1031  1.1660e-14  1.1192e-15  1.0860e-14
1194.8411   1114.45    0.8758    0.1169  9.5200e-15  1.2706e-15  1.0870e-14
1194.8710   1121.99    1.0109    0.1461  1.0998e-14  1.5897e-15  1.0879e-14
1194.9009   1129.52    1.0667    0.1673  1.1615e-14  1.8212e-15  1.0889e-14
1194.9308   1137.05    0.9916    0.1561  1.0807e-14  1.7013e-15  1.0898e-14
1194.9607   1144.58    1.0503    0.1771  1.1457e-14  1.9314e-15  1.0908e-14
1194.9906   1152.12    0.9506    0.1934  1.0378e-14  2.1115e-15  1.0917e-14
1195.0205   1159.65    1.1439    0.2088  1.2499e-14  2.2811e-15  1.0926e-14
1195.0504   1167.18    1.0968    0.1697  1.1995e-14  1.8558e-15  1.0936e-14
1195.0803   1174.71    0.9565    0.1564  1.0469e-14  1.7114e-15  1.0945e-14
1195.1103   1182.25    0.7856    0.1252  8.6058e-15  1.3712e-15  1.0954e-14
1195.1402   1189.78    1.0101    0.1304  1.1074e-14  1.4297e-15  1.0963e-14
1195.1701   1197.31    1.1378    0.1052  1.2485e-14  1.1546e-15  1.0973e-14
1195.2000   1204.84    1.1058    0.1038  1.2144e-14  1.1394e-15  1.0982e-14
1195.2299   1212.38    1.1388    0.1051  1.2517e-14  1.1555e-15  1.0991e-14
1195.2598   1219.91    1.1002    0.1034  1.2102e-14  1.1369e-15  1.1000e-14
1195.2897   1227.44    1.0058    0.0988  1.1072e-14  1.0878e-15  1.1009e-14
1195.3196   1234.97    1.1326    0.1048  1.2479e-14  1.1543e-15  1.1018e-14
1195.3495   1242.51    0.9012    0.0936  9.9380e-15  1.0321e-15  1.1027e-14
1195.3794   1250.04    1.1133    0.1037  1.2286e-14  1.1443e-15  1.1036e-14
1195.4094   1257.57    1.0087    0.0987  1.1142e-14  1.0907e-15  1.1045e-14
1195.4393   1265.10    1.0056    0.0986  1.1116e-14  1.0894e-15  1.1054e-14
1195.4692   1272.64    1.0164    0.0990  1.1244e-14  1.0956e-15  1.1063e-14
1195.4991   1280.17    0.8964    0.0931  9.9249e-15  1.0308e-15  1.1072e-14
1195.5290   1287.70    1.0835    0.1020  1.2006e-14  1.1307e-15  1.1081e-14
1195.5589   1295.23    0.9828    0.0972  1.0899e-14  1.0776e-15  1.1090e-14
1195.5888   1302.77    0.9477    0.0955  1.0518e-14  1.0596e-15  1.1099e-14
1195.6187   1310.30    0.8845    0.0922  9.8246e-15  1.0243e-15  1.1107e-14
1195.6486   1317.83    0.8869    0.0923  9.8587e-15  1.0256e-15  1.1116e-14
1195.6785   1325.36    0.9956    0.0976  1.1076e-14  1.0859e-15  1.1125e-14
1195.7085   1332.90    1.1191    0.1034  1.2459e-14  1.1509e-15  1.1133e-14
1195.7384   1340.43    1.1916    0.1066  1.3277e-14  1.1873e-15  1.1142e-14
1195.7683   1347.96    0.9572    0.0956  1.0674e-14  1.0663e-15  1.1151e-14
1195.7982   1355.49    0.9766    0.0964  1.0898e-14  1.0755e-15  1.1159e-14
1195.8281   1363.03    1.0703    0.1008  1.1952e-14  1.1258e-15  1.1168e-14
1195.8580   1370.56    0.9875    0.0969  1.1037e-14  1.0825e-15  1.1176e-14
1195.8879   1378.09    0.9376    0.0944  1.0487e-14  1.0563e-15  1.1185e-14
1195.9178   1385.62    1.1128    0.1025  1.2456e-14  1.1475e-15  1.1193e-14
1195.9477   1393.16    1.0552    0.0999  1.1820e-14  1.1193e-15  1.1201e-14
1195.9776   1400.69    1.0028    0.0973  1.1241e-14  1.0908e-15  1.1210e-14
1196.0076   1408.22    1.0293    0.0986  1.1546e-14  1.1060e-15  1.1218e-14
1196.0375   1415.75    0.9743    0.0958  1.0938e-14  1.0758e-15  1.1226e-14
1196.0674   1423.29    1.0602    0.0999  1.1911e-14  1.1224e-15  1.1235e-14
1196.0973   1430.82    1.1257    0.1029  1.2656e-14  1.1573e-15  1.1243e-14
1196.1272   1438.35    0.9025    0.0923  1.0154e-14  1.0380e-15  1.1251e-14
1196.1571   1445.88    1.0299    0.0984  1.1595e-14  1.1078e-15  1.1259e-14
1196.1870   1453.41    0.8962    0.0917  1.0097e-14  1.0334e-15  1.1267e-14
1196.2169   1460.95    0.9099    0.0924  1.0259e-14  1.0414e-15  1.1275e-14
1196.2468   1468.48    0.9549    0.0945  1.0774e-14  1.0668e-15  1.1283e-14
1196.2767   1476.01    0.7896    0.0861  8.9154e-15  9.7265e-16  1.1291e-14
1196.3067   1483.54    0.8761    0.0904  9.8988e-15  1.0211e-15  1.1299e-14
1196.3366   1491.08    0.7471    0.0836  8.4469e-15  9.4488e-16  1.1307e-14
1196.3665   1498.61    0.8398    0.0886  9.5017e-15  1.0019e-15  1.1315e-14
1196.3964   1506.14    0.7664    0.0847  8.6772e-15  9.5924e-16  1.1323e-14
1196.4263   1513.67    0.7322    0.0828  8.2963e-15  9.3768e-16  1.1330e-14
1196.4562   1521.21    0.6982    0.0808  7.9162e-15  9.1565e-16  1.1338e-14
1196.4861   1528.74    0.7152    0.0817  8.1148e-15  9.2660e-16  1.1346e-14
1196.5160   1536.27    0.6314    0.0767  7.1688e-15  8.7096e-16  1.1353e-14
1196.5459   1543.80    0.6777    0.0795  7.6994e-15  9.0326e-16  1.1361e-14
1196.5758   1551.34    0.6614    0.0786  7.5193e-15  8.9335e-16  1.1368e-14
1196.6058   1558.87    0.5943    0.0744  6.7606e-15  8.4609e-16  1.1376e-14
1196.6357   1566.40    0.6644    0.0786  7.5630e-15  8.9502e-16  1.1383e-14
1196.6656   1573.93    0.6385    0.0770  7.2730e-15  8.7741e-16  1.1391e-14
1196.6955   1581.47    0.4737    0.0665  5.3991e-15  7.5791e-16  1.1398e-14
1196.7254   1589.00    0.6047    0.0748  6.8974e-15  8.5357e-16  1.1405e-14
1196.7553   1596.53    0.5910    0.0741  6.7453e-15  8.4559e-16  1.1413e-14
1196.7852   1604.06    0.7760    0.0847  8.8622e-15  9.6677e-16  1.1420e-14
1196.8151   1611.60    0.8060    0.0861  9.2105e-15  9.8352e-16  1.1427e-14
1196.8450   1619.13    0.8727    0.0896  9.9786e-15  1.0248e-15  1.1434e-14
1196.8749   1626.66    0.8825    0.0900  1.0096e-14  1.0295e-15  1.1441e-14
1196.9049   1634.19    0.8831    0.0900  1.0110e-14  1.0308e-15  1.1448e-14
1196.9348   1641.73    0.6826    0.0793  7.8192e-15  9.0828e-16  1.1455e-14
1196.9647   1649.26    0.9527    0.0933  1.0920e-14  1.0697e-15  1.1462e-14
1196.9946   1656.79    0.9210    0.0917  1.0563e-14  1.0518e-15  1.1469e-14
1197.0245   1664.32    0.7525    0.0830  8.6356e-15  9.5252e-16  1.1476e-14
1197.0544   1671.86    0.9665    0.0939  1.1098e-14  1.0780e-15  1.1483e-14
1197.0843   1679.39    0.9502    0.0931  1.0917e-14  1.0696e-15  1.1490e-14
1197.1142   1686.92    0.8599    0.0885  9.8855e-15  1.0172e-15  1.1496e-14
1197.1441   1694.45    1.0162    0.0960  1.1689e-14  1.1039e-15  1.1503e-14
1197.1740   1701.99    0.9491    0.0928  1.0924e-14  1.0682e-15  1.1509e-14
1197.2040   1709.52    0.9462    0.0927  1.0896e-14  1.0676e-15  1.1516e-14
1197.2339   1717.05    0.9384    0.0922  1.0812e-14  1.0624e-15  1.1522e-14
1197.2638   1724.58    0.7586    0.0829  8.7456e-15  9.5606e-16  1.1529e-14
1197.2937   1732.12    0.8593    0.0883  9.9126e-15  1.0181e-15  1.1535e-14
1197.3236   1739.65    0.9739    0.0938  1.1240e-14  1.0831e-15  1.1542e-14
1197.3535   1747.18    0.9479    0.0924  1.0947e-14  1.0675e-15  1.1548e-14
1197.3834   1754.71    1.0727    0.0983  1.2395e-14  1.1352e-15  1.1554e-14
1197.4133   1762.25    0.9805    0.0940  1.1334e-14  1.0865e-15  1.1560e-14
1197.4432   1769.78    1.0211    0.0958  1.1810e-14  1.1079e-15  1.1566e-14
1197.4731   1777.31    1.0517    0.0973  1.2171e-14  1.1256e-15  1.1572e-14
1197.5031   1784.84    1.1336    0.1009  1.3125e-14  1.1679e-15  1.1578e-14
1197.5330   1792.38    0.9612    0.0930  1.1135e-14  1.0770e-15  1.1584e-14
1197.5629   1799.91    0.9743    0.0935  1.1292e-14  1.0832e-15  1.1590e-14
1197.5928   1807.44    0.9952    0.0943  1.1540e-14  1.0938e-15  1.1596e-14
1197.6227   1814.97    1.0402    0.0964  1.2069e-14  1.1189e-15  1.1602e-14
1197.6526   1822.51    0.9745    0.0933  1.1312e-14  1.0833e-15  1.1608e-14
1197.6825   1830.04    1.1572    0.1015  1.3438e-14  1.1793e-15  1.1613e-14
1197.7124   1837.57    1.1432    0.1009  1.3283e-14  1.1724e-15  1.1619e-14
1197.7423   1845.10    0.9915    0.0940  1.1526e-14  1.0922e-15  1.1625e-14
1197.7722   1852.64    0.9866    0.0936  1.1475e-14  1.0891e-15  1.1630e-14
1197.8022   1860.17    1.0385    0.0962  1.2083e-14  1.1189e-15  1.1635e-14
1197.8321   1867.70    0.9696    0.0928  1.1288e-14  1.0803e-15  1.1641e-14
1197.8620   1875.23    1.0260    0.0955  1.1949e-14  1.1119e-15  1.1646e-14
1197.8919   1882.77    1.0096    0.0947  1.1763e-14  1.1034e-15  1.1651e-14
1197.9218   1890.30    1.0345    0.0958  1.2058e-14  1.1169e-15  1.1657e-14
1197.9517   1897.83    0.9943    0.0939  1.1596e-14  1.0946e-15  1.1662e-14
1197.9816   1905.36    0.8733    0.0880  1.0189e-14  1.0270e-15  1.1667e-14
1198.0115   1912.90    0.9330    0.0911  1.0890e-14  1.0628e-15  1.1672e-14
1198.0414   1920.43    0.9882    0.0935  1.1539e-14  1.0922e-15  1.1677e-14
1198.0713   1927.96    1.0278    0.0953  1.2007e-14  1.1138e-15  1.1682e-14
1198.1013   1935.49    1.0185    0.0949  1.1903e-14  1.1085e-15  1.1687e-14
1198.1312   1943.03    0.9990    0.0940  1.1679e-14  1.0987e-15  1.1691e-14
1198.1611   1950.56    0.9643    0.0923  1.1278e-14  1.0795e-15  1.1696e-14
1198.1910   1958.09    1.0225    0.0949  1.1964e-14  1.1106e-15  1.1701e-14
1198.2209   1965.62    0.9408    0.0911  1.1013e-14  1.0663e-15  1.1705e-14
1198.2508   1973.16    1.1254    0.0995  1.3179e-14  1.1646e-15  1.1710e-14
1198.2807   1980.69    0.9871    0.0932  1.1564e-14  1.0917e-15  1.1714e-14
1198.3106   1988.22    0.9668    0.0922  1.1330e-14  1.0809e-15  1.1719e-14
1198.3405   1995.75    0.9458    0.0912  1.1088e-14  1.0686e-15  1.1723e-14
1198.3704   2003.29    1.1071    0.0986  1.2983e-14  1.1560e-15  1.1727e-14
1198.4004   2010.82    1.0950    0.0980  1.2846e-14  1.1498e-15  1.1731e-14
1198.4303   2018.35    0.9783    0.0927  1.1481e-14  1.0874e-15  1.1736e-14
1198.4602   2025.88    1.0274    0.0948  1.2061e-14  1.1134e-15  1.1740e-14
1198.4901   2033.42    1.1205    0.0990  1.3158e-14  1.1622e-15  1.1744e-14
1198.5200   2040.95    0.9281    0.0902  1.0903e-14  1.0597e-15  1.1748e-14
1198.5499   2048.48    0.9961    0.0934  1.1706e-14  1.0977e-15  1.1751e-14
1198.5798   2056.01    1.0478    0.0957  1.2317e-14  1.1253e-15  1.1755e-14
1198.6097   2063.55    0.9808    0.0927  1.1533e-14  1.0897e-15  1.1759e-14
1198.6396   2071.08    1.0156    0.0942  1.1947e-14  1.1080e-15  1.1763e-14
1198.6695   2078.61    1.0002    0.0935  1.1768e-14  1.0997e-15  1.1766e-14
1198.6995   2086.14    1.0219    0.0944  1.2027e-14  1.1113e-15  1.1770e-14
1198.7294   2093.68    0.9757    0.0922  1.1487e-14  1.0860e-15  1.1773e-14
1198.7593   2101.21    1.0235    0.0945  1.2053e-14  1.1129e-15  1.1777e-14
1198.7892   2108.74    1.0309    0.0948  1.2144e-14  1.1165e-15  1.1780e-14
1198.8191   2116.27    1.0278    0.0946  1.2110e-14  1.1151e-15  1.1783e-14
1198.8490   2123.81    0.9610    0.0915  1.1326e-14  1.0788e-15  1.1786e-14
1198.8789   2131.34    0.9406    0.0905  1.1089e-14  1.0671e-15  1.1789e-14
1198.9088   2138.87    1.0054    0.0935  1.1856e-14  1.1022e-15  1.1792e-14
1198.9387   2146.40    1.1234    0.0987  1.3251e-14  1.1643e-15  1.1795e-14
1198.9686   2153.94    1.1148    0.0984  1.3153e-14  1.1608e-15  1.1798e-14
1198.9986   2161.47    1.0295    0.0945  1.2148e-14  1.1153e-15  1.1800e-14
1199.0285   2169.00    1.0142    0.0938  1.1970e-14  1.1068e-15  1.1803e-14
1199.0584   2176.53    0.8579    0.0863  1.0127e-14  1.0194e-15  1.1805e-14
1199.0883   2184.07    0.8918    0.0880  1.0530e-14  1.0391e-15  1.1807e-14
1199.1182   2191.60    1.1044    0.0978  1.3042e-14  1.1546e-15  1.1809e-14
1199.1481   2199.13    1.2079    0.1022  1.4267e-14  1.2076e-15  1.1811e-14
1199.1780   2206.66    0.8532    0.0861  1.0079e-14  1.0173e-15  1.1813e-14
1199.2079   2214.20    1.0447    0.0951  1.2342e-14  1.1235e-15  1.1815e-14
1199.2378   2221.73    1.1633    0.1003  1.3746e-14  1.1852e-15  1.1816e-14
1199.2677   2229.26    1.0309    0.0945  1.2183e-14  1.1173e-15  1.1818e-14
1199.2977   2236.79    0.9333    0.0900  1.1030e-14  1.0633e-15  1.1819e-14
1199.3276   2244.33    1.1890    0.1014  1.4054e-14  1.1986e-15  1.1820e-14
1199.3575   2251.86    1.2039    0.1020  1.4232e-14  1.2061e-15  1.1821e-14
1199.3874   2259.39    1.0576    0.0956  1.2503e-14  1.1308e-15  1.1822e-14
1199.4173   2266.92    0.9661    0.0915  1.1422e-14  1.0819e-15  1.1823e-14
1199.4472   2274.46    0.8033    0.0836  9.4977e-15  9.8790e-16  1.1824e-14
1199.4771   2281.99    0.7278    0.0796  8.6059e-15  9.4137e-16  1.1824e-14
1199.5070   2289.52    0.5439    0.0690  6.4309e-15  8.1644e-16  1.1825e-14
1199.5369   2297.05    0.4636    0.0640  5.4822e-15  7.5674e-16  1.1825e-14
1199.5668   2304.59    0.3921    0.0589  4.6366e-15  6.9706e-16  1.1825e-14
1199.5968   2312.12    0.4368    0.0622  5.1654e-15  7.3547e-16  1.1826e-14
1199.6267   2319.65    0.4629    0.0640  5.4746e-15  7.5638e-16  1.1826e-14
1199.6566   2327.18    0.5371    0.0687  6.3514e-15  8.1266e-16  1.1826e-14
1199.6865   2334.72    0.8113    0.0840  9.5939e-15  9.9379e-16  1.1826e-14
1199.7164   2342.25    0.9303    0.0898  1.1001e-14  1.0621e-15  1.1825e-14
1199.7463   2349.78    0.9352    0.0899  1.1059e-14  1.0636e-15  1.1825e-14
1199.7762   2357.31    0.8766    0.0872  1.0365e-14  1.0306e-15  1.1825e-14
1199.8061   2364.85    0.7405    0.0885  8.7555e-15  1.0467e-15  1.1824e-14
1199.8360   2372.38    0.6924    0.0980  8.1864e-15  1.1583e-15  1.1823e-14
1199.8659   2379.91    0.9362    0.1152  1.1068e-14  1.3616e-15  1.1823e-14
1199.8959   2387.44    1.0603    0.1239  1.2535e-14  1.4649e-15  1.1822e-14
1199.9258   2394.98    1.0154    0.1206  1.2003e-14  1.4261e-15  1.1821e-14
1199.9557   2402.51    1.0173    0.1248  1.2024e-14  1.4757e-15  1.1820e-14
1199.9856   2410.04    1.2623    0.1370  1.4918e-14  1.6194e-15  1.1819e-14
1200.0155   2417.57    1.3476    0.1396  1.5926e-14  1.6502e-15  1.1817e-14
1200.0454   2425.11    1.3250    0.1393  1.5657e-14  1.6454e-15  1.1816e-14
1200.0753   2432.64    1.0900    0.1272  1.2878e-14  1.5023e-15  1.1815e-14
1200.1052   2440.17    1.0704    0.1261  1.2645e-14  1.4893e-15  1.1813e-14
1200.1351   2447.70    0.8567    0.1123  1.0119e-14  1.3265e-15  1.1812e-14
1200.1650   2455.24    0.8430    0.1122  9.9559e-15  1.3253e-15  1.1810e-14
1200.1950   2462.77    0.5340    0.0881  6.3053e-15  1.0406e-15  1.1808e-14
1200.2249   2470.30    0.5052    0.0840  5.9640e-15  9.9165e-16  1.1806e-14
1200.2548   2477.83    0.4220    0.0777  4.9818e-15  9.1715e-16  1.1804e-14
1200.2847   2485.37    0.5359    0.0850  6.3248e-15  1.0033e-15  1.1802e-14
1200.3146   2492.90    0.4417    0.0786  5.2124e-15  9.2698e-16  1.1800e-14
1200.3445   2500.43    0.5061    0.0851  5.9711e-15  1.0045e-15  1.1798e-14
1200.3744   2507.96    0.7868    0.1055  9.2812e-15  1.2446e-15  1.1796e-14
1200.4043   2515.50    0.8447    0.1109  9.9616e-15  1.3081e-15  1.1793e-14
1200.4342   2523.03    0.8007    0.0964  9.4415e-15  1.1365e-15  1.1791e-14
1200.4641   2530.56    0.5962    0.0721  7.0284e-15  8.5010e-16  1.1788e-14
1200.4941   2538.09    0.5438    0.0690  6.4088e-15  8.1288e-16  1.1786e-14
1200.5240   2545.63    0.7675    0.0815  9.0433e-15  9.6083e-16  1.1783e-14
1200.5539   2553.16    0.8445    0.0854  9.9490e-15  1.0066e-15  1.1780e-14
1200.5838   2560.69    0.7016    0.0780  8.2634e-15  9.1866e-16  1.1778e-14
1200.6137   2568.22    0.7061    0.0783  8.3146e-15  9.2152e-16  1.1775e-14
1200.6436   2575.76    0.7557    0.0809  8.8962e-15  9.5256e-16  1.1772e-14
1200.6735   2583.29    0.4990    0.0661  5.8720e-15  7.7809e-16  1.1769e-14
1200.7034   2590.82    0.3915    0.0588  4.6068e-15  6.9229e-16  1.1766e-14
1200.7333   2598.35    0.3485    0.0557  4.0993e-15  6.5467e-16  1.1762e-14
1200.7632   2605.89    0.4294    0.0615  5.0496e-15  7.2354e-16  1.1759e-14
1200.7932   2613.42    0.4235    0.0611  4.9792e-15  7.1794e-16  1.1756e-14
1200.8231   2620.95    0.6156    0.0732  7.2342e-15  8.6023e-16  1.1752e-14
1200.8530   2628.48    0.5368    0.0685  6.3071e-15  8.0452e-16  1.1749e-14
1200.8829   2636.02    0.7889    0.0826  9.2656e-15  9.6989e-16  1.1745e-14
1200.9128   2643.55    0.6511    0.0752  7.6450e-15  8.8265e-16  1.1742e-14
1200.9427   2651.08    0.7898    0.0827  9.2713e-15  9.7019e-16  1.1738e-14
1200.9726   2658.61    0.6346    0.0742  7.4473e-15  8.7103e-16  1.1735e-14
1201.0025   2666.15    0.6142    0.0731  7.2046e-15  8.5763e-16  1.1731e-14
1201.0324   2673.68    0.8828    0.0873  1.0352e-14  1.0233e-15  1.1727e-14
1201.0623   2681.21    0.9030    0.0882  1.0586e-14  1.0341e-15  1.1723e-14
1201.0923   2688.74    0.7936    0.0828  9.2999e-15  9.7050e-16  1.1719e-14
1201.1222   2696.28    0.9591    0.0909  1.1237e-14  1.0647e-15  1.1715e-14
1201.1521   2703.81    0.9280    0.0894  1.0868e-14  1.0471e-15  1.1711e-14
1201.1820   2711.34    0.8473    0.0855  9.9193e-15  1.0009e-15  1.1707e-14
1201.2119   2718.87    1.0009    0.0928  1.1713e-14  1.0864e-15  1.1703e-14
1201.2418   2726.41    1.0231    0.0939  1.1969e-14  1.0980e-15  1.1699e-14
1201.2717   2733.94    0.8624    0.0863  1.0086e-14  1.0087e-15  1.1694e-14
1201.3016   2741.47    1.0513    0.0951  1.2289e-14  1.1114e-15  1.1690e-14
1201.3315   2749.00    0.9779    0.0918  1.1428e-14  1.0723e-15  1.1686e-14
1201.3614   2756.54    1.0609    0.0956  1.2392e-14  1.1166e-15  1.1681e-14
1201.3914   2764.07    0.9490    0.0904  1.1081e-14  1.0560e-15  1.1677e-14
1201.4213   2771.60    0.9244    0.0893  1.0791e-14  1.0419e-15  1.1673e-14
1201.4512   2779.13    0.9721    0.0915  1.1342e-14  1.0678e-15  1.1668e-14
1201.4811   2786.67    1.0383    0.0946  1.2111e-14  1.1030e-15  1.1663e-14
1201.5110   2794.20    1.0042    0.0931  1.1708e-14  1.0851e-15  1.1659e-14
1201.5409   2801.73    1.0196    0.0937  1.1883e-14  1.0923e-15  1.1654e-14
1201.5708   2809.26    1.0207    0.0938  1.1891e-14  1.0925e-15  1.1649e-14
1201.6007   2816.80    0.8967    0.0880  1.0442e-14  1.0246e-15  1.1645e-14
