# Wave  Vhel  NormFlux  NormErr      Flux        Error       Continuum
1662.4853  -1489.87    1.1224    0.2116  4.5642e-15  8.6060e-16  4.0664e-15
1662.5220  -1483.29    1.2514    0.2226  5.0881e-15  9.0513e-16  4.0660e-15
1662.5587  -1476.70    0.9971    0.2003  4.0539e-15  8.1452e-16  4.0657e-15
1662.5954  -1470.12    1.0390    0.2043  4.2241e-15  8.3040e-16  4.0654e-15
1662.6321  -1463.54    1.2112    0.2194  4.9236e-15  8.9173e-16  4.0651e-15
1662.6688  -1456.95    0.6898    0.1693  2.8040e-15  6.8828e-16  4.0648e-15
1662.7055  -1450.37    1.2516    0.2228  5.0869e-15  9.0539e-16  4.0644e-15
1662.7422  -1443.79    1.0765    0.2077  4.3749e-15  8.4392e-16  4.0641e-15
1662.7788  -1437.20    0.7141    0.1719  2.9020e-15  6.9852e-16  4.0638e-15
1662.8155  -1430.62    1.0862    0.2085  4.4138e-15  8.4724e-16  4.0635e-15
1662.8522  -1424.04    0.9453    0.1955  3.8409e-15  7.9420e-16  4.0632e-15
1662.8889  -1417.45    1.0966    0.2094  4.4553e-15  8.5087e-16  4.0628e-15
1662.9256  -1410.87    1.0509    0.2110  4.2693e-15  8.5711e-16  4.0625e-15
1662.9623  -1404.29    1.0702    0.2646  4.3474e-15  1.0749e-15  4.0622e-15
1662.9990  -1397.70    1.0965    0.2698  4.4537e-15  1.0957e-15  4.0619e-15
1663.0357  -1391.12    1.0345    0.2718  4.2017e-15  1.1040e-15  4.0615e-15
1663.0724  -1384.54    1.3192    0.2929  5.3575e-15  1.1895e-15  4.0612e-15
1663.1091  -1377.95    0.7985    0.2422  3.2425e-15  9.8353e-16  4.0609e-15
1663.1457  -1371.37    1.1267    0.2918  4.5752e-15  1.1850e-15  4.0606e-15
1663.1824  -1364.79    1.0261    0.2628  4.1661e-15  1.0671e-15  4.0603e-15
1663.2191  -1358.20    1.0858    0.2737  4.4084e-15  1.1111e-15  4.0600e-15
1663.2558  -1351.62    0.8211    0.2586  3.3334e-15  1.0498e-15  4.0596e-15
1663.2925  -1345.04    1.1347    0.2747  4.6059e-15  1.1152e-15  4.0593e-15
1663.3292  -1338.45    1.1442    0.2819  4.6443e-15  1.1443e-15  4.0590e-15
1663.3659  -1331.87    0.6258    0.2244  2.5401e-15  9.1083e-16  4.0587e-15
1663.4026  -1325.29    0.8268    0.2551  3.3555e-15  1.0353e-15  4.0584e-15
1663.4393  -1318.70    1.0614    0.2791  4.3073e-15  1.1328e-15  4.0580e-15
1663.4760  -1312.12    1.3813    0.3086  5.6051e-15  1.2524e-15  4.0577e-15
1663.5126  -1305.54    1.0257    0.2651  4.1617e-15  1.0754e-15  4.0574e-15
1663.5493  -1298.95    0.7881    0.2405  3.1975e-15  9.7592e-16  4.0571e-15
1663.5860  -1292.37    0.9560    0.2574  3.8783e-15  1.0442e-15  4.0568e-15
1663.6227  -1285.79    1.1877    0.2989  4.8178e-15  1.2125e-15  4.0564e-15
1663.6594  -1279.20    1.0497    0.2787  4.2578e-15  1.1306e-15  4.0561e-15
1663.6961  -1272.62    1.1654    0.2845  4.7268e-15  1.1539e-15  4.0558e-15
1663.7328  -1266.04    0.6570    0.1733  2.6645e-15  7.0279e-16  4.0555e-15
1663.7695  -1259.45    0.7429    0.1748  3.0126e-15  7.0889e-16  4.0552e-15
1663.8062  -1252.87    0.7772    0.1785  3.1516e-15  7.2393e-16  4.0548e-15
1663.8429  -1246.29    1.0205    0.2026  4.1376e-15  8.2148e-16  4.0545e-15
1663.8795  -1239.70    0.9809    0.1989  3.9767e-15  8.0657e-16  4.0542e-15
1663.9162  -1233.12    0.8613    0.1874  3.4916e-15  7.5972e-16  4.0539e-15
1663.9529  -1226.54    0.7682    0.1778  3.1139e-15  7.2064e-16  4.0536e-15
1663.9896  -1219.95    1.0117    0.2019  4.1008e-15  8.1850e-16  4.0533e-15
1664.0263  -1213.37    1.0292    0.2036  4.1713e-15  8.2503e-16  4.0529e-15
1664.0630  -1206.79    1.1218    0.2121  4.5462e-15  8.5964e-16  4.0526e-15
1664.0997  -1200.20    0.6683    0.1669  2.7083e-15  6.7643e-16  4.0523e-15
1664.1364  -1193.62    0.9358    0.1947  3.7917e-15  7.8894e-16  4.0520e-15
1664.1731  -1187.04    0.8710    0.1883  3.5290e-15  7.6276e-16  4.0517e-15
1664.2098  -1180.45    0.9179    0.1929  3.7186e-15  7.8156e-16  4.0514e-15
1664.2464  -1173.87    0.9446    0.1955  3.8267e-15  7.9188e-16  4.0510e-15
1664.2831  -1167.29    0.9644    0.1975  3.9067e-15  8.0005e-16  4.0507e-15
1664.3198  -1160.70    1.1378    0.2134  4.6085e-15  8.6449e-16  4.0504e-15
1664.3565  -1154.12    1.0190    0.2027  4.1269e-15  8.2093e-16  4.0501e-15
1664.3932  -1147.54    1.1711    0.2165  4.7426e-15  8.7671e-16  4.0498e-15
1664.4299  -1140.95    1.0510    0.2058  4.2559e-15  8.3351e-16  4.0495e-15
1664.4666  -1134.37    1.0304    0.2039  4.1722e-15  8.2560e-16  4.0491e-15
1664.5033  -1127.79    0.9989    0.2010  4.0445e-15  8.1366e-16  4.0488e-15
1664.5400  -1121.20    0.9200    0.1935  3.7247e-15  7.8329e-16  4.0485e-15
1664.5767  -1114.62    0.7902    0.1804  3.1988e-15  7.3027e-16  4.0482e-15
1664.6133  -1108.04    1.0888    0.2095  4.4074e-15  8.4799e-16  4.0479e-15
1664.6500  -1101.45    1.1357    0.2138  4.5970e-15  8.6543e-16  4.0476e-15
1664.6867  -1094.87    0.9883    0.2004  3.9999e-15  8.1127e-16  4.0472e-15
1664.7234  -1088.29    0.8532    0.1872  3.4530e-15  7.5746e-16  4.0469e-15
1664.7601  -1081.70    1.0632    0.2073  4.3025e-15  8.3897e-16  4.0466e-15
1664.7968  -1075.12    0.9737    0.1991  3.9400e-15  8.0552e-16  4.0463e-15
1664.8335  -1068.54    1.1667    0.2167  4.7204e-15  8.7678e-16  4.0460e-15
1664.8702  -1061.95    1.2521    0.2241  5.0654e-15  9.0653e-16  4.0457e-15
1664.9069  -1055.37    1.2127    0.2206  4.9058e-15  8.9259e-16  4.0454e-15
1664.9436  -1048.79    0.8834    0.1905  3.5734e-15  7.7071e-16  4.0450e-15
1664.9802  -1042.20    1.0799    0.2092  4.3679e-15  8.4630e-16  4.0447e-15
1665.0169  -1035.62    0.9340    0.1956  3.7775e-15  7.9098e-16  4.0444e-15
1665.0536  -1029.04    0.9319    0.1953  3.7689e-15  7.8977e-16  4.0441e-15
1665.0903  -1022.45    1.0893    0.2101  4.4047e-15  8.4977e-16  4.0438e-15
1665.1270  -1015.87    1.0165    0.2034  4.1102e-15  8.2231e-16  4.0435e-15
1665.1637  -1009.29    0.9158    0.1938  3.7026e-15  7.8351e-16  4.0432e-15
1665.2004  -1002.70    0.7619    0.1782  3.0800e-15  7.2051e-16  4.0428e-15
1665.2371   -996.12    0.6569    0.1668  2.6556e-15  6.7416e-16  4.0425e-15
1665.2738   -989.54    1.1961    0.2196  4.8350e-15  8.8775e-16  4.0422e-15
1665.3105   -982.95    1.0244    0.2042  4.1405e-15  8.2534e-16  4.0419e-15
1665.3471   -976.37    1.2097    0.2209  4.8890e-15  8.9262e-16  4.0416e-15
1665.3838   -969.79    1.0215    0.2040  4.1282e-15  8.2461e-16  4.0413e-15
1665.4205   -963.20    0.8823    0.1906  3.5653e-15  7.7023e-16  4.0410e-15
1665.4572   -956.62    1.3303    0.2310  5.3753e-15  9.3324e-16  4.0406e-15
1665.4939   -950.04    1.2192    0.2216  4.9262e-15  8.9528e-16  4.0403e-15
1665.5306   -943.45    1.4532    0.2409  5.8710e-15  9.7315e-16  4.0400e-15
1665.5673   -936.87    1.0307    0.2049  4.1638e-15  8.2757e-16  4.0397e-15
1665.6040   -930.29    0.7089    0.1724  2.8636e-15  6.9652e-16  4.0394e-15
1665.6407   -923.70    0.9635    0.1985  3.8915e-15  8.0194e-16  4.0391e-15
1665.6774   -917.12    1.2280    0.2225  4.9598e-15  8.9846e-16  4.0388e-15
1665.7140   -910.54    1.2010    0.2201  4.8503e-15  8.8891e-16  4.0385e-15
1665.7507   -903.95    0.8114    0.1832  3.2767e-15  7.3985e-16  4.0381e-15
1665.7874   -897.37    1.0293    0.2047  4.1561e-15  8.2640e-16  4.0378e-15
1665.8241   -890.79    0.9664    0.1987  3.9019e-15  8.0236e-16  4.0375e-15
1665.8608   -884.20    0.9304    0.1952  3.7563e-15  7.8805e-16  4.0372e-15
1665.8975   -877.62    0.9671    0.1986  3.9041e-15  8.0185e-16  4.0369e-15
1665.9342   -871.04    0.7775    0.1797  3.1386e-15  7.2539e-16  4.0366e-15
1665.9709   -864.45    0.9911    0.2011  4.0001e-15  8.1173e-16  4.0363e-15
1666.0076   -857.87    1.1178    0.2128  4.5112e-15  8.5896e-16  4.0360e-15
1666.0443   -851.29    1.0661    0.2081  4.3023e-15  8.4000e-16  4.0356e-15
1666.0809   -844.70    1.0353    0.2053  4.1779e-15  8.2865e-16  4.0353e-15
1666.1176   -838.12    1.2814    0.2271  5.1703e-15  9.1621e-16  4.0350e-15
1666.1543   -831.54    1.0950    0.2109  4.4180e-15  8.5094e-16  4.0347e-15
1666.1910   -824.95    1.0963    0.2109  4.4229e-15  8.5094e-16  4.0344e-15
1666.2277   -818.37    0.9454    0.1967  3.8140e-15  7.9336e-16  4.0341e-15
1666.2644   -811.79    1.1506    0.2157  4.6414e-15  8.7010e-16  4.0338e-15
1666.3011   -805.20    1.1594    0.2164  4.6764e-15  8.7295e-16  4.0335e-15
1666.3378   -798.62    1.1887    0.2190  4.7942e-15  8.8338e-16  4.0332e-15
1666.3745   -792.03    0.9628    0.1983  3.8826e-15  7.9962e-16  4.0328e-15
1666.4112   -785.45    0.8831    0.1904  3.5613e-15  7.6763e-16  4.0325e-15
1666.4478   -778.87    0.9270    0.1947  3.7378e-15  7.8524e-16  4.0322e-15
1666.4845   -772.28    0.9872    0.2006  3.9802e-15  8.0873e-16  4.0319e-15
1666.5212   -765.70    0.8043    0.1825  3.2425e-15  7.3568e-16  4.0316e-15
1666.5579   -759.12    1.1296    0.2139  4.5538e-15  8.6209e-16  4.0313e-15
1666.5946   -752.53    0.8111    0.1833  3.2695e-15  7.3894e-16  4.0310e-15
1666.6313   -745.95    0.5957    0.1594  2.4011e-15  6.4236e-16  4.0307e-15
1666.6680   -739.37    0.7488    0.1770  3.0179e-15  7.1355e-16  4.0304e-15
1666.7047   -732.78    1.0264    0.2050  4.1366e-15  8.2626e-16  4.0301e-15
1666.7414   -726.20    1.3402    0.2325  5.4006e-15  9.3675e-16  4.0297e-15
1666.7781   -719.62    0.9859    0.2012  3.9728e-15  8.1063e-16  4.0294e-15
1666.8147   -713.03    0.8690    0.1898  3.5014e-15  7.6460e-16  4.0291e-15
1666.8514   -706.45    1.1564    0.2169  4.6589e-15  8.7384e-16  4.0288e-15
1666.8881   -699.87    0.8159    0.1844  3.2867e-15  7.4279e-16  4.0285e-15
1666.9248   -693.28    0.9753    0.2004  3.9288e-15  8.0739e-16  4.0282e-15
1666.9615   -686.70    1.3814    0.2362  5.5641e-15  9.5123e-16  4.0279e-15
1666.9982   -680.12    1.5221    0.2475  6.1303e-15  9.9686e-16  4.0276e-15
1667.0349   -673.53    1.1648    0.2181  4.6911e-15  8.7842e-16  4.0273e-15
1667.0716   -666.95    1.1988    0.2211  4.8277e-15  8.9038e-16  4.0270e-15
1667.1083   -660.37    0.9827    0.2016  3.9571e-15  8.1192e-16  4.0267e-15
1667.1450   -653.78    0.9121    0.1949  3.6723e-15  7.8459e-16  4.0264e-15
1667.1816   -647.20    0.8281    0.1864  3.3338e-15  7.5043e-16  4.0261e-15
1667.2183   -640.62    1.3424    0.2334  5.4043e-15  9.3944e-16  4.0257e-15
1667.2550   -634.03    1.0522    0.2082  4.2354e-15  8.3826e-16  4.0254e-15
1667.2917   -627.45    1.0128    0.2045  4.0766e-15  8.2332e-16  4.0251e-15
1667.3284   -620.87    0.8908    0.1928  3.5854e-15  7.7600e-16  4.0248e-15
1667.3651   -614.28    1.1926    0.2208  4.7997e-15  8.8844e-16  4.0245e-15
1667.4018   -607.70    0.8889    0.1927  3.5770e-15  7.7557e-16  4.0242e-15
1667.4385   -601.12    0.9741    0.2011  3.9197e-15  8.0940e-16  4.0239e-15
1667.4752   -594.53    1.1252    0.2151  4.5273e-15  8.6546e-16  4.0236e-15
1667.5119   -587.95    1.2200    0.2234  4.9084e-15  8.9899e-16  4.0233e-15
1667.5485   -581.37    0.9675    0.2007  3.8921e-15  8.0729e-16  4.0230e-15
1667.5852   -574.78    1.0325    0.2069  4.1535e-15  8.3246e-16  4.0227e-15
1667.6219   -568.20    0.9973    0.2037  4.0116e-15  8.1940e-16  4.0224e-15
1667.6586   -561.62    0.8573    0.1900  3.4480e-15  7.6425e-16  4.0221e-15
1667.6953   -555.03    1.0612    0.2099  4.2680e-15  8.4428e-16  4.0218e-15
1667.7320   -548.45    0.9757    0.2019  3.9239e-15  8.1186e-16  4.0215e-15
1667.7687   -541.87    1.1606    0.2189  4.6671e-15  8.8037e-16  4.0211e-15
1667.8054   -535.28    0.9372    0.1983  3.7685e-15  7.9749e-16  4.0208e-15
1667.8421   -528.70    1.0188    0.2063  4.0961e-15  8.2956e-16  4.0205e-15
1667.8788   -522.12    0.6854    0.1724  2.7553e-15  6.9323e-16  4.0202e-15
1667.9154   -515.53    0.8400    0.1888  3.3767e-15  7.5894e-16  4.0199e-15
1667.9521   -508.95    0.7271    0.1768  2.9225e-15  7.1065e-16  4.0196e-15
1667.9888   -502.37    0.6839    0.1721  2.7488e-15  6.9165e-16  4.0193e-15
1668.0255   -495.78    0.9006    0.1949  3.6194e-15  7.8348e-16  4.0190e-15
1668.0622   -489.20    1.2023    0.2229  4.8319e-15  8.9594e-16  4.0187e-15
1668.0989   -482.62    0.9985    0.2046  4.0126e-15  8.2209e-16  4.0184e-15
1668.1356   -476.03    0.9327    0.1981  3.7477e-15  7.9588e-16  4.0181e-15
1668.1723   -469.45    0.6863    0.1724  2.7574e-15  6.9267e-16  4.0178e-15
1668.2090   -462.87    0.9531    0.2003  3.8290e-15  8.0464e-16  4.0175e-15
1668.2457   -456.28    0.9402    0.1990  3.7770e-15  7.9941e-16  4.0172e-15
1668.2823   -449.70    0.6944    0.1736  2.7895e-15  6.9714e-16  4.0169e-15
1668.3190   -443.12    1.0367    0.2084  4.1640e-15  8.3688e-16  4.0166e-15
1668.3557   -436.53    1.0112    0.2060  4.0612e-15  8.2728e-16  4.0163e-15
1668.3924   -429.95    1.2729    0.2292  5.1121e-15  9.2062e-16  4.0160e-15
1668.4291   -423.37    0.9882    0.2038  3.9685e-15  8.1855e-16  4.0157e-15
1668.4658   -416.78    0.9847    0.2036  3.9540e-15  8.1759e-16  4.0154e-15
1668.5025   -410.20    0.9799    0.2033  3.9342e-15  8.1618e-16  4.0151e-15
1668.5392   -403.62    1.2073    0.2240  4.8471e-15  8.9914e-16  4.0148e-15
1668.5759   -397.03    1.1254    0.2168  4.5178e-15  8.7044e-16  4.0145e-15
1668.6126   -390.45    0.7807    0.1835  3.1338e-15  7.3668e-16  4.0142e-15
1668.6492   -383.87    0.7813    0.1835  3.1360e-15  7.3646e-16  4.0139e-15
1668.6859   -377.28    0.9376    0.1993  3.7631e-15  7.9980e-16  4.0136e-15
1668.7226   -370.70    0.8836    0.1941  3.5461e-15  7.7908e-16  4.0133e-15
1668.7593   -364.12    0.7299    0.1781  2.9289e-15  7.1457e-16  4.0130e-15
1668.7960   -357.53    1.1280    0.2172  4.5264e-15  8.7153e-16  4.0126e-15
1668.8327   -350.95    1.1281    0.2174  4.5263e-15  8.7229e-16  4.0123e-15
1668.8694   -344.37    1.0991    0.2149  4.4097e-15  8.6239e-16  4.0120e-15
1668.9061   -337.78    0.7266    0.1783  2.9150e-15  7.1515e-16  4.0117e-15
1668.9428   -331.20    0.8760    0.1938  3.5141e-15  7.7761e-16  4.0114e-15
1668.9795   -324.62    1.0041    0.2062  4.0276e-15  8.2696e-16  4.0111e-15
1669.0161   -318.03    1.0827    0.2134  4.3424e-15  8.5608e-16  4.0108e-15
1669.0528   -311.45    0.8422    0.1904  3.3777e-15  7.6361e-16  4.0105e-15
1669.0895   -304.87    0.9275    0.1987  3.7195e-15  7.9703e-16  4.0102e-15
1669.1262   -298.28    0.9817    0.2042  3.9364e-15  8.1871e-16  4.0099e-15
1669.1629   -291.70    1.0472    0.2105  4.1988e-15  8.4385e-16  4.0096e-15
1669.1996   -285.12    0.9900    0.2052  3.9693e-15  8.2291e-16  4.0093e-15
1669.2363   -278.53    0.9270    0.1991  3.7165e-15  7.9831e-16  4.0090e-15
1669.2730   -271.95    0.9752    0.2037  3.9092e-15  8.1676e-16  4.0087e-15
1669.3097   -265.37    1.0822    0.2139  4.3377e-15  8.5721e-16  4.0084e-15
1669.3464   -258.78    0.8867    0.1954  3.5539e-15  7.8321e-16  4.0081e-15
1669.3830   -252.20    0.8718    0.1939  3.4939e-15  7.7722e-16  4.0078e-15
1669.4197   -245.62    0.8610    0.1928  3.4507e-15  7.7273e-16  4.0075e-15
1669.4564   -239.03    0.9759    0.2042  3.9107e-15  8.1814e-16  4.0072e-15
1669.4931   -232.45    0.9698    0.2037  3.8859e-15  8.1628e-16  4.0069e-15
1669.5298   -225.87    0.4552    0.1467  1.8240e-15  5.8758e-16  4.0066e-15
1669.5665   -219.28    0.9493    0.2020  3.8034e-15  8.0920e-16  4.0063e-15
1669.6032   -212.70    0.9810    0.2052  3.9298e-15  8.2207e-16  4.0060e-15
1669.6399   -206.12    1.1648    0.2219  4.6659e-15  8.8905e-16  4.0058e-15
1669.6766   -199.53    1.0099    0.2079  4.0452e-15  8.3257e-16  4.0055e-15
1669.7133   -192.95    0.8658    0.1937  3.4677e-15  7.7574e-16  4.0052e-15
1669.7499   -186.37    0.9374    0.2008  3.7540e-15  8.0412e-16  4.0049e-15
1669.7866   -179.78    0.9639    0.2034  3.8601e-15  8.1441e-16  4.0046e-15
1669.8233   -173.20    0.9939    0.2061  3.9798e-15  8.2536e-16  4.0043e-15
1669.8600   -166.62    0.9209    0.1991  3.6874e-15  7.9737e-16  4.0040e-15
1669.8967   -160.03    1.1596    0.2214  4.6425e-15  8.8628e-16  4.0037e-15
1669.9334   -153.45    1.3000    0.2335  5.2042e-15  9.3462e-16  4.0034e-15
1669.9701   -146.87    0.8671    0.1937  3.4712e-15  7.7544e-16  4.0031e-15
1670.0068   -140.28    1.0334    0.2097  4.1364e-15  8.3957e-16  4.0028e-15
1670.0435   -133.70    0.7292    0.1790  2.9185e-15  7.1636e-16  4.0025e-15
1670.0802   -127.12    0.8281    0.1893  3.3142e-15  7.5757e-16  4.0022e-15
1670.1168   -120.53    0.7952    0.1859  3.1824e-15  7.4394e-16  4.0019e-15
1670.1535   -113.95    0.8922    0.1959  3.5703e-15  7.8388e-16  4.0016e-15
1670.1902   -107.37    1.1171    0.2173  4.4699e-15  8.6947e-16  4.0013e-15
1670.2269   -100.78    1.0367    0.2100  4.1478e-15  8.4003e-16  4.0010e-15
1670.2636    -94.20    1.0077    0.2071  4.0315e-15  8.2864e-16  4.0007e-15
1670.3003    -87.62    0.7877    0.1852  3.1510e-15  7.4079e-16  4.0004e-15
1670.3370    -81.03    1.1704    0.2218  4.6819e-15  8.8705e-16  4.0001e-15
1670.3737    -74.45    0.8523    0.1915  3.4092e-15  7.6597e-16  3.9998e-15
1670.4104    -67.87    0.7132    0.1767  2.8525e-15  7.0680e-16  3.9995e-15
1670.4471    -61.28    0.9751    0.2536  3.8998e-15  1.0140e-15  3.9992e-15
1670.4837    -54.70    0.5888    0.2101  2.3547e-15  8.4031e-16  3.9989e-15
1670.5204    -48.12    0.3963    0.1768  1.5847e-15  7.0703e-16  3.9986e-15
1670.5571    -41.53    0.1984    0.1214  7.9324e-16  4.8537e-16  3.9983e-15
1670.5938    -34.95    0.3369    0.1658  1.3471e-15  6.6294e-16  3.9980e-15
1670.6305    -28.37    0.2859    0.1634  1.1428e-15  6.5321e-16  3.9978e-15
1670.6672    -21.78    0.1125    0.1178  4.4962e-16  4.7084e-16  3.9975e-15
1670.7039    -15.20    0.2052    0.1421  8.2010e-16  5.6794e-16  3.9972e-15
1670.7406     -8.62    0.2641    0.1549  1.0554e-15  6.1897e-16  3.9969e-15
1670.7773     -2.03    0.0903    0.1055  3.6103e-16  4.2159e-16  3.9966e-15
1670.8140      4.55    0.1122    0.1166  4.4857e-16  4.6582e-16  3.9963e-15
1670.8506     11.13    0.0654    0.0911  2.6117e-16  3.6416e-16  3.9960e-15
1670.8873     17.72   -0.0480    0.0488  -1.9166e-16  1.9492e-16  3.9957e-15
1670.9240     24.30    0.0988    0.1113  3.9470e-16  4.4481e-16  3.9954e-15
1670.9607     30.88    0.0330    0.0855  1.3181e-16  3.4159e-16  3.9951e-15
1670.9974     37.47    0.2350    0.1665  9.3886e-16  6.6511e-16  3.9948e-15
1671.0341     44.05    0.2212    0.1433  8.8362e-16  5.7254e-16  3.9945e-15
1671.0708     50.63    0.1747    0.1285  6.9774e-16  5.1324e-16  3.9942e-15
1671.1075     57.22    0.0615    0.0962  2.4560e-16  3.8409e-16  3.9939e-15
1671.1442     63.80    0.1471    0.0997  5.8750e-16  3.9834e-16  3.9937e-15
1671.1809     70.38    0.3757    0.1358  1.5004e-15  5.4215e-16  3.9934e-15
1671.2175     76.97    0.2032    0.1060  8.1140e-16  4.2321e-16  3.9931e-15
1671.2542     83.55    0.2858    0.1205  1.1412e-15  4.8108e-16  3.9928e-15
1671.2909     90.13    0.3952    0.1372  1.5778e-15  5.4783e-16  3.9925e-15
1671.3276     96.72    0.6172    0.1658  2.4638e-15  6.6199e-16  3.9922e-15
1671.3643    103.30    0.8095    0.1872  3.2315e-15  7.4735e-16  3.9919e-15
1671.4010    109.88    0.6846    0.1736  2.7325e-15  6.9303e-16  3.9916e-15
1671.4377    116.47    0.7000    0.1754  2.7939e-15  6.9998e-16  3.9913e-15
1671.4744    123.05    0.6018    0.1640  2.4019e-15  6.5463e-16  3.9910e-15
1671.5111    129.63    0.7219    0.1782  2.8809e-15  7.1102e-16  3.9907e-15
1671.5478    136.22    0.8092    0.1877  3.2292e-15  7.4895e-16  3.9905e-15
1671.5844    142.80    0.4714    0.1482  1.8810e-15  5.9119e-16  3.9902e-15
1671.6211    149.38    0.7854    0.1854  3.1335e-15  7.3965e-16  3.9899e-15
1671.6578    155.97    0.8533    0.1926  3.4044e-15  7.6849e-16  3.9896e-15
1671.6945    162.55    0.9071    0.1980  3.6188e-15  7.8998e-16  3.9893e-15
1671.7312    169.13    0.8948    0.1968  3.5694e-15  7.8503e-16  3.9890e-15
1671.7679    175.72    1.0983    0.2163  4.3808e-15  8.6268e-16  3.9887e-15
1671.8046    182.30    1.1110    0.2175  4.4313e-15  8.6734e-16  3.9884e-15
1671.8413    188.88    1.2582    0.2304  5.0177e-15  9.1884e-16  3.9881e-15
1671.8780    195.47    1.0608    0.2128  4.2301e-15  8.4881e-16  3.9878e-15
1671.9147    202.05    0.8094    0.1881  3.2274e-15  7.5010e-16  3.9876e-15
1671.9513    208.63    1.0418    0.2112  4.1539e-15  8.4203e-16  3.9873e-15
1671.9880    215.22    0.7960    0.1868  3.1736e-15  7.4458e-16  3.9870e-15
1672.0247    221.80    0.9723    0.2043  3.8765e-15  8.1438e-16  3.9867e-15
1672.0614    228.38    0.9274    0.2000  3.6970e-15  7.9713e-16  3.9864e-15
1672.0981    234.97    1.0201    0.2090  4.0664e-15  8.3324e-16  3.9861e-15
1672.1348    241.55    1.2887    0.2331  5.1366e-15  9.2908e-16  3.9858e-15
1672.1715    248.13    0.9212    0.1993  3.6716e-15  7.9441e-16  3.9855e-15
1672.2082    254.72    0.7655    0.1834  3.0508e-15  7.3089e-16  3.9853e-15
1672.2449    261.30    0.4916    0.1509  1.9592e-15  6.0151e-16  3.9850e-15
1672.2816    267.88    0.8534    0.1926  3.4005e-15  7.6758e-16  3.9847e-15
1672.3182    274.47    0.9298    0.2003  3.7045e-15  7.9826e-16  3.9844e-15
1672.3549    281.05    1.0246    0.2094  4.0822e-15  8.3440e-16  3.9841e-15
1672.3916    287.63    0.7948    0.1866  3.1662e-15  7.4339e-16  3.9838e-15
1672.4283    294.22    0.9061    0.1983  3.6093e-15  7.8974e-16  3.9835e-15
1672.4650    300.80    1.3171    0.2360  5.2464e-15  9.4005e-16  3.9833e-15
1672.5017    307.38    0.9851    0.2065  3.9237e-15  8.2245e-16  3.9830e-15
1672.5384    313.97    1.0550    0.2131  4.2015e-15  8.4854e-16  3.9827e-15
1672.5751    320.55    1.0772    0.2152  4.2897e-15  8.5685e-16  3.9824e-15
1672.6118    327.13    1.1210    0.2193  4.4638e-15  8.7326e-16  3.9821e-15
1672.6485    333.72    0.9786    0.2060  3.8967e-15  8.2034e-16  3.9818e-15
1672.6851    340.30    0.9805    0.2061  3.9038e-15  8.2079e-16  3.9815e-15
1672.7218    346.88    1.1174    0.2187  4.4485e-15  8.7083e-16  3.9813e-15
1672.7585    353.47    0.8748    0.1954  3.4827e-15  7.7775e-16  3.9810e-15
1672.7952    360.05    1.1933    0.2254  4.7501e-15  8.9732e-16  3.9807e-15
1672.8319    366.63    1.0180    0.2094  4.0520e-15  8.3334e-16  3.9804e-15
1672.8686    373.22    0.7465    0.1817  2.9710e-15  7.2330e-16  3.9801e-15
1672.9053    379.80    0.8737    0.1951  3.4770e-15  7.7650e-16  3.9798e-15
1672.9420    386.38    1.0496    0.2122  4.1768e-15  8.4466e-16  3.9796e-15
1672.9787    392.97    0.9818    0.2058  3.9068e-15  8.1912e-16  3.9793e-15
1673.0154    399.55    1.0155    0.2092  4.0405e-15  8.3229e-16  3.9790e-15
1673.0520    406.13    1.2449    0.2300  4.9531e-15  9.1503e-16  3.9787e-15
1673.0887    412.72    0.9409    0.2019  3.7434e-15  8.0319e-16  3.9784e-15
1673.1254    419.30    0.9671    0.2115  3.8472e-15  8.4119e-16  3.9781e-15
1673.1621    425.88    1.1073    0.2829  4.4046e-15  1.1253e-15  3.9779e-15
1673.1988    432.47    1.0551    0.2885  4.1968e-15  1.1475e-15  3.9776e-15
1673.2355    439.05    0.9746    0.2759  3.8764e-15  1.0973e-15  3.9773e-15
1673.2722    445.63    0.9256    0.2715  3.6812e-15  1.0796e-15  3.9770e-15
1673.3089    452.22    0.8016    0.2557  3.1879e-15  1.0169e-15  3.9767e-15
1673.3456    458.80    1.1917    0.2948  4.7388e-15  1.1722e-15  3.9764e-15
1673.3823    465.38    1.1457    0.2946  4.5556e-15  1.1715e-15  3.9762e-15
1673.4189    471.97    1.0178    0.2715  4.0468e-15  1.0793e-15  3.9759e-15
1673.4556    478.55    1.0121    0.2792  4.0237e-15  1.1099e-15  3.9756e-15
1673.4923    485.13    0.9108    0.2709  3.6206e-15  1.0768e-15  3.9753e-15
1673.5290    491.72    1.0131    0.2843  4.0273e-15  1.1300e-15  3.9750e-15
1673.5657    498.30    1.0015    0.2897  3.9805e-15  1.1515e-15  3.9748e-15
1673.6024    504.88    1.1737    0.2938  4.6647e-15  1.1677e-15  3.9745e-15
1673.6391    511.47    1.2893    0.3093  5.1238e-15  1.2292e-15  3.9742e-15
1673.6758    518.05    1.0512    0.2795  4.1772e-15  1.1107e-15  3.9739e-15
1673.7125    524.63    1.0671    0.2780  4.2403e-15  1.1046e-15  3.9736e-15
1673.7492    531.22    0.9279    0.2724  3.6869e-15  1.0823e-15  3.9734e-15
1673.7858    537.80    1.0227    0.2827  4.0631e-15  1.1233e-15  3.9731e-15
1673.8225    544.38    0.6799    0.2280  2.7012e-15  9.0582e-16  3.9728e-15
1673.8592    550.97    1.0546    0.2775  4.1895e-15  1.1023e-15  3.9725e-15
1673.8959    557.55    0.8574    0.2338  3.4057e-15  9.2889e-16  3.9722e-15
1673.9326    564.14    1.1415    0.2216  4.5339e-15  8.8010e-16  3.9720e-15
1673.9693    570.72    1.0516    0.2133  4.1765e-15  8.4732e-16  3.9717e-15
1674.0060    577.30    0.9186    0.2006  3.6483e-15  7.9665e-16  3.9714e-15
1674.0427    583.89    1.2551    0.2319  4.9840e-15  9.2075e-16  3.9711e-15
1674.0794    590.47    0.9205    0.2009  3.6553e-15  7.9759e-16  3.9708e-15
1674.1161    597.05    1.2562    0.2320  4.9878e-15  9.2130e-16  3.9706e-15
1674.1527    603.64    0.9806    0.2069  3.8932e-15  8.2140e-16  3.9703e-15
1674.1894    610.22    1.0377    0.2123  4.1195e-15  8.4287e-16  3.9700e-15
1674.2261    616.80    0.7143    0.1793  2.8356e-15  7.1194e-16  3.9697e-15
1674.2628    623.39    0.8392    0.1929  3.3311e-15  7.6578e-16  3.9695e-15
1674.2995    629.97    0.8834    0.1976  3.5062e-15  7.8428e-16  3.9692e-15
1674.3362    636.55    1.0507    0.2139  4.1702e-15  8.4889e-16  3.9689e-15
1674.3729    643.14    0.8855    0.1977  3.5141e-15  7.8470e-16  3.9686e-15
1674.4096    649.72    0.8456    0.1936  3.3555e-15  7.6821e-16  3.9684e-15
1674.4463    656.30    1.0803    0.2164  4.2869e-15  8.5888e-16  3.9681e-15
1674.4830    662.89    0.8203    0.1907  3.2547e-15  7.5673e-16  3.9678e-15
1674.5196    669.47    0.9098    0.1999  3.6096e-15  7.9320e-16  3.9675e-15
1674.5563    676.05    0.7690    0.1854  3.0509e-15  7.3555e-16  3.9672e-15
1674.5930    682.64    0.9852    0.2075  3.9084e-15  8.2319e-16  3.9670e-15
1674.6297    689.22    0.9266    0.2017  3.6756e-15  8.0001e-16  3.9667e-15
1674.6664    695.80    0.8619    0.1951  3.4186e-15  7.7371e-16  3.9664e-15
1674.7031    702.39    1.2432    0.2310  4.9306e-15  9.1611e-16  3.9661e-15
1674.7398    708.97    1.3503    0.2401  5.3552e-15  9.5230e-16  3.9659e-15
1674.7765    715.55    1.2024    0.2275  4.7683e-15  9.0206e-16  3.9656e-15
1674.8132    722.14    1.0902    0.2174  4.3229e-15  8.6204e-16  3.9653e-15
1674.8499    728.72    1.0495    0.2136  4.1612e-15  8.4706e-16  3.9650e-15
1674.8865    735.30    1.1830    0.2259  4.6904e-15  8.9581e-16  3.9648e-15
1674.9232    741.89    0.7390    0.1821  2.9296e-15  7.2194e-16  3.9645e-15
1674.9599    748.47    0.8338    0.1923  3.3053e-15  7.6247e-16  3.9642e-15
1674.9966    755.05    1.0014    0.2089  3.9696e-15  8.2825e-16  3.9640e-15
1675.0333    761.64    0.9866    0.2078  3.9106e-15  8.2351e-16  3.9637e-15
1675.0700    768.22    0.9141    0.2007  3.6228e-15  7.9544e-16  3.9634e-15
1675.1067    774.80    1.2504    0.2321  4.9555e-15  9.1973e-16  3.9631e-15
1675.1434    781.39    0.9505    0.2045  3.7665e-15  8.1021e-16  3.9629e-15
1675.1801    787.97    0.6543    0.1730  2.5926e-15  6.8540e-16  3.9626e-15
1675.2168    794.55    1.1289    0.2216  4.4730e-15  8.7795e-16  3.9623e-15
1675.2534    801.14    0.8196    0.1916  3.2474e-15  7.5900e-16  3.9620e-15
1675.2901    807.72    0.9192    0.2018  3.6418e-15  7.9941e-16  3.9618e-15
1675.3268    814.30    1.0359    0.2132  4.1037e-15  8.4471e-16  3.9615e-15
1675.3635    820.89    0.8682    0.1970  3.4392e-15  7.8020e-16  3.9612e-15
1675.4002    827.47    0.9799    0.2081  3.8813e-15  8.2426e-16  3.9610e-15
1675.4369    834.05    0.7655    0.1861  3.0320e-15  7.3719e-16  3.9607e-15
1675.4736    840.64    1.0648    0.2160  4.2169e-15  8.5553e-16  3.9604e-15
1675.5103    847.22    1.0534    0.2150  4.1716e-15  8.5149e-16  3.9601e-15
1675.5470    853.80    1.2363    0.2316  4.8955e-15  9.1702e-16  3.9599e-15
1675.5837    860.39    0.9855    0.2087  3.9022e-15  8.2626e-16  3.9596e-15
1675.6203    866.97    0.9515    0.2054  3.7673e-15  8.1330e-16  3.9593e-15
1675.6570    873.55    1.1983    0.2284  4.7442e-15  9.0436e-16  3.9591e-15
1675.6937    880.14    1.2137    0.2298  4.8049e-15  9.0975e-16  3.9588e-15
1675.7304    886.72    1.0349    0.2136  4.0969e-15  8.4543e-16  3.9585e-15
1675.7671    893.30    0.6158    0.1694  2.4376e-15  6.7046e-16  3.9583e-15
1675.8038    899.89    1.1351    0.2229  4.4928e-15  8.8232e-16  3.9580e-15
1675.8405    906.47    1.0454    0.2148  4.1374e-15  8.4997e-16  3.9577e-15
1675.8772    913.05    0.9038    0.2012  3.5769e-15  7.9620e-16  3.9575e-15
1675.9139    919.64    1.0598    0.2164  4.1940e-15  8.5649e-16  3.9572e-15
1675.9506    926.22    1.2142    0.2305  4.8043e-15  9.1214e-16  3.9569e-15
1675.9872    932.80    1.3659    0.2437  5.4043e-15  9.6424e-16  3.9566e-15
1676.0239    939.39    1.3263    0.2404  5.2475e-15  9.5109e-16  3.9564e-15
1676.0606    945.97    1.0851    0.2191  4.2927e-15  8.6694e-16  3.9561e-15
1676.0973    952.55    0.6495    0.1743  2.5691e-15  6.8958e-16  3.9558e-15
1676.1340    959.14    0.9024    0.2018  3.5695e-15  7.9807e-16  3.9556e-15
1676.1707    965.72    0.8821    0.1997  3.4888e-15  7.8983e-16  3.9553e-15
1676.2074    972.30    1.0947    0.2203  4.3295e-15  8.7128e-16  3.9550e-15
1676.2441    978.89    0.7840    0.1897  3.1007e-15  7.5013e-16  3.9548e-15
1676.2808    985.47    0.8718    0.1989  3.4477e-15  7.8638e-16  3.9545e-15
1676.3175    992.05    1.1402    0.2247  4.5087e-15  8.8841e-16  3.9542e-15
1676.3541    998.64    0.9860    0.2104  3.8986e-15  8.3180e-16  3.9540e-15
1676.3908   1005.22    1.0559    0.2170  4.1746e-15  8.5776e-16  3.9537e-15
1676.4275   1011.80    0.9341    0.2051  3.6929e-15  8.1089e-16  3.9534e-15
1676.4642   1018.39    1.3598    0.2437  5.3756e-15  9.6324e-16  3.9532e-15
1676.5009   1024.97    1.0053    0.2118  3.9738e-15  8.3740e-16  3.9529e-15
1676.5376   1031.55    0.8556    0.1969  3.3817e-15  7.7815e-16  3.9527e-15
1676.5743   1038.14    0.8597    0.1972  3.3977e-15  7.7935e-16  3.9524e-15
1676.6110   1044.72    0.8077    0.1919  3.1921e-15  7.5831e-16  3.9521e-15
1676.6477   1051.30    0.7861    0.1896  3.1066e-15  7.4927e-16  3.9519e-15
1676.6844   1057.89    0.9718    0.2085  3.8401e-15  8.2404e-16  3.9516e-15
1676.7210   1064.47    0.7941    0.1903  3.1376e-15  7.5194e-16  3.9513e-15
1676.7577   1071.05    1.1556    0.2256  4.5659e-15  8.9139e-16  3.9511e-15
1676.7944   1077.64    0.9574    0.2069  3.7826e-15  8.1744e-16  3.9508e-15
1676.8311   1084.22    1.1069    0.2213  4.3730e-15  8.7407e-16  3.9505e-15
1676.8678   1090.80    0.9007    0.2015  3.5580e-15  7.9610e-16  3.9503e-15
1676.9045   1097.39    0.9517    0.2067  3.7594e-15  8.1637e-16  3.9500e-15
1676.9412   1103.97    1.0556    0.2168  4.1692e-15  8.5624e-16  3.9497e-15
1676.9779   1110.55    0.7903    0.1902  3.1214e-15  7.5126e-16  3.9495e-15
1677.0146   1117.14    1.0079    0.2122  3.9805e-15  8.3814e-16  3.9492e-15
1677.0513   1123.72    1.2453    0.2340  4.9176e-15  9.2399e-16  3.9490e-15
1677.0879   1130.30    0.6871    0.1788  2.7133e-15  7.0608e-16  3.9487e-15
1677.1246   1136.89    0.7567    0.1865  2.9876e-15  7.3630e-16  3.9484e-15
1677.1613   1143.47    0.7858    0.1899  3.1024e-15  7.4963e-16  3.9482e-15
1677.1980   1150.05    0.8758    0.1990  3.4576e-15  7.8583e-16  3.9479e-15
1677.2347   1156.64    1.0234    0.2136  4.0400e-15  8.4310e-16  3.9477e-15
1677.2714   1163.22    1.3770    0.2450  5.4357e-15  9.6731e-16  3.9474e-15
1677.3081   1169.80    0.9230    0.2039  3.6432e-15  8.0467e-16  3.9471e-15
1677.3448   1176.39    1.0231    0.2135  4.0382e-15  8.4280e-16  3.9469e-15
1677.3815   1182.97    1.2581    0.2348  4.9654e-15  9.2660e-16  3.9466e-15
1677.4182   1189.55    1.3329    0.2411  5.2601e-15  9.5159e-16  3.9464e-15
1677.4548   1196.14    0.9555    0.2067  3.7704e-15  8.1563e-16  3.9461e-15
1677.4915   1202.72    0.9467    0.2056  3.7355e-15  8.1140e-16  3.9458e-15
1677.5282   1209.30    0.8346    0.1942  3.2931e-15  7.6626e-16  3.9456e-15
1677.5649   1215.89    1.0395    0.2145  4.1013e-15  8.4618e-16  3.9453e-15
1677.6016   1222.47    0.9988    0.2104  3.9401e-15  8.3020e-16  3.9451e-15
1677.6383   1229.05    0.7399    0.1837  2.9189e-15  7.2450e-16  3.9448e-15
1677.6750   1235.64    1.2712    0.2354  5.0144e-15  9.2838e-16  3.9445e-15
1677.7117   1242.22    1.3381    0.2412  5.2780e-15  9.5132e-16  3.9443e-15
1677.7484   1248.80    0.8792    0.1985  3.4678e-15  7.8280e-16  3.9440e-15
1677.7851   1255.39    0.7980    0.1899  3.1470e-15  7.4899e-16  3.9438e-15
1677.8217   1261.97    1.1123    0.2211  4.3864e-15  8.7191e-16  3.9435e-15
1677.8584   1268.55    1.1915    0.2284  4.6986e-15  9.0051e-16  3.9432e-15
1677.8951   1275.14    1.0369    0.2142  4.0884e-15  8.4456e-16  3.9430e-15
1677.9318   1281.72    0.9182    0.2026  3.6202e-15  7.9868e-16  3.9427e-15
1677.9685   1288.30    0.9669    0.2075  3.8119e-15  8.1811e-16  3.9425e-15
1678.0052   1294.89    1.4428    0.2502  5.6878e-15  9.8626e-16  3.9422e-15
1678.0419   1301.47    1.4007    0.2466  5.5214e-15  9.7194e-16  3.9420e-15
1678.0786   1308.05    1.0540    0.2158  4.1546e-15  8.5064e-16  3.9417e-15
1678.1153   1314.64    0.9753    0.2081  3.8442e-15  8.2025e-16  3.9415e-15
1678.1520   1321.22    0.9553    0.2060  3.7649e-15  8.1175e-16  3.9412e-15
1678.1886   1327.80    1.0646    0.2167  4.1956e-15  8.5385e-16  3.9409e-15
1678.2253   1334.39    0.8272    0.1930  3.2596e-15  7.6064e-16  3.9407e-15
1678.2620   1340.97    0.9137    0.2019  3.6003e-15  7.9564e-16  3.9404e-15
1678.2987   1347.55    0.9299    0.2034  3.6640e-15  8.0144e-16  3.9402e-15
1678.3354   1354.14    1.0667    0.2168  4.2028e-15  8.5405e-16  3.9399e-15
1678.3721   1360.72    1.2260    0.2314  4.8300e-15  9.1169e-16  3.9397e-15
1678.4088   1367.30    1.0659    0.2168  4.1990e-15  8.5419e-16  3.9394e-15
1678.4455   1373.89    1.3176    0.2396  5.1904e-15  9.4390e-16  3.9392e-15
1678.4822   1380.47    0.7160    0.1810  2.8202e-15  7.1313e-16  3.9389e-15
1678.5189   1387.05    0.8266    0.1932  3.2557e-15  7.6100e-16  3.9387e-15
1678.5555   1393.64    1.1064    0.2209  4.3575e-15  8.6989e-16  3.9384e-15
1678.5922   1400.22    0.7534    0.1854  2.9669e-15  7.3006e-16  3.9381e-15
1678.6289   1406.80    1.4087    0.2476  5.5472e-15  9.7518e-16  3.9379e-15
1678.6656   1413.39    1.0823    0.2446  4.2618e-15  9.6322e-16  3.9376e-15
1678.7023   1419.97    1.2436    0.2995  4.8967e-15  1.1791e-15  3.9374e-15
1678.7390   1426.55    1.0587    0.2756  4.1683e-15  1.0850e-15  3.9371e-15
1678.7757   1433.14    1.1377    0.2854  4.4791e-15  1.1234e-15  3.9369e-15
1678.8124   1439.72    0.9460    0.2756  3.7241e-15  1.0849e-15  3.9366e-15
1678.8491   1446.30    0.6477    0.2254  2.5496e-15  8.8727e-16  3.9364e-15
1678.8858   1452.89    0.7520    0.2496  2.9598e-15  9.8239e-16  3.9361e-15
1678.9224   1459.47    0.7807    0.2510  3.0728e-15  9.8790e-16  3.9359e-15
1678.9591   1466.05    0.7684    0.2470  3.0243e-15  9.7190e-16  3.9356e-15
1678.9958   1472.64    1.0060    0.2948  3.9589e-15  1.1602e-15  3.9354e-15
1679.0325   1479.22    0.8069    0.2640  3.1751e-15  1.0388e-15  3.9351e-15
1679.0692   1485.80    0.9955    0.2930  3.9170e-15  1.1529e-15  3.9348e-15
1679.1059   1492.39    0.8236    0.2752  3.2406e-15  1.0829e-15  3.9346e-15
1679.1426   1498.97    0.7966    0.2509  3.1340e-15  9.8721e-16  3.9343e-15
1679.1793   1505.55    1.0754    0.2861  4.2307e-15  1.1255e-15  3.9341e-15
1679.2160   1512.14    1.0015    0.2306  3.9399e-15  9.0698e-16  3.9338e-15
1679.2527   1518.72    0.7647    0.1877  3.0078e-15  7.3825e-16  3.9336e-15
1679.2893   1525.30    0.9962    0.2117  3.9185e-15  8.3249e-16  3.9333e-15
1679.3260   1531.89    1.0087    0.2129  3.9673e-15  8.3751e-16  3.9331e-15
1679.3627   1538.47    0.7059    0.1813  2.7761e-15  7.1305e-16  3.9328e-15
1679.3994   1545.05    1.0741    0.2192  4.2238e-15  8.6207e-16  3.9326e-15
1679.4361   1551.64    1.1466    0.2259  4.5087e-15  8.8826e-16  3.9323e-15
1679.4728   1558.22    1.1170    0.2232  4.3922e-15  8.7765e-16  3.9321e-15
1679.5095   1564.80    1.0437    0.2165  4.1037e-15  8.5109e-16  3.9318e-15
1679.5462   1571.39    0.8226    0.1942  3.2343e-15  7.6361e-16  3.9315e-15
1679.5829   1577.97    0.8351    0.1954  3.2831e-15  7.6818e-16  3.9313e-15
1679.6196   1584.55    0.7221    0.1831  2.8388e-15  7.1958e-16  3.9310e-15
1679.6562   1591.14    0.8490    0.1968  3.3372e-15  7.7360e-16  3.9308e-15
1679.6929   1597.72    0.9113    0.2031  3.5820e-15  7.9831e-16  3.9305e-15
1679.7296   1604.30    1.5321    0.2585  6.0216e-15  1.0160e-15  3.9303e-15
1679.7663   1610.89    1.0734    0.2190  4.2184e-15  8.6058e-16  3.9300e-15
1679.8030   1617.47    1.0505    0.2168  4.1281e-15  8.5209e-16  3.9298e-15
1679.8397   1624.05    0.8669    0.1984  3.4064e-15  7.7952e-16  3.9295e-15
1679.8764   1630.64    0.8459    0.1961  3.3236e-15  7.7044e-16  3.9293e-15
1679.9131   1637.22    0.9473    0.2066  3.7218e-15  8.1185e-16  3.9290e-15
1679.9498   1643.80    1.2031    0.2309  4.7267e-15  9.0725e-16  3.9288e-15
1679.9865   1650.39    1.2201    0.2324  4.7933e-15  9.1315e-16  3.9285e-15
1680.0231   1656.97    0.8776    0.1998  3.4475e-15  7.8496e-16  3.9282e-15
1680.0598   1663.55    0.9094    0.2032  3.5722e-15  7.9821e-16  3.9280e-15
1680.0965   1670.14    1.0463    0.2167  4.1094e-15  8.5131e-16  3.9277e-15
1680.1332   1676.72    0.8794    0.2002  3.4538e-15  7.8615e-16  3.9275e-15
1680.1699   1683.30    1.1263    0.2242  4.4231e-15  8.8033e-16  3.9272e-15
1680.2066   1689.89    0.9981    0.2119  3.9196e-15  8.3223e-16  3.9270e-15
1680.2433   1696.47    1.1339    0.2248  4.4525e-15  8.8271e-16  3.9267e-15
1680.2800   1703.05    1.0381    0.2157  4.0759e-15  8.4687e-16  3.9265e-15
1680.3167   1709.64    1.2134    0.2318  4.7639e-15  9.0994e-16  3.9262e-15
1680.3534   1716.22    1.0757    0.2192  4.2230e-15  8.6064e-16  3.9260e-15
1680.3900   1722.80    0.8036    0.1918  3.1548e-15  7.5309e-16  3.9257e-15
1680.4267   1729.39    1.1007    0.2217  4.3206e-15  8.7014e-16  3.9255e-15
1680.4634   1735.97    0.6652    0.1764  2.6112e-15  6.9240e-16  3.9252e-15
1680.5001   1742.55    1.2331    0.2338  4.8400e-15  9.1776e-16  3.9250e-15
1680.5368   1749.14    1.2699    0.2370  4.9839e-15  9.3033e-16  3.9247e-15
1680.5735   1755.72    1.2050    0.2315  4.7289e-15  9.0831e-16  3.9244e-15
1680.6102   1762.30    1.0766    0.2198  4.2249e-15  8.6243e-16  3.9242e-15
1680.6469   1768.89    0.9834    0.2625  3.8588e-15  1.0301e-15  3.9239e-15
1680.6836   1775.47    1.0518    0.2616  4.1269e-15  1.0265e-15  3.9237e-15
1680.7203   1782.05    1.2888    0.3000  5.0564e-15  1.1769e-15  3.9234e-15
1680.7569   1788.64    0.9174    0.2644  3.5993e-15  1.0373e-15  3.9232e-15
1680.7936   1795.22    0.7674    0.2526  3.0106e-15  9.9090e-16  3.9229e-15
1680.8303   1801.80    1.2062    0.3205  4.7314e-15  1.2572e-15  3.9227e-15
1680.8670   1808.39    1.2115    0.3232  4.7519e-15  1.2676e-15  3.9224e-15
1680.9037   1814.97    1.1006    0.2997  4.3168e-15  1.1756e-15  3.9222e-15
1680.9404   1821.55    0.7900    0.2586  3.0982e-15  1.0143e-15  3.9219e-15
1680.9771   1828.14    0.5697    0.2328  2.2341e-15  9.1301e-16  3.9217e-15
1681.0138   1834.72    1.3654    0.3201  5.3543e-15  1.2551e-15  3.9214e-15
1681.0505   1841.30    1.0063    0.2913  3.9460e-15  1.1423e-15  3.9212e-15
1681.0872   1847.89    0.8256    0.2672  3.2370e-15  1.0476e-15  3.9209e-15
1681.1238   1854.47    1.1751    0.3161  4.6073e-15  1.2392e-15  3.9206e-15
1681.1605   1861.05    0.8852    0.2768  3.4703e-15  1.0852e-15  3.9204e-15
1681.1972   1867.64    1.0414    0.2957  4.0824e-15  1.1593e-15  3.9201e-15
1681.2339   1874.22    1.0208    0.2699  4.0013e-15  1.0581e-15  3.9199e-15
1681.2706   1880.80    0.8291    0.2276  3.2499e-15  8.9194e-16  3.9196e-15
1681.3073   1887.39    0.7314    0.1871  2.8665e-15  7.3344e-16  3.9194e-15
1681.3440   1893.97    1.1680    0.2286  4.5774e-15  8.9579e-16  3.9191e-15
1681.3807   1900.55    1.0110    0.2140  3.9621e-15  8.3880e-16  3.9189e-15
1681.4174   1907.14    1.0956    0.2223  4.2933e-15  8.7095e-16  3.9186e-15
1681.4541   1913.72    1.1918    0.2311  4.6699e-15  9.0540e-16  3.9184e-15
1681.4907   1920.31    1.1940    0.2314  4.6781e-15  9.0664e-16  3.9181e-15
1681.5274   1926.89    0.9042    0.2037  3.5424e-15  7.9827e-16  3.9179e-15
1681.5641   1933.47    0.6861    0.1802  2.6877e-15  7.0597e-16  3.9176e-15
1681.6008   1940.06    1.0565    0.2188  4.1386e-15  8.5702e-16  3.9174e-15
1681.6375   1946.64    0.7632    0.1890  2.9897e-15  7.4051e-16  3.9171e-15
1681.6742   1953.22    0.9347    0.2071  3.6610e-15  8.1113e-16  3.9169e-15
1681.7109   1959.81    1.0543    0.2186  4.1293e-15  8.5634e-16  3.9166e-15
1681.7476   1966.39    0.8649    0.1999  3.3873e-15  7.8272e-16  3.9164e-15
1681.7843   1972.97    1.3723    0.2473  5.3742e-15  9.6861e-16  3.9161e-15
1681.8210   1979.56    1.4269    0.2519  5.5874e-15  9.8627e-16  3.9158e-15
1681.8576   1986.14    0.8976    0.2035  3.5145e-15  7.9678e-16  3.9156e-15
1681.8943   1992.72    0.8703    0.2006  3.4077e-15  7.8522e-16  3.9153e-15
1681.9310   1999.31    1.1285    0.2258  4.4182e-15  8.8418e-16  3.9151e-15
1681.9677   2005.89    0.8751    0.2010  3.4259e-15  7.8686e-16  3.9148e-15
1682.0044   2012.47    0.8772    0.2012  3.4339e-15  7.8769e-16  3.9146e-15
1682.0411   2019.06    0.8500    0.1983  3.3272e-15  7.7632e-16  3.9143e-15
1682.0778   2025.64    1.1598    0.2286  4.5396e-15  8.9475e-16  3.9141e-15
1682.1145   2032.22    0.8573    0.1990  3.3552e-15  7.7874e-16  3.9138e-15
1682.1512   2038.81    1.1749    0.2298  4.5981e-15  8.9938e-16  3.9136e-15
1682.1879   2045.39    1.1490    0.2275  4.4965e-15  8.9029e-16  3.9133e-15
1682.2245   2051.97    0.6780    0.1790  2.6529e-15  7.0058e-16  3.9131e-15
1682.2612   2058.56    0.8664    0.1997  3.3902e-15  7.8138e-16  3.9128e-15
1682.2979   2065.14    1.0122    0.2143  3.9604e-15  8.3832e-16  3.9126e-15
1682.3346   2071.72    0.9594    0.2091  3.7534e-15  8.1824e-16  3.9123e-15
1682.3713   2078.31    0.8640    0.1993  3.3798e-15  7.7962e-16  3.9121e-15
1682.4080   2084.89    0.9404    0.2070  3.6785e-15  8.0987e-16  3.9118e-15
1682.4447   2091.47    1.0810    0.2208  4.2284e-15  8.6361e-16  3.9116e-15
