wave,Comp_v_26.4,Comp_v_118.1,Comp_v_295.3
1204.000000000011,0.9999480247497559,1.0000044107437134,1.0000059604644775
1204.005000000011,0.9999477863311768,1.000004529953003,1.0000059604644775
1204.0100000000111,0.9999474287033081,1.0000046491622925,1.000006079673767
1204.0150000000112,0.9999473690986633,1.0000042915344238,1.000006079673767
1204.0200000000114,0.9999470114707947,1.0000044107437134,1.0000059604644775
1204.0250000000115,0.9999467730522156,1.000004529953003,1.0000059604644775
1204.0300000000116,0.9999467134475708,1.000004529953003,1.0000059604644775
1204.0350000000117,0.9999465942382812,1.000004529953003,1.000006079673767
1204.0400000000118,0.9999461770057678,1.0000042915344238,1.000006079673767
1204.045000000012,0.999945878982544,1.0000044107437134,1.0000059604644775
1204.050000000012,0.9999456405639648,1.0000044107437134,1.000005841255188
1204.0550000000121,0.9999454617500305,1.000004529953003,1.000006079673767
1204.0600000000122,0.9999451637268066,1.0000042915344238,1.000006079673767
1204.0650000000123,0.9999449253082275,1.000004529953003,1.0000059604644775
1204.0700000000124,0.9999447464942932,1.0000044107437134,1.0000059604644775
1204.0750000000126,0.9999443888664246,1.0000044107437134,1.000006079673767
1204.0800000000127,0.9999442100524902,1.0000042915344238,1.000006079673767
1204.0850000000128,0.9999439716339111,1.0000041723251343,1.000006079673767
1204.0900000000129,0.9999436736106873,1.0000042915344238,1.0000059604644775
1204.095000000013,0.9999433159828186,1.0000044107437134,1.000006079673767
1204.100000000013,0.9999433159828186,1.0000041723251343,1.0000061988830566
1204.1050000000132,0.9999430179595947,1.0000044107437134,1.000006079673767
1204.1100000000133,0.9999425411224365,1.0000042915344238,1.000006079673767
1204.1150000000134,0.9999423623085022,1.0000042915344238,1.000005841255188
1204.1200000000135,0.9999422430992126,1.0000041723251343,1.0000059604644775
1204.1250000000136,0.9999419450759888,1.0000041723251343,1.000006079673767
1204.1300000000138,0.9999416470527649,1.0000042915344238,1.000006079673767
1204.1350000000139,0.9999415278434753,1.0000044107437134,1.0000059604644775
1204.140000000014,0.9999412894248962,1.0000041723251343,1.0000059604644775
1204.145000000014,0.999940812587738,1.0000042915344238,1.000005841255188
1204.1500000000142,0.9999406933784485,1.0000042915344238,1.0000059604644775
1204.1550000000143,0.9999403357505798,1.0000044107437134,1.000005841255188
1204.1600000000144,0.999940037727356,1.0000044107437134,1.000005841255188
1204.1650000000145,0.9999398589134216,1.0000042915344238,1.000006079673767
1204.1700000000146,0.9999394416809082,1.0000041723251343,1.000006079673767
1204.1750000000147,0.9999393224716187,1.0000041723251343,1.0000059604644775
1204.1800000000148,0.9999390840530396,1.0000042915344238,1.0000059604644775
1204.185000000015,0.9999385476112366,1.0000041723251343,1.000005841255188
1204.190000000015,0.9999383687973022,1.0000042915344238,1.000006079673767
1204.1950000000152,0.9999380707740784,1.0000041723251343,1.0000059604644775
1204.2000000000153,0.9999377727508545,1.0000041723251343,1.0000059604644775
1204.2050000000154,0.9999375343322754,1.0000041723251343,1.0000059604644775
1204.2100000000155,0.9999370574951172,1.0000041723251343,1.000006079673767
1204.2150000000156,0.9999367594718933,1.0000040531158447,1.0000059604644775
1204.2200000000157,0.999936580657959,1.0000041723251343,1.000005841255188
1204.2250000000158,0.9999362826347351,1.0000041723251343,1.000005841255188
1204.230000000016,0.999936044216156,1.0000041723251343,1.000006079673767
1204.235000000016,0.9999358057975769,1.0000040531158447,1.000006079673767
1204.2400000000162,0.999935507774353,1.0000040531158447,1.0000059604644775
1204.2450000000163,0.9999350309371948,1.0000041723251343,1.000005841255188
1204.2500000000164,0.99993497133255,1.0000041723251343,1.0000059604644775
1204.2550000000165,0.9999345541000366,1.0000040531158447,1.0000059604644775
1204.2600000000166,0.9999343156814575,1.0000040531158447,1.0000057220458984
1204.2650000000167,0.9999339580535889,1.0000041723251343,1.0000059604644775
1204.2700000000168,0.9999335408210754,1.0000041723251343,1.0000059604644775
1204.275000000017,0.9999333620071411,1.0000039339065552,1.0000059604644775
1204.280000000017,0.9999330639839172,1.0000040531158447,1.000005841255188
1204.2850000000171,0.999932587146759,1.0000040531158447,1.0000059604644775
1204.2900000000172,0.9999322295188904,1.0000040531158447,1.000005841255188
1204.2950000000174,0.9999319911003113,1.0000041723251343,1.0000059604644775
1204.3000000000175,0.9999317526817322,1.0000039339065552,1.0000059604644775
1204.3050000000176,0.9999313950538635,1.0000039339065552,1.000005841255188
1204.3100000000177,0.9999310374259949,1.0000040531158447,1.000005841255188
1204.3150000000178,0.9999306797981262,1.0000040531158447,1.000006079673767
1204.320000000018,0.9999303221702576,1.0000039339065552,1.0000059604644775
1204.325000000018,0.9999300241470337,1.0000039339065552,1.000006079673767
1204.3300000000181,0.9999297857284546,1.0000040531158447,1.0000059604644775
1204.3350000000182,0.9999293088912964,1.0000039339065552,1.000006079673767
1204.3400000000183,0.9999289512634277,1.0000038146972656,1.000006079673767
1204.3450000000184,0.9999286532402039,1.0000039339065552,1.0000059604644775
1204.3500000000186,0.9999282956123352,1.0000039339065552,1.0000059604644775
1204.3550000000187,0.9999279379844666,1.0000039339065552,1.0000059604644775
1204.3600000000188,0.9999276995658875,1.0000039339065552,1.000005841255188
1204.3650000000189,0.9999271035194397,1.0000038146972656,1.0000059604644775
1204.370000000019,0.9999268651008606,1.0000039339065552,1.0000059604644775
1204.375000000019,0.9999266862869263,1.0000039339065552,1.0000059604644775
1204.3800000000192,0.999925971031189,1.0000039339065552,1.0000059604644775
1204.3850000000193,0.9999257922172546,1.0000039339065552,1.0000059604644775
1204.3900000000194,0.9999254941940308,1.0000039339065552,1.0000059604644775
1204.3950000000195,0.9999251365661621,1.0000038146972656,1.0000059604644775
1204.4000000000196,0.9999247193336487,1.0000038146972656,1.0000059604644775
1204.4050000000198,0.9999243021011353,1.0000039339065552,1.0000059604644775
1204.4100000000199,0.9999240040779114,1.0000038146972656,1.0000059604644775
1204.41500000002,0.9999236464500427,1.0000038146972656,1.0000057220458984
1204.42000000002,0.9999232292175293,1.0000039339065552,1.0000059604644775
1204.4250000000202,0.9999226927757263,1.0000038146972656,1.0000059604644775
1204.4300000000203,0.9999224543571472,1.0000039339065552,1.0000059604644775
1204.4350000000204,0.999921977519989,1.000003695487976,1.0000059604644775
1204.4400000000205,0.9999215006828308,1.000003695487976,1.0000059604644775
1204.4450000000206,0.9999212026596069,1.0000035762786865,1.0000059604644775
1204.4500000000207,0.9999209046363831,1.0000038146972656,1.000005841255188
1204.4550000000208,0.9999204277992249,1.0000038146972656,1.0000059604644775
1204.460000000021,0.9999200701713562,1.0000035762786865,1.0000059604644775
1204.465000000021,0.9999197125434875,1.0000035762786865,1.0000059604644775
1204.4700000000212,0.9999192953109741,1.000003695487976,1.000006079673767
1204.4750000000213,0.9999188780784607,1.000003695487976,1.0000059604644775
1204.4800000000214,0.999918520450592,1.000003695487976,1.0000059604644775
1204.4850000000215,0.9999179244041443,1.0000035762786865,1.000006079673767
1204.4900000000216,0.9999175071716309,1.0000038146972656,1.0000059604644775
1204.4950000000217,0.9999170899391174,1.000003695487976,1.0000059604644775
1204.5000000000218,0.999916672706604,1.000003695487976,1.0000059604644775
1204.505000000022,0.9999162554740906,1.000003695487976,1.000005841255188
1204.510000000022,0.9999157786369324,1.000003457069397,1.0000059604644775
1204.5150000000222,0.9999153017997742,1.000003695487976,1.000005841255188
1204.5200000000223,0.9999150037765503,1.0000035762786865,1.000005841255188
1204.5250000000224,0.9999144077301025,1.000003695487976,1.000005841255188
1204.5300000000225,0.9999141097068787,1.000003695487976,1.000005841255188
1204.5350000000226,0.9999136924743652,1.0000035762786865,1.0000059604644775
1204.5400000000227,0.9999130964279175,1.0000035762786865,1.0000059604644775
1204.5450000000228,0.999912679195404,1.000003695487976,1.0000059604644775
1204.550000000023,0.9999122619628906,1.0000035762786865,1.000005841255188
1204.555000000023,0.9999117851257324,1.000003457069397,1.000005841255188
1204.5600000000231,0.9999111890792847,1.0000035762786865,1.0000059604644775
1204.5650000000232,0.9999107718467712,1.0000033378601074,1.0000059604644775
1204.5700000000234,0.9999104142189026,1.0000035762786865,1.000005841255188
1204.5750000000235,0.9999098777770996,1.000003457069397,1.0000059604644775
1204.5800000000236,0.9999093413352966,1.0000033378601074,1.000005841255188
1204.5850000000237,0.9999087452888489,1.0000033378601074,1.000005841255188
1204.5900000000238,0.9999083280563354,1.000003457069397,1.000005841255188
1204.595000000024,0.9999079704284668,1.000003457069397,1.0000059604644775
1204.600000000024,0.999907374382019,1.0000033378601074,1.000005841255188
1204.6050000000241,0.9999070167541504,1.0000032186508179,1.0000059604644775
1204.6100000000242,0.9999065399169922,1.000003457069397,1.000005841255188
1204.6150000000243,0.9999061226844788,1.000003457069397,1.000006079673767
1204.6200000000244,0.9999052286148071,1.000003457069397,1.000005841255188
1204.6250000000246,0.9999047517776489,1.000003457069397,1.000005841255188
1204.6300000000247,0.999904453754425,1.0000032186508179,1.0000059604644775
1204.6350000000248,0.9999039769172668,1.0000032186508179,1.000005841255188
1204.6400000000249,0.9999033808708191,1.000003457069397,1.000005841255188
1204.645000000025,0.9999028444290161,1.0000033378601074,1.000005841255188
1204.650000000025,0.9999024271965027,1.0000032186508179,1.0000059604644775
1204.6550000000252,0.9999015927314758,1.000003457069397,1.0000059604644775
1204.6600000000253,0.9999011754989624,1.0000033378601074,1.0000059604644775
1204.6650000000254,0.9999005198478699,1.0000032186508179,1.0000059604644775
1204.6700000000255,0.9998999834060669,1.0000032186508179,1.000005841255188
1204.6750000000256,0.9998996257781982,1.0000032186508179,1.000005841255188
1204.6800000000258,0.9998989105224609,1.0000033378601074,1.000005841255188
1204.6850000000259,0.9998984336853027,1.0000033378601074,1.0000057220458984
1204.690000000026,0.999897837638855,1.0000032186508179,1.000005841255188
1204.695000000026,0.9998971819877625,1.0000030994415283,1.0000059604644775
1204.7000000000262,0.999896764755249,1.0000030994415283,1.000005841255188
1204.7050000000263,0.9998960494995117,1.0000032186508179,1.000005841255188
1204.7100000000264,0.9998953938484192,1.0000029802322388,1.000005841255188
1204.7150000000265,0.9998950362205505,1.0000030994415283,1.000005841255188
1204.7200000000266,0.9998942017555237,1.0000030994415283,1.000005841255188
1204.7250000000267,0.9998936653137207,1.0000030994415283,1.000005841255188
1204.7300000000268,0.9998931288719177,1.0000030994415283,1.0000059604644775
1204.735000000027,0.9998924732208252,1.0000029802322388,1.000005841255188
1204.740000000027,0.9998918771743774,1.0000030994415283,1.000005841255188
1204.7450000000272,0.9998911619186401,1.0000032186508179,1.0000057220458984
1204.7500000000273,0.9998907446861267,1.0000029802322388,1.000005841255188
1204.7550000000274,0.9998900294303894,1.0000029802322388,1.000005841255188
1204.7600000000275,0.9998892545700073,1.0000029802322388,1.0000057220458984
1204.7650000000276,0.9998885989189148,1.0000030994415283,1.000005841255188
1204.7700000000277,0.9998879432678223,1.0000029802322388,1.0000059604644775
1204.7750000000278,0.9998874068260193,1.0000028610229492,1.000005841255188
1204.780000000028,0.9998865723609924,1.0000029802322388,1.000005841255188
1204.785000000028,0.9998860359191895,1.0000030994415283,1.0000059604644775
1204.7900000000282,0.9998854398727417,1.0000028610229492,1.0000059604644775
1204.7950000000283,0.9998846054077148,1.0000027418136597,1.000005841255188
1204.8000000000284,0.9998840689659119,1.0000029802322388,1.000005841255188
1204.8050000000285,0.9998832941055298,1.0000027418136597,1.0000059604644775
1204.8100000000286,0.9998825192451477,1.0000028610229492,1.000005841255188
1204.8150000000287,0.9998820424079895,1.0000028610229492,1.0000057220458984
1204.8200000000288,0.9998812079429626,1.0000027418136597,1.0000057220458984
1204.825000000029,0.9998804926872253,1.0000027418136597,1.000005841255188
1204.830000000029,0.9998797178268433,1.0000028610229492,1.000005841255188
1204.8350000000291,0.9998791813850403,1.0000027418136597,1.000005841255188
1204.8400000000292,0.999878466129303,1.0000027418136597,1.0000057220458984
1204.8450000000294,0.9998776912689209,1.0000028610229492,1.0000057220458984
1204.8500000000295,0.9998767971992493,1.0000026226043701,1.000005841255188
1204.8550000000296,0.9998762607574463,1.0000027418136597,1.000005841255188
1204.8600000000297,0.9998753666877747,1.0000026226043701,1.0000057220458984
1204.8650000000298,0.9998745918273926,1.0000027418136597,1.0000057220458984
1204.87000000003,0.9998736381530762,1.0000025033950806,1.0000059604644775
1204.87500000003,0.9998731017112732,1.0000026226043701,1.000005841255188
1204.8800000000301,0.9998721480369568,1.0000026226043701,1.000005841255188
1204.8850000000302,0.999871551990509,1.0000026226043701,1.000005841255188
1204.8900000000303,0.9998706579208374,1.0000025033950806,1.000005841255188
1204.8950000000304,0.9998698830604553,1.0000025033950806,1.0000057220458984
1204.9000000000306,0.9998691082000732,1.0000025033950806,1.000005841255188
1204.9050000000307,0.9998682737350464,1.0000026226043701,1.0000057220458984
1204.9100000000308,0.9998672008514404,1.000002384185791,1.000005841255188
1204.915000000031,0.9998666048049927,1.0000025033950806,1.0000057220458984
1204.920000000031,0.999865710735321,1.0000026226043701,1.0000059604644775
1204.925000000031,0.9998648762702942,1.000002384185791,1.0000059604644775
1204.9300000000312,0.9998639822006226,1.000002384185791,1.000005841255188
1204.9350000000313,0.9998630881309509,1.000002384185791,1.000005841255188
1204.9400000000314,0.9998621940612793,1.000002384185791,1.0000059604644775
1204.9450000000315,0.9998613595962524,1.0000022649765015,1.0000057220458984
1204.9500000000317,0.9998605251312256,1.000002384185791,1.0000057220458984
1204.9550000000318,0.999859631061554,1.000002384185791,1.0000057220458984
1204.9600000000319,0.9998586177825928,1.0000022649765015,1.000005841255188
1204.965000000032,0.9998576641082764,1.0000022649765015,1.000005841255188
1204.970000000032,0.9998569488525391,1.000002145767212,1.000005841255188
1204.9750000000322,0.9998559355735779,1.0000022649765015,1.0000056028366089
1204.9800000000323,0.9998549222946167,1.0000022649765015,1.0000057220458984
1204.9850000000324,0.9998540282249451,1.000002145767212,1.0000057220458984
1204.9900000000325,0.9998533129692078,1.000002145767212,1.0000057220458984
1204.9950000000326,0.9998521208763123,1.000002145767212,1.0000057220458984
1205.0000000000327,0.9998510479927063,1.000002145767212,1.0000057220458984
1205.0050000000329,0.9998503923416138,1.000002145767212,1.0000057220458984
1205.010000000033,0.9998489618301392,1.0000022649765015,1.000005841255188
1205.015000000033,0.9998481273651123,1.0000019073486328,1.0000057220458984
1205.0200000000332,0.9998471140861511,1.0000020265579224,1.0000056028366089
1205.0250000000333,0.9998462200164795,1.0000019073486328,1.0000059604644775
1205.0300000000334,0.9998451471328735,1.0000019073486328,1.000005841255188
1205.0350000000335,0.9998440742492676,1.0000020265579224,1.0000057220458984
1205.0400000000336,0.9998427629470825,1.0000019073486328,1.0000057220458984
1205.0450000000337,0.9998418688774109,1.0000019073486328,1.0000059604644775
1205.0500000000338,0.9998407363891602,1.0000019073486328,1.000005841255188
1205.055000000034,0.9998398423194885,1.0000020265579224,1.0000057220458984
1205.060000000034,0.999838650226593,1.0000019073486328,1.0000057220458984
1205.0650000000342,0.9998375177383423,1.0000017881393433,1.000005841255188
1205.0700000000343,0.9998363852500916,1.0000017881393433,1.0000059604644775
1205.0750000000344,0.9998352527618408,1.0000016689300537,1.0000059604644775
1205.0800000000345,0.9998340010643005,1.0000017881393433,1.0000056028366089
1205.0850000000346,0.9998328685760498,1.0000017881393433,1.0000057220458984
1205.0900000000347,0.9998317956924438,1.0000016689300537,1.000005841255188
1205.0950000000348,0.9998305439949036,1.0000016689300537,1.000005841255188
1205.100000000035,0.9998295307159424,1.0000017881393433,1.000005841255188
1205.105000000035,0.9998282790184021,1.0000015497207642,1.0000057220458984
1205.1100000000351,0.9998270869255066,1.0000015497207642,1.0000056028366089
1205.1150000000353,0.9998257160186768,1.0000015497207642,1.000005841255188
1205.1200000000354,0.999824583530426,1.0000015497207642,1.000005841255188
1205.1250000000355,0.9998233318328857,1.0000015497207642,1.0000057220458984
1205.1300000000356,0.9998219609260559,1.0000015497207642,1.0000057220458984
1205.1350000000357,0.9998207688331604,1.0000014305114746,1.000005841255188
1205.1400000000358,0.9998193979263306,1.0000014305114746,1.000005841255188
1205.145000000036,0.9998180866241455,1.0000015497207642,1.0000057220458984
1205.150000000036,0.9998167753219604,1.0000014305114746,1.0000057220458984
1205.1550000000361,0.9998155832290649,1.000001311302185,1.0000057220458984
1205.1600000000362,0.9998140335083008,1.000001311302185,1.0000056028366089
1205.1650000000363,0.9998129606246948,1.0000011920928955,1.0000057220458984
1205.1700000000365,0.9998112916946411,1.000001311302185,1.000005841255188
1205.1750000000366,0.9998101592063904,1.000001311302185,1.0000054836273193
1205.1800000000367,0.9998084306716919,1.0000009536743164,1.0000057220458984
1205.1850000000368,0.9998072385787964,1.000001072883606,1.000005841255188
1205.190000000037,0.9998058080673218,1.0000011920928955,1.0000057220458984
1205.195000000037,0.9998042583465576,1.000001072883606,1.0000057220458984
1205.200000000037,0.999802827835083,1.000001072883606,1.0000057220458984
1205.2050000000372,0.9998013377189636,1.000001072883606,1.0000057220458984
1205.2100000000373,0.999799907207489,1.0000011920928955,1.0000057220458984
1205.2150000000374,0.9997981786727905,1.000001072883606,1.0000057220458984
1205.2200000000375,0.9997968077659607,1.0000009536743164,1.0000057220458984
1205.2250000000377,0.9997953772544861,1.0000009536743164,1.0000056028366089
1205.2300000000378,0.9997935891151428,1.0000007152557373,1.000005841255188
1205.2350000000379,0.9997921586036682,1.0000009536743164,1.0000057220458984
1205.240000000038,0.999790370464325,1.0000009536743164,1.0000056028366089
1205.245000000038,0.9997888207435608,1.0000007152557373,1.000005841255188
1205.2500000000382,0.9997872710227966,1.0000007152557373,1.0000057220458984
1205.2550000000383,0.9997853636741638,1.0000007152557373,1.0000056028366089
1205.2600000000384,0.999783992767334,1.0000007152557373,1.0000057220458984
1205.2650000000385,0.9997819066047668,1.0000005960464478,1.000005841255188
1205.2700000000386,0.999780535697937,1.0000005960464478,1.0000057220458984
1205.2750000000387,0.9997785091400146,1.0000005960464478,1.0000056028366089
1205.2800000000389,0.9997769594192505,1.0000004768371582,1.0000056028366089
1205.285000000039,0.9997749924659729,1.0000005960464478,1.0000056028366089
1205.290000000039,0.9997732043266296,1.0000005960464478,1.0000057220458984
1205.2950000000392,0.9997714161872864,1.0000005960464478,1.0000056028366089
1205.3000000000393,0.9997695684432983,1.0000004768371582,1.0000056028366089
1205.3050000000394,0.9997677206993103,1.0000003576278687,1.0000057220458984
1205.3100000000395,0.9997658729553223,1.0000003576278687,1.0000056028366089
1205.3150000000396,0.9997639060020447,1.0000003576278687,1.0000057220458984
1205.3200000000397,0.9997620582580566,1.0000003576278687,1.0000056028366089
1205.3250000000398,0.9997599720954895,1.000000238418579,1.0000056028366089
1205.33000000004,0.9997581243515015,1.0000001192092896,1.0000056028366089
1205.33500000004,0.9997560977935791,1.000000238418579,1.0000056028366089
1205.3400000000402,0.9997539520263672,1.0000001192092896,1.0000056028366089
1205.3450000000403,0.9997521638870239,1.000000238418579,1.0000056028366089
1205.3500000000404,0.9997498989105225,1.0000001192092896,1.0000054836273193
1205.3550000000405,0.9997476935386658,1.0,1.0000057220458984
1205.3600000000406,0.9997456669807434,1.0,1.0000057220458984
1205.3650000000407,0.9997434616088867,1.0000001192092896,1.0000057220458984
1205.3700000000408,0.9997413158416748,1.0,1.0000056028366089
1205.375000000041,0.9997391104698181,0.9999997019767761,1.0000056028366089
1205.380000000041,0.9997367858886719,0.9999998807907104,1.0000056028366089
1205.3850000000411,0.9997345805168152,0.9999996423721313,1.0000056028366089
1205.3900000000413,0.9997321963310242,0.9999997615814209,1.0000056028366089
1205.3950000000414,0.9997299313545227,0.9999997019767761,1.0000054836273193
1205.4000000000415,0.9997276067733765,0.9999995827674866,1.0000057220458984
1205.4050000000416,0.9997251033782959,0.9999995231628418,1.0000057220458984
1205.4100000000417,0.9997226595878601,0.9999995231628418,1.0000056028366089
1205.4150000000418,0.9997201561927795,0.9999995231628418,1.0000054836273193
1205.420000000042,0.9997177124023438,0.9999994039535522,1.0000056028366089
1205.425000000042,0.9997153282165527,0.999999463558197,1.0000056028366089
1205.4300000000421,0.9997128248214722,0.9999995231628418,1.0000054836273193
1205.4350000000422,0.9997101426124573,0.9999992251396179,1.0000056028366089
1205.4400000000423,0.9997074604034424,0.9999992251396179,1.0000056028366089
1205.4450000000425,0.999704897403717,0.9999993443489075,1.0000054836273193
1205.4500000000426,0.9997020363807678,0.9999992847442627,1.0000054836273193
1205.4550000000427,0.9996993541717529,0.9999992251396179,1.0000056028366089
1205.4600000000428,0.9996964931488037,0.9999992847442627,1.0000056028366089
1205.465000000043,0.9996936917304993,0.9999990463256836,1.0000056028366089
1205.470000000043,0.9996909499168396,0.9999989867210388,1.0000056028366089
1205.475000000043,0.9996879696846008,0.9999990463256836,1.0000054836273193
1205.4800000000432,0.9996850490570068,0.999998927116394,1.0000054836273193
1205.4850000000433,0.9996820688247681,0.999998927116394,1.0000054836273193
1205.4900000000434,0.9996790885925293,0.9999988079071045,1.0000056028366089
1205.4950000000435,0.9996760487556458,0.9999987483024597,1.0000054836273193
1205.5000000000437,0.9996729493141174,0.9999987483024597,1.0000054836273193
1205.5050000000438,0.9996698498725891,0.9999987483024597,1.0000054836273193
1205.5100000000439,0.9996666312217712,0.9999986290931702,1.0000053644180298
1205.515000000044,0.9996634125709534,0.9999984502792358,1.0000056028366089
1205.520000000044,0.9996601343154907,0.9999984502792358,1.0000054836273193
1205.5250000000442,0.9996568560600281,0.9999983906745911,1.0000054836273193
1205.5300000000443,0.9996533393859863,0.9999982118606567,1.0000056028366089
1205.5350000000444,0.9996499419212341,0.9999982118606567,1.0000054836273193
1205.5400000000445,0.9996466040611267,0.999998152256012,1.0000054836273193
1205.5450000000446,0.9996429681777954,0.9999980926513672,1.0000056028366089
1205.5500000000447,0.9996394515037537,0.9999980926513672,1.0000053644180298
1205.5550000000449,0.9996356964111328,0.9999980926513672,1.0000053644180298
1205.560000000045,0.9996320009231567,0.9999979138374329,1.0000056028366089
1205.565000000045,0.9996283054351807,0.9999980330467224,1.0000056028366089
1205.5700000000452,0.9996246695518494,0.9999977350234985,1.0000053644180298
1205.5750000000453,0.9996206164360046,0.9999976754188538,1.0000054836273193
1205.5800000000454,0.9996167421340942,0.9999977946281433,1.0000057220458984
1205.5850000000455,0.9996127486228943,0.9999977350234985,1.0000056028366089
1205.5900000000456,0.9996086955070496,0.999997615814209,1.0000053644180298
1205.5950000000457,0.9996047019958496,0.9999975562095642,1.0000054836273193
1205.6000000000458,0.999600350856781,0.9999974370002747,1.0000054836273193
1205.605000000046,0.999596118927002,0.9999973177909851,1.0000054836273193
1205.610000000046,0.9995919466018677,0.9999974370002747,1.0000054836273193
1205.6150000000462,0.99958735704422,0.9999973177909851,1.0000054836273193
1205.6200000000463,0.9995828866958618,0.9999971985816956,1.0000053644180298
1205.6250000000464,0.9995783567428589,0.9999971389770508,1.0000054836273193
1205.6300000000465,0.999573826789856,0.9999971389770508,1.0000054836273193
1205.6350000000466,0.9995690584182739,0.9999969601631165,1.0000053644180298
1205.6400000000467,0.9995644688606262,0.9999969601631165,1.0000053644180298
1205.6450000000468,0.9995595216751099,0.9999970197677612,1.0000053644180298
1205.650000000047,0.9995546936988831,0.9999968409538269,1.0000054836273193
1205.655000000047,0.9995496869087219,0.9999966621398926,1.0000053644180298
1205.6600000000471,0.9995445609092712,0.9999966621398926,1.0000053644180298
1205.6650000000473,0.9995394945144653,0.9999964833259583,1.0000052452087402
1205.6700000000474,0.9995341897010803,0.9999964833259583,1.0000054836273193
1205.6750000000475,0.9995288848876953,0.9999966621398926,1.0000053644180298
1205.6800000000476,0.999523401260376,0.9999963641166687,1.0000054836273193
1205.6850000000477,0.9995179176330566,0.9999963045120239,1.0000054836273193
1205.6900000000478,0.9995124936103821,0.9999962449073792,1.0000054836273193
1205.695000000048,0.9995064735412598,0.9999960660934448,1.0000053644180298
1205.700000000048,0.9995007514953613,0.9999958872795105,1.0000056028366089
1205.7050000000481,0.9994946718215942,0.9999958872795105,1.0000053644180298
1205.7100000000482,0.9994887709617615,0.9999958276748657,1.0000053644180298
1205.7150000000483,0.9994825720787048,0.9999957084655762,1.0000054836273193
1205.7200000000485,0.9994763731956482,0.9999955892562866,1.0000054836273193
1205.7250000000486,0.9994698762893677,0.9999955296516418,1.0000054836273193
1205.7300000000487,0.9994632005691528,0.9999954700469971,1.0000054836273193
1205.7350000000488,0.9994568824768066,0.9999953508377075,1.0000054836273193
1205.740000000049,0.9994499087333679,0.999995231628418,1.0000053644180298
1205.745000000049,0.999442994594574,0.9999951124191284,1.0000053644180298
1205.750000000049,0.9994361400604248,0.9999949932098389,1.0000052452087402
1205.7550000000492,0.9994288682937622,0.9999948740005493,1.0000053644180298
1205.7600000000493,0.9994215369224548,0.9999949336051941,1.0000053644180298
1205.7650000000494,0.9994142651557922,0.9999947547912598,1.0000052452087402
1205.7700000000495,0.9994066953659058,0.999994695186615,1.0000052452087402
1205.7750000000497,0.999398946762085,0.9999945163726807,1.0000053644180298
1205.7800000000498,0.9993910193443298,0.9999945759773254,1.0000052452087402
1205.7850000000499,0.9993829131126404,0.9999943375587463,1.0000053644180298
1205.79000000005,0.9993748664855957,0.9999942779541016,1.0000051259994507
1205.79500000005,0.9993664622306824,0.9999942183494568,1.0000052452087402
1205.8000000000502,0.9993578791618347,0.9999938607215881,1.0000052452087402
1205.8050000000503,0.9993491172790527,0.9999938607215881,1.0000052452087402
1205.8100000000504,0.9993402361869812,0.9999938607215881,1.0000051259994507
1205.8150000000505,0.9993312954902649,0.9999934434890747,1.0000052452087402
1205.8200000000506,0.9993219971656799,0.9999935030937195,1.0000053644180298
1205.8250000000507,0.9993123412132263,0.9999935626983643,1.0000052452087402
1205.8300000000509,0.9993027448654175,0.9999932646751404,1.0000052452087402
1205.835000000051,0.9992929697036743,0.999993085861206,1.0000053644180298
1205.840000000051,0.9992828369140625,0.999993085861206,1.0000053644180298
1205.8450000000512,0.9992724061012268,0.9999929666519165,1.0000051259994507
1205.8500000000513,0.9992619156837463,0.9999927282333374,1.0000053644180298
1205.8550000000514,0.9992510080337524,0.9999927878379822,1.0000052452087402
1205.8600000000515,0.9992401003837585,0.9999925494194031,1.0000052452087402
1205.8650000000516,0.9992287755012512,0.9999924898147583,1.0000053644180298
1205.8700000000517,0.99921715259552,0.9999922513961792,1.0000052452087402
1205.8750000000518,0.9992052316665649,0.9999921917915344,1.0000051259994507
1205.880000000052,0.9991932511329651,0.9999920129776001,1.0000052452087402
1205.885000000052,0.9991807341575623,0.999991774559021,1.0000051259994507
1205.8900000000522,0.9991679787635803,0.9999918341636658,1.0000052452087402
1205.8950000000523,0.9991549253463745,0.9999915361404419,1.0000052452087402
1205.9000000000524,0.9991416335105896,0.9999914169311523,1.0000052452087402
1205.9050000000525,0.9991279244422913,0.9999911189079285,1.0000052452087402
1205.9100000000526,0.999113917350769,0.9999911189079285,1.0000051259994507
1205.9150000000527,0.9990993142127991,0.9999909400939941,1.0000051259994507
1205.9200000000528,0.99908447265625,0.999990701675415,1.0000051259994507
1205.925000000053,0.9990692138671875,0.9999905228614807,1.0000051259994507
1205.930000000053,0.9990535378456116,0.9999905824661255,1.0000051259994507
1205.9350000000532,0.9990371465682983,0.9999902844429016,1.0000050067901611
1205.9400000000533,0.9990203380584717,0.9999900460243225,1.0000051259994507
1205.9450000000534,0.9990031123161316,0.9999898076057434,1.0000052452087402
1205.9500000000535,0.9989849925041199,0.9999896883964539,1.0000052452087402
1205.9550000000536,0.9989663362503052,0.9999895691871643,1.0000051259994507
1205.9600000000537,0.9989467859268188,0.99998939037323,1.0000052452087402
1205.9650000000538,0.9989265203475952,0.9999890327453613,1.0000050067901611
1205.970000000054,0.9989050030708313,0.9999890923500061,1.0000050067901611
1205.975000000054,0.9988827109336853,0.9999886155128479,1.0000051259994507
1205.9800000000541,0.9988588690757751,0.9999884963035583,1.0000050067901611
1205.9850000000542,0.9988335967063904,0.9999883770942688,1.0000051259994507
1205.9900000000544,0.9988068342208862,0.9999879598617554,1.0000052452087402
1205.9950000000545,0.9987776279449463,0.9999878406524658,1.0000051259994507
1206.0000000000546,0.9987462162971497,0.9999877214431763,1.0000050067901611
1206.0050000000547,0.9987118244171143,0.9999871850013733,1.0000050067901611
1206.0100000000548,0.9986743330955505,0.999987006187439,1.0000051259994507
1206.015000000055,0.9986326694488525,0.9999867677688599,1.0000048875808716
1206.020000000055,0.9985861778259277,0.9999864101409912,1.0000050067901611
1206.0250000000551,0.9985339641571045,0.9999862909317017,1.0000050067901611
1206.0300000000552,0.9984750151634216,0.999985933303833,1.0000050067901611
1206.0350000000553,0.9984075427055359,0.9999856352806091,1.0000051259994507
1206.0400000000554,0.998330295085907,0.9999850392341614,1.0000050067901611
1206.0450000000556,0.9982410669326782,0.9999849200248718,1.0000050067901611
1206.0500000000557,0.9981375932693481,0.9999844431877136,1.0000050067901611
1206.0550000000558,0.9980170130729675,0.9999841451644897,1.0000051259994507
1206.0600000000559,0.9978759288787842,0.9999836087226868,1.0000050067901611
1206.065000000056,0.9977101683616638,0.999983012676239,1.0000050067901611
1206.070000000056,0.9975149631500244,0.9999825358390808,1.000004768371582
1206.0750000000562,0.9972848296165466,0.9999819397926331,1.000004768371582
1206.0800000000563,0.9970128536224365,0.9999813437461853,1.0000051259994507
1206.0850000000564,0.9966913461685181,0.9999805688858032,1.0000048875808716
1206.0900000000565,0.9963105916976929,0.9999799728393555,1.0000048875808716
1206.0950000000566,0.9958599209785461,0.9999790191650391,1.0000050067901611
1206.1000000000568,0.9953269362449646,0.9999781847000122,1.0000051259994507
1206.1050000000569,0.994696319103241,0.9999771118164062,1.0000050067901611
1206.110000000057,0.9939512610435486,0.9999760985374451,1.0000048875808716
1206.115000000057,0.9930717945098877,0.99997478723526,1.000004768371582
1206.1200000000572,0.9920352697372437,0.9999735951423645,1.0000050067901611
1206.1250000000573,0.9908154606819153,0.9999719858169556,1.0000048875808716
1206.1300000000574,0.9893828630447388,0.9999703168869019,1.000004768371582
1206.1350000000575,0.9877036213874817,0.9999684691429138,1.000004768371582
1206.1400000000576,0.9857398271560669,0.9999666213989258,1.000004768371582
1206.1450000000577,0.9834482669830322,0.9999639987945557,1.0000048875808716
1206.1500000000578,0.9807814359664917,0.9999614953994751,1.0000050067901611
1206.155000000058,0.9776869416236877,0.9999585151672363,1.0000046491622925
1206.160000000058,0.9741063117980957,0.9999553561210632,1.000004768371582
1206.1650000000582,0.9699761271476746,0.9999517798423767,1.0000048875808716
1206.1700000000583,0.965227484703064,0.999947726726532,1.000004768371582
1206.1750000000584,0.9597873091697693,0.9999428987503052,1.000004768371582
1206.1800000000585,0.9535768628120422,0.9999378323554993,1.000004768371582
1206.1850000000586,0.9465139508247375,0.9999319911003113,1.000004768371582
1206.1900000000587,0.9385135173797607,0.999925434589386,1.000004768371582
1206.1950000000588,0.9294876456260681,0.9999181032180786,1.0000048875808716
1206.200000000059,0.9193481206893921,0.9999100565910339,1.0000046491622925
1206.205000000059,0.9080070853233337,0.999900758266449,1.000004529953003
1206.2100000000592,0.8953794240951538,0.9998904466629028,1.000004768371582
1206.2150000000593,0.8813837170600891,0.9998790621757507,1.000004768371582
1206.2200000000594,0.865944504737854,0.9998658895492554,1.0000046491622925
1206.2250000000595,0.8489952683448792,0.9998515844345093,1.000004768371582
1206.2300000000596,0.8304795026779175,0.9998353719711304,1.0000046491622925
1206.2350000000597,0.8103540539741516,0.9998173117637634,1.0000046491622925
1206.2400000000598,0.7885911464691162,0.999796986579895,1.000004529953003
1206.24500000006,0.7651810050010681,0.9997743368148804,1.000004529953003
1206.25000000006,0.7401348352432251,0.9997493028640747,1.0000044107437134
1206.2550000000601,0.7134867310523987,0.9997209310531616,1.000004529953003
1206.2600000000602,0.6852981448173523,0.9996896386146545,1.000004529953003
1206.2650000000604,0.6556574702262878,0.9996547698974609,1.000004529953003
1206.2700000000605,0.6246837377548218,0.9996157884597778,1.000004529953003
1206.2750000000606,0.5925277471542358,0.9995725750923157,1.000004529953003
1206.2800000000607,0.5593711137771606,0.9995242357254028,1.0000044107437134
1206.2850000000608,0.5254263877868652,0.9994709491729736,1.000004529953003
1206.290000000061,0.4909338653087616,0.9994115829467773,1.000004529953003
1206.295000000061,0.4561574161052704,0.9993457794189453,1.0000044107437134
1206.3000000000611,0.4213789403438568,0.9992729425430298,1.0000044107437134
1206.3050000000612,0.38689225912094116,0.9991922378540039,1.000004529953003
1206.3100000000613,0.35299330949783325,0.9991030097007751,1.000004529953003
1206.3150000000614,0.31997233629226685,0.9990045428276062,1.000004529953003
1206.3200000000616,0.28810399770736694,0.998895525932312,1.000004529953003
1206.3250000000617,0.25763869285583496,0.9987751245498657,1.000004529953003
1206.3300000000618,0.2287946343421936,0.99864262342453,1.0000046491622925
1206.3350000000619,0.20175053179264069,0.9984966516494751,1.000004529953003
1206.340000000062,0.17664165794849396,0.9983358383178711,1.0000044107437134
1206.345000000062,0.1535567194223404,0.9981590509414673,1.0000042915344238
1206.3500000000622,0.13253742456436157,0.9979646801948547,1.0000044107437134
1206.3550000000623,0.1135810911655426,0.9977515339851379,1.0000044107437134
1206.3600000000624,0.09664424508810043,0.9975176453590393,1.0000042915344238
1206.3650000000625,0.08164826035499573,0.9972612857818604,1.0000041723251343
1206.3700000000626,0.06848632544279099,0.9969805479049683,1.0000041723251343
1206.3750000000628,0.057030800729990005,0.996673583984375,1.0000042915344238
1206.3800000000629,0.04714043065905571,0.9963380694389343,1.0000041723251343
1206.385000000063,0.03866729512810707,0.9959716796875,1.0000041723251343
1206.390000000063,0.031462740153074265,0.9955719113349915,1.0000041723251343
1206.3950000000632,0.02538220025599003,0.9951360821723938,1.0000042915344238
1206.4000000000633,0.020288744941353798,0.994661808013916,1.0000040531158447
1206.4050000000634,0.01605534739792347,0.9941455125808716,1.0000041723251343
1206.4100000000635,0.012566093355417252,0.993584394454956,1.0000041723251343
1206.4150000000636,0.00971647072583437,0.9929752349853516,1.0000041723251343
1206.4200000000637,0.007413010578602552,0.9923142194747925,1.0000041723251343
1206.4250000000638,0.005572540685534477,0.9915980100631714,1.0000041723251343
1206.430000000064,0.0041212597861886024,0.9908222556114197,1.0000040531158447
1206.435000000064,0.0029938537627458572,0.9899832606315613,1.0000040531158447
1206.4400000000642,0.0021326839923858643,0.9890763759613037,1.0000040531158447
1206.4450000000643,0.001487184432335198,0.9880974888801575,1.0000040531158447
1206.4500000000644,0.0010133835021406412,0.9870415329933167,1.0000040531158447
1206.4550000000645,0.000673552043735981,0.9859039783477783,1.0000040531158447
1206.4600000000646,0.0004358839651104063,0.9846793413162231,1.0000040531158447
1206.4650000000647,0.0002741512726061046,0.9833624958992004,1.0000040531158447
1206.4700000000648,0.000167285164934583,0.9819478988647461,1.0000040531158447
1206.475000000065,9.885951294563711e-05,0.980430006980896,1.0000040531158447
1206.480000000065,5.6486660469090566e-05,0.9788026809692383,1.0000038146972656
1206.4850000000652,3.1156392651610076e-05,0.9770599007606506,1.0000039339065552
1206.4900000000653,1.656431231822353e-05,0.9751957058906555,1.0000040531158447
1206.4950000000654,8.476750736008398e-06,0.9732034802436829,1.0000038146972656
1206.5000000000655,4.170453394181095e-06,0.9710770845413208,1.0000039339065552
1206.5050000000656,1.9705062186403666e-06,0.968809187412262,1.000003695487976
1206.5100000000657,8.933864137361525e-07,0.9663938283920288,1.0000038146972656
1206.5150000000658,3.8841048422000313e-07,0.9638238549232483,1.0000038146972656
1206.520000000066,1.6186828588615754e-07,0.9610925912857056,1.0000038146972656
1206.525000000066,6.465445068215558e-08,0.9581928849220276,1.000003695487976
1206.5300000000661,2.4755703265100237e-08,0.95511794090271,1.000003695487976
1206.5350000000662,9.090845409787107e-09,0.9518611431121826,1.000003695487976
1206.5400000000664,3.204384313448827e-09,0.9484152793884277,1.0000035762786865
1206.5450000000665,1.0854523946335348e-09,0.944774329662323,1.0000035762786865
1206.5500000000666,3.538996318219745e-10,0.9409307241439819,1.000003457069397
1206.5550000000667,1.1127537780097896e-10,0.9368788599967957,1.000003457069397
1206.5600000000668,3.382109176053305e-11,0.9326123595237732,1.0000035762786865
1206.565000000067,9.964211747370832e-12,0.9281249642372131,1.0000035762786865
1206.570000000067,2.8545705296062485e-12,0.9234115481376648,1.0000035762786865
1206.5750000000671,7.980608361657371e-13,0.9184663891792297,1.0000035762786865
1206.5800000000672,2.1860504129545683e-13,0.9132848978042603,1.000003457069397
1206.5850000000673,5.892833963849764e-14,0.90786212682724,1.0000035762786865
1206.5900000000674,1.5710031881074546e-14,0.9021944999694824,1.0000035762786865
1206.5950000000676,4.173254674640211e-15,0.8962780833244324,1.0000033378601074
1206.6000000000677,1.1463311921336601e-15,0.8901103734970093,1.0000032186508179
1206.6050000000678,4.581190930114684e-16,0.8836889266967773,1.000003457069397
1206.6100000000679,6.956462955420059e-16,0.8770120739936829,1.000003457069397
1206.615000000068,2.3460599765369418e-15,0.8700785040855408,1.0000032186508179
1206.620000000068,8.784885321901255e-15,0.862888514995575,1.0000033378601074
1206.6250000000682,3.303866579732091e-14,0.855442464351654,1.0000033378601074
1206.6300000000683,1.2322694947775048e-13,0.847741425037384,1.0000033378601074
1206.6350000000684,4.533170171704126e-13,0.8397878408432007,1.0000032186508179
1206.6400000000685,1.637235702914297e-12,0.831584632396698,1.0000030994415283
1206.6450000000686,5.781232263746272e-12,0.8231358528137207,1.0000029802322388
1206.6500000000688,1.988353058590686e-11,0.8144460916519165,1.0000030994415283
1206.6550000000689,6.638534860714529e-11,0.8055211305618286,1.0000030994415283
1206.660000000069,2.1452463416782308e-10,0.7963677048683167,1.0000028610229492
1206.665000000069,6.692781329142861e-10,0.7869930267333984,1.0000029802322388
1206.6700000000692,2.011566024862077e-09,0.7774056792259216,1.0000029802322388
1206.6750000000693,5.8143987402559105e-09,0.7676149606704712,1.0000028610229492
1206.6800000000694,1.6140935699127112e-08,0.7576310038566589,1.0000029802322388
1206.6850000000695,4.2990752291416356e-08,0.7474648356437683,1.0000028610229492
1206.6900000000696,1.0979024267498971e-07,0.7371279001235962,1.0000027418136597
1206.6950000000697,2.687550306745834e-07,0.7266333103179932,1.0000028610229492
1206.7000000000698,6.30590704986389e-07,0.7159940600395203,1.0000027418136597
1206.70500000007,1.418575720890658e-06,0.7052242755889893,1.0000028610229492
1206.71000000007,3.06124820781406e-06,0.6943382620811462,1.0000026226043701
1206.7150000000702,6.3418069657927845e-06,0.6833512187004089,1.0000026226043701
1206.7200000000703,1.2624452210729942e-05,0.672278642654419,1.0000026226043701
1206.7250000000704,2.4176426450139843e-05,0.6611371040344238,1.0000026226043701
1206.7300000000705,4.4597887608688325e-05,0.6499425172805786,1.0000026226043701
1206.7350000000706,7.935948087833822e-05,0.6387116312980652,1.000002384185791
1206.7400000000707,0.00013643089914694428,0.6274614930152893,1.0000025033950806
1206.7450000000708,0.00022696604719385505,0.6162090301513672,1.0000026226043701
1206.750000000071,0.0003659965004771948,0.6049714088439941,1.0000022649765015
1206.755000000071,0.0005730796838179231,0.5937651991844177,1.0000022649765015
1206.7600000000712,0.0008728547254577279,0.5826079845428467,1.000002384185791
1206.7650000000713,0.0012954779667779803,0.571516215801239,1.000002145767212
1206.7700000000714,0.001876938040368259,0.5605065822601318,1.0000022649765015
1206.7750000000715,0.0026592817157506943,0.5495949387550354,1.000002145767212
1206.7800000000716,0.0036908071488142014,0.5387975573539734,1.0000022649765015
1206.7850000000717,0.00502629904076457,0.5281296372413635,1.0000020265579224
1206.7900000000718,0.0067273699678480625,0.517606258392334,1.0000019073486328
1206.795000000072,0.008862960152328014,0.5072414875030518,1.0000020265579224
1206.800000000072,0.01150999404489994,0.4970495104789734,1.0000019073486328
1206.8050000000721,0.014754152856767178,0.48704320192337036,1.0000019073486328
1206.8100000000723,0.018690645694732666,0.4772354066371918,1.0000017881393433
1206.8150000000724,0.023424789309501648,0.4676377773284912,1.0000017881393433
1206.8200000000725,0.029072241857647896,0.4582616090774536,1.0000017881393433
1206.8250000000726,0.03575856238603592,0.4491172432899475,1.0000016689300537
1206.8300000000727,0.04361789673566818,0.4402144253253937,1.0000015497207642
1206.8350000000728,0.05279063805937767,0.43156227469444275,1.0000015497207642
1206.840000000073,0.06341984868049622,0.4231690764427185,1.0000015497207642
1206.845000000073,0.07564646750688553,0.41504234075546265,1.0000014305114746
1206.8500000000731,0.0896034985780716,0.4071890413761139,1.0000011920928955
1206.8550000000732,0.10540921241044998,0.39961543679237366,1.000001311302185
1206.8600000000733,0.12316005676984787,0.3923270106315613,1.0000011920928955
1206.8650000000735,0.142923504114151,0.3853287398815155,1.0000011920928955
1206.8700000000736,0.16473160684108734,0.37862515449523926,1.0000011920928955
1206.8750000000737,0.18857544660568237,0.37221965193748474,1.0000009536743164
1206.8800000000738,0.2144014984369278,0.36611586809158325,1.000001072883606
1206.885000000074,0.2421099692583084,0.3603164553642273,1.0000009536743164
1206.890000000074,0.2715551555156708,0.35482367873191833,1.0000008344650269
1206.895000000074,0.3025486469268799,0.3496396243572235,1.0000008344650269
1206.9000000000742,0.33486396074295044,0.3447656035423279,1.0000007152557373
1206.9050000000743,0.3682437241077423,0.34020301699638367,1.0000005960464478
1206.9100000000744,0.40240758657455444,0.3359525799751282,1.0000005960464478
1206.9150000000745,0.43706214427948,0.33201512694358826,1.0000007152557373
1206.9200000000747,0.4719089865684509,0.3283909857273102,1.0000003576278687
1206.9250000000748,0.5066549777984619,0.32508042454719543,1.0000003576278687
1206.9300000000749,0.5410196781158447,0.3220836818218231,1.0000003576278687
1206.935000000075,0.5747424364089966,0.3194005489349365,1.000000238418579
1206.940000000075,0.6075881719589233,0.31703102588653564,1.0000001192092896
1206.9450000000752,0.6393512487411499,0.31497490406036377,1.0
1206.9500000000753,0.6698567867279053,0.3132321536540985,1.0
1206.9550000000754,0.6989633440971375,0.31180238723754883,0.9999998807907104
1206.9600000000755,0.7265607714653015,0.3106854557991028,1.0
1206.9650000000756,0.7525697946548462,0.309881329536438,0.9999996423721313
1206.9700000000757,0.7769396305084229,0.3093896508216858,0.9999995827674866
1206.9750000000759,0.7996461987495422,0.30921047925949097,0.9999995231628418
1206.980000000076,0.8206877708435059,0.3093438446521759,0.9999993443489075
1206.985000000076,0.8400838971138,0.3097895383834839,0.9999992251396179
1206.9900000000762,0.857871413230896,0.31054776906967163,0.9999991655349731
1206.9950000000763,0.8741017580032349,0.3116185963153839,0.9999991059303284
1207.0000000000764,0.888839066028595,0.3130021095275879,0.9999988675117493
1207.0050000000765,0.9021569490432739,0.3146984875202179,0.9999988675117493
1207.0100000000766,0.9141358733177185,0.31670793890953064,0.999998927116394
1207.0150000000767,0.9248615503311157,0.31903064250946045,0.9999986290931702
1207.0200000000768,0.9344229102134705,0.3216666281223297,0.9999985694885254
1207.025000000077,0.942910373210907,0.32461604475975037,0.9999985694885254
1207.030000000077,0.9504128098487854,0.3278788924217224,0.9999983906745911
1207.0350000000772,0.9570187926292419,0.3314551115036011,0.9999980926513672
1207.0400000000773,0.9628129601478577,0.3353444039821625,0.999998152256012
1207.0450000000774,0.9678763151168823,0.3395462930202484,0.999998152256012
1207.0500000000775,0.972285807132721,0.34406012296676636,0.9999977350234985
1207.0550000000776,0.9761133193969727,0.3488851487636566,0.9999974966049194
1207.0600000000777,0.9794248342514038,0.35401999950408936,0.9999975562095642
1207.0650000000778,0.9822813868522644,0.35946330428123474,0.9999974370002747
1207.070000000078,0.9847383499145508,0.36521321535110474,0.9999971985816956
1207.075000000078,0.9868465662002563,0.3712674379348755,0.999997079372406
1207.0800000000781,0.9886505603790283,0.37762320041656494,0.9999969601631165
1207.0850000000783,0.9901910424232483,0.3842773139476776,0.9999967217445374
1207.0900000000784,0.9915034770965576,0.3912261724472046,0.9999966025352478
1207.0950000000785,0.9926196932792664,0.3984653353691101,0.999996542930603
1207.1000000000786,0.9935671091079712,0.4059901535511017,0.9999963045120239
1207.1050000000787,0.9943704605102539,0.41379502415657043,0.9999959468841553
1207.1100000000788,0.9950506091117859,0.42187389731407166,0.9999959468841553
1207.115000000079,0.995625913143158,0.4302198886871338,0.9999956488609314
1207.120000000079,0.9961121082305908,0.4388256371021271,0.9999955892562866
1207.1250000000791,0.9965227842330933,0.4476829469203949,0.9999952912330627
1207.1300000000792,0.9968699216842651,0.45678287744522095,0.9999949932098389
1207.1350000000793,0.9971634149551392,0.46611589193344116,0.9999950528144836
1207.1400000000795,0.9974116086959839,0.47567176818847656,0.999994695186615
1207.1450000000796,0.9976218938827515,0.4854392409324646,0.9999945163726807
1207.1500000000797,0.9978001713752747,0.49540677666664124,0.9999944567680359
1207.1550000000798,0.9979519844055176,0.5055619478225708,0.9999940395355225
1207.16000000008,0.9980816841125488,0.5158916115760803,0.9999938011169434
1207.16500000008,0.9981924891471863,0.526382327079773,0.9999935626983643
1207.17000000008,0.9982879161834717,0.5370196104049683,0.9999933242797852
1207.1750000000802,0.9983704090118408,0.547788679599762,0.9999929666519165
1207.1800000000803,0.9984419941902161,0.5586742758750916,0.9999927282333374
1207.1850000000804,0.9985045194625854,0.5696607232093811,0.9999925494194031
1207.1900000000805,0.9985598921775818,0.5807320475578308,0.9999920725822449
1207.1950000000807,0.9986089468002319,0.591871440410614,0.9999918937683105
1207.2000000000808,0.9986525177955627,0.6030623912811279,0.9999915957450867
1207.2050000000809,0.9986920356750488,0.6142881512641907,0.999991238117218
1207.210000000081,0.9987278580665588,0.6255316138267517,0.9999909400939941
1207.215000000081,0.9987607598304749,0.6367756724357605,0.9999905824661255
1207.2200000000812,0.9987906217575073,0.648003339767456,0.9999902248382568
1207.2250000000813,0.9988185167312622,0.659197986125946,0.9999898672103882
1207.2300000000814,0.9988447427749634,0.670342743396759,0.9999895691871643
1207.2350000000815,0.9988691210746765,0.6814209222793579,0.9999892711639404
1207.2400000000816,0.9988923072814941,0.6924169063568115,0.9999887347221375
1207.2450000000817,0.9989141225814819,0.7033147811889648,0.9999881386756897
1207.2500000000819,0.9989348649978638,0.714099645614624,0.999987781047821
1207.255000000082,0.9989548921585083,0.7247564792633057,0.9999874234199524
1207.260000000082,0.9989738464355469,0.7352712154388428,0.999987006187439
1207.2650000000822,0.9989922046661377,0.74563068151474,0.9999863505363464
1207.2700000000823,0.9990097880363464,0.7558220624923706,0.999985933303833
1207.2750000000824,0.9990270733833313,0.7658337354660034,0.99998539686203
1207.2800000000825,0.9990434050559998,0.7756542563438416,0.9999848008155823
1207.2850000000826,0.9990595579147339,0.7852733135223389,0.9999842643737793
1207.2900000000827,0.9990751147270203,0.7946816086769104,0.999983549118042
1207.2950000000828,0.9990903735160828,0.803870677947998,0.9999831318855286
1207.300000000083,0.9991046786308289,0.8128327131271362,0.9999825358390808
1207.305000000083,0.999119222164154,0.821560800075531,0.999981701374054
1207.3100000000832,0.9991330504417419,0.8300493955612183,0.9999809861183167
1207.3150000000833,0.9991465210914612,0.838293194770813,0.9999802708625793
1207.3200000000834,0.9991599321365356,0.8462886810302734,0.9999796748161316
1207.3250000000835,0.9991726875305176,0.8540322184562683,0.9999787211418152
1207.3300000000836,0.9991854429244995,0.8615214228630066,0.9999778866767883
1207.3350000000837,0.9991977214813232,0.868755042552948,0.9999771118164062
1207.3400000000838,0.9992095232009888,0.875732421875,0.9999761581420898
1207.345000000084,0.9992214441299438,0.882453441619873,0.9999750852584839
1207.350000000084,0.9992327094078064,0.8889190554618835,0.9999740719795227
1207.3550000000841,0.9992438554763794,0.8951306939125061,0.999972939491272
1207.3600000000843,0.9992548227310181,0.9010908603668213,0.9999719262123108
1207.3650000000844,0.9992654323577881,0.9068020582199097,0.9999707937240601
1207.3700000000845,0.9992761015892029,0.9122676253318787,0.9999695420265198
1207.3750000000846,0.9992862939834595,0.9174918532371521,0.9999681711196899
1207.3800000000847,0.999296247959137,0.9224787950515747,0.9999669194221497
1207.3850000000848,0.9993059039115906,0.9272334575653076,0.9999650716781616
1207.390000000085,0.9993156790733337,0.9317609667778015,0.9999634623527527
1207.395000000085,0.9993250966072083,0.9360669851303101,0.9999619722366333
1207.4000000000851,0.9993342757225037,0.940157413482666,0.9999601244926453
1207.4050000000852,0.99934321641922,0.9440382122993469,0.9999579787254333
1207.4100000000853,0.9993519186973572,0.9477161169052124,0.9999558329582214
1207.4150000000855,0.9993605613708496,0.9511969685554504,0.9999532103538513
1207.4200000000856,0.9993690848350525,0.954488217830658,0.999950110912323
1207.4250000000857,0.9993775486946106,0.9575964212417603,0.9999464750289917
1207.4300000000858,0.9993855953216553,0.9605281949043274,0.9999418258666992
1207.435000000086,0.9993933439254761,0.963290274143219,0.9999356269836426
1207.440000000086,0.9994011521339417,0.965890109539032,0.9999269843101501
1207.445000000086,0.9994089603424072,0.9683340191841125,0.9999147057533264
1207.4500000000862,0.9994164705276489,0.9706292748451233,0.9998970031738281
1207.4550000000863,0.9994237422943115,0.9727821946144104,0.9998708367347717
1207.4600000000864,0.9994310140609741,0.9747994542121887,0.9998323321342468
1207.4650000000865,0.9994381070137024,0.9766876101493835,0.9997760057449341
1207.4700000000867,0.9994451403617859,0.9784532785415649,0.9996935129165649
1207.4750000000868,0.9994519352912903,0.9801025390625,0.9995737671852112
1207.4800000000869,0.9994586110115051,0.9816412329673767,0.9994027614593506
1207.485000000087,0.9994651079177856,0.9830754399299622,0.999160647392273
1207.490000000087,0.9994716644287109,0.9844110608100891,0.9988230466842651
1207.4950000000872,0.9994779825210571,0.9856535196304321,0.998358964920044
1207.5000000000873,0.9994841814041138,0.9868078827857971,0.9977301955223083
1207.5050000000874,0.9994903206825256,0.987879753112793,0.9968918561935425
1207.5100000000875,0.9994962215423584,0.9888735413551331,0.9957904815673828
1207.5150000000876,0.9995021820068359,0.9897944331169128,0.994365394115448
1207.5200000000877,0.9995079040527344,0.99064701795578,0.9925493597984314
1207.5250000000879,0.9995136857032776,0.9914350509643555,0.9902681708335876
1207.530000000088,0.9995192885398865,0.9921631813049316,0.9874417781829834
1207.535000000088,0.999524712562561,0.9928351044654846,0.9839855432510376
1207.5400000000882,0.9995302557945251,0.9934548139572144,0.9798079133033752
1207.5450000000883,0.9995355010032654,0.9940253496170044,0.9748126864433289
1207.5500000000884,0.9995406270027161,0.9945506453514099,0.9688972234725952
1207.5550000000885,0.9995457530021667,0.9950337409973145,0.9619523286819458
1207.5600000000886,0.9995508790016174,0.9954773783683777,0.9538624882698059
1207.5650000000887,0.9995559453964233,0.9958845376968384,0.9445067048072815
1207.5700000000888,0.9995607733726501,0.9962577819824219,0.9337618947029114
1207.575000000089,0.999565601348877,0.9965997338294983,0.9215075373649597
1207.580000000089,0.9995701909065247,0.9969126582145691,0.9076308608055115
1207.5850000000892,0.9995748400688171,0.9971988797187805,0.8920367956161499
1207.5900000000893,0.9995793700218201,0.9974603056907654,0.8746562004089355
1207.5950000000894,0.9995840191841125,0.9976990222930908,0.8554568886756897
1207.6000000000895,0.9995883703231812,0.997916579246521,0.8344540596008301
1207.6050000000896,0.9995927810668945,0.9981150031089783,0.8117193579673767
1207.6100000000897,0.9995970129966736,0.9982954859733582,0.7873891592025757
1207.6150000000898,0.9996013045310974,0.9984598755836487,0.7616674900054932
1207.62000000009,0.9996054172515869,0.9986090064048767,0.7348267436027527
1207.62500000009,0.9996094107627869,0.9987443089485168,0.7072041630744934
1207.6300000000901,0.9996134638786316,0.998867392539978,0.6791940331459045
1207.6350000000903,0.9996173977851868,0.9989787936210632,0.6512336134910583
1207.6400000000904,0.9996213912963867,0.9990798234939575,0.62378990650177
1207.6450000000905,0.9996250867843628,0.9991709589958191,0.5973410606384277
1207.6500000000906,0.9996289610862732,0.9992538094520569,0.5723609328269958
1207.6550000000907,0.999632716178894,0.9993282556533813,0.5493022799491882
1207.6600000000908,0.9996362924575806,0.9993958473205566,0.5285831093788147
1207.665000000091,0.9996399283409119,0.999456524848938,0.510575532913208
1207.670000000091,0.9996435642242432,0.9995112419128418,0.4955986738204956
1207.6750000000911,0.9996470212936401,0.9995605945587158,0.48391246795654297
1207.6800000000912,0.9996507167816162,0.9996051788330078,0.47571614384651184
1207.6850000000913,0.9996540546417236,0.9996448755264282,0.4711468517780304
1207.6900000000915,0.999657392501831,0.9996809363365173,0.4702799320220947
1207.6950000000916,0.9996606111526489,0.9997130632400513,0.4731290936470032
1207.7000000000917,0.9996638298034668,0.9997420907020569,0.4796474874019623
1207.7050000000918,0.999667227268219,0.9997678399085999,0.48972752690315247
1207.710000000092,0.999670147895813,0.9997912049293518,0.5032011866569519
1207.715000000092,0.9996733069419861,0.9998120069503784,0.51984041929245
1207.720000000092,0.9996763467788696,0.9998307824134827,0.5393588542938232
1207.7250000000922,0.9996793866157532,0.9998472332954407,0.5614148378372192
1207.7300000000923,0.9996825456619263,0.9998621344566345,0.5856164693832397
1207.7350000000924,0.999685525894165,0.9998756051063538,0.6115317344665527
1207.7400000000926,0.999688446521759,0.9998872876167297,0.6386975049972534
1207.7450000000927,0.9996911883354187,0.9998980760574341,0.6666359305381775
1207.7500000000928,0.9996940493583679,0.9999075531959534,0.6948696374893188
1207.7550000000929,0.9996969103813171,0.9999158978462219,0.7229393720626831
1207.760000000093,0.999699592590332,0.9999234080314636,0.7504192590713501
1207.765000000093,0.9997023940086365,0.999930202960968,0.776932954788208
1207.7700000000932,0.9997050762176514,0.9999362826347351,0.8021642565727234
1207.7750000000933,0.9997077584266663,0.9999415278434753,0.8258641362190247
1207.7800000000934,0.9997103214263916,0.9999462962150574,0.8478543758392334
1207.7850000000935,0.9997128844261169,0.9999504685401917,0.868024468421936
1207.7900000000936,0.9997155666351318,0.9999542236328125,0.8863287568092346
1207.7950000000938,0.9997178912162781,0.9999575614929199,0.9027755260467529
1207.8000000000939,0.9997204542160034,0.9999606013298035,0.9174191951751709
1207.805000000094,0.9997228384017944,0.9999634027481079,0.9303478002548218
1207.810000000094,0.9997251033782959,0.9999659061431885,0.941673219203949
1207.8150000000942,0.9997276663780212,0.9999679923057556,0.9515205025672913
1207.8200000000943,0.9997299909591675,0.9999696016311646,0.9600216150283813
1207.8250000000944,0.9997323155403137,0.9999713897705078,0.9673075079917908
1207.8300000000945,0.99973464012146,0.9999731183052063,0.9735047817230225
1207.8350000000946,0.9997369647026062,0.9999744296073914,0.978732705116272
1207.8400000000947,0.9997392296791077,0.9999756813049316,0.9831034541130066
1207.8450000000948,0.9997414350509644,0.9999769330024719,0.9867213368415833
1207.850000000095,0.999743640422821,0.9999779462814331,0.9896828532218933
1207.855000000095,0.9997459053993225,0.9999787211418152,0.9920775890350342
1207.8600000000952,0.9997478127479553,0.9999796152114868,0.9939892292022705
1207.8650000000953,0.9997498393058777,0.9999803900718689,0.9954937696456909
1207.8700000000954,0.9997518658638,0.9999810457229614,0.9966610074043274
1207.8750000000955,0.9997539520263672,0.9999817609786987,0.9975531697273254
1207.8800000000956,0.9997562170028687,0.9999824166297913,0.9982249140739441
1207.8850000000957,0.9997581243515015,0.9999827146530151,0.9987231492996216
1207.8900000000958,0.9997602105140686,0.9999833703041077,0.9990872740745544
1207.895000000096,0.9997619390487671,0.9999837279319763,0.9993495345115662
1207.900000000096,0.9997640252113342,0.9999841451644897,0.9995357990264893
1207.9050000000962,0.9997658729553223,0.9999848008155823,0.9996664524078369
1207.9100000000963,0.9997676610946655,0.9999850392341614,0.9997570514678955
1207.9150000000964,0.9997695684432983,0.9999852180480957,0.9998193383216858
1207.9200000000965,0.9997713565826416,0.9999856948852539,0.9998617172241211
1207.9250000000966,0.9997732043266296,0.9999861121177673,0.9998904466629028
1207.9300000000967,0.9997748732566833,0.9999863505363464,0.9999102354049683
1207.9350000000968,0.9997768998146057,0.9999867677688599,0.9999237656593323
1207.940000000097,0.9997785687446594,0.9999871253967285,0.9999333620071411
1207.945000000097,0.9997802972793579,0.9999872446060181,0.999940037727356
1207.9500000000971,0.9997819066047668,0.9999875426292419,0.9999451637268066
1207.9550000000972,0.9997835755348206,0.9999876022338867,0.9999491572380066
1207.9600000000974,0.9997853636741638,0.9999879598617554,0.9999523758888245
1207.9650000000975,0.999786913394928,0.9999881386756897,0.9999548196792603
1207.9700000000976,0.9997886419296265,0.9999884366989136,0.9999574422836304
1207.9750000000977,0.9997902512550354,0.9999887347221375,0.999959409236908
1207.9800000000978,0.9997918605804443,0.9999887347221375,0.999961256980896
1207.985000000098,0.999793529510498,0.9999891519546509,0.9999629855155945
1207.990000000098,0.9997950196266174,0.9999892711639404,0.9999646544456482
1207.9950000000981,0.999796450138092,0.9999893307685852,0.9999662041664124
1208.0000000000982,0.9997981190681458,0.9999896287918091,0.9999675154685974
1208.0050000000983,0.9997996091842651,0.9999898076057434,0.9999690055847168
1208.0100000000984,0.9998012781143188,0.999989926815033,0.9999704360961914
1208.0150000000986,0.9998027086257935,0.9999901056289673,0.9999717473983765
1208.0200000000987,0.9998041391372681,0.9999904036521912,0.9999725818634033
1208.0250000000988,0.9998055100440979,0.9999904036521912,0.9999735951423645
1208.0300000000989,0.9998070001602173,0.9999908208847046,0.9999747276306152
1208.035000000099,0.9998083710670471,0.9999908804893494,0.9999757409095764
1208.040000000099,0.9998096823692322,0.9999910593032837,0.9999767541885376
1208.0450000000992,0.9998111128807068,0.9999911785125732,0.9999774694442749
1208.0500000000993,0.9998126029968262,0.9999914169311523,0.9999785423278809
1208.0550000000994,0.9998139142990112,0.9999917149543762,0.9999791383743286
1208.0600000000995,0.9998152852058411,0.9999915957450867,0.9999799728393555
1208.0650000000996,0.9998164772987366,0.9999916553497314,0.9999808073043823
1208.0700000000998,0.9998177886009216,0.9999919533729553,0.9999814033508301
1208.0750000000999,0.9998193383216858,0.9999920129776001,0.9999822378158569
1208.0800000001,0.9998206496238708,0.9999921321868896,0.9999827742576599
1208.0850000001,0.9998217225074768,0.999992311000824,0.9999833703041077
1208.0900000001002,0.9998229146003723,0.9999924302101135,0.9999841451644897
1208.0950000001003,0.9998244047164917,0.999992847442627,0.999984622001648
1208.1000000001004,0.9998255372047424,0.9999929070472717,0.9999851584434509
1208.1050000001005,0.9998266696929932,0.9999927878379822,0.9999857544898987
1208.1100000001006,0.9998281598091125,0.999993085861206,0.9999863505363464
1208.1150000001007,0.9998291730880737,0.9999932050704956,0.9999867677688599
1208.1200000001008,0.9998303055763245,0.9999932050704956,0.9999870657920837
1208.125000000101,0.99983149766922,0.9999932646751404,0.9999876618385315
1208.130000000101,0.9998326301574707,0.9999935030937195,0.9999880790710449
1208.1350000001012,0.9998337030410767,0.9999934434890747,0.9999884963035583
1208.1400000001013,0.9998350143432617,0.9999937415122986,0.999988853931427
1208.1450000001014,0.9998361468315125,0.9999938011169434,0.9999894499778748
1208.1500000001015,0.9998371005058289,0.9999939203262329,0.9999896287918091
1208.1550000001016,0.9998383522033691,0.9999939799308777,0.9999900460243225
1208.1600000001017,0.9998394250869751,0.9999940991401672,0.9999904632568359
1208.1650000001018,0.999840497970581,0.9999942779541016,0.9999908804893494
1208.170000000102,0.999841570854187,0.9999944567680359,0.9999910593032837
1208.175000000102,0.999842643737793,0.9999945759773254,0.9999914169311523
1208.1800000001022,0.9998436570167542,0.9999945759773254,0.9999918341636658
1208.1850000001023,0.9998447895050049,0.999994695186615,0.9999918937683105
1208.1900000001024,0.9998456835746765,0.9999946355819702,0.9999923706054688
1208.1950000001025,0.9998468160629272,0.9999948740005493,0.9999925494194031
1208.2000000001026,0.9998478293418884,0.9999948740005493,0.999992847442627
1208.2050000001027,0.9998488426208496,0.9999951124191284,0.9999930262565613
1208.2100000001028,0.999849796295166,0.999995231628418,0.9999934434890747
1208.215000000103,0.999850869178772,0.9999952912330627,0.999993622303009
1208.220000000103,0.9998518228530884,0.9999954104423523,0.9999938011169434
1208.2250000001031,0.9998527765274048,0.9999954104423523,0.9999940991401672
1208.2300000001032,0.9998537302017212,0.9999955892562866,0.9999943375587463
1208.2350000001034,0.999854564666748,0.9999957084655762,0.9999945163726807
1208.2400000001035,0.9998555779457092,0.9999958276748657,0.9999948740005493
1208.2450000001036,0.9998565316200256,0.9999959468841553,0.9999950528144836
1208.2500000001037,0.9998573660850525,0.9999959468841553,0.9999951124191284
1208.2550000001038,0.9998582601547241,0.9999960064888,0.9999954700469971
1208.260000000104,0.9998593330383301,0.9999960064888,0.999995768070221
1208.265000000104,0.9998600482940674,0.9999961256980896,0.9999956488609314
1208.2700000001041,0.9998610019683838,0.9999962449073792,0.9999959468841553
1208.2750000001042,0.9998619556427002,0.9999963641166687,0.9999961256980896
1208.2800000001043,0.9998627305030823,0.9999964237213135,0.9999963641166687
1208.2850000001044,0.9998636245727539,0.9999964833259583,0.9999964237213135
1208.2900000001046,0.9998645186424255,0.9999966621398926,0.9999966025352478
1208.2950000001047,0.9998653531074524,0.999996542930603,0.9999969005584717
1208.3000000001048,0.999866247177124,0.9999968409538269,0.9999969005584717
1208.3050000001049,0.9998669624328613,0.9999969005584717,0.999997079372406
1208.310000000105,0.999867856502533,0.9999969601631165,0.9999973773956299
1208.315000000105,0.999868631362915,0.9999967217445374,0.9999974370002747
1208.3200000001052,0.9998695254325867,0.9999970197677612,0.999997615814209
1208.3250000001053,0.9998701810836792,0.9999972581863403,0.9999977946281433
1208.3300000001054,0.9998709559440613,0.9999971389770508,0.9999979138374329
1208.3350000001055,0.9998717904090881,0.9999972581863403,0.9999979734420776
1208.3400000001056,0.9998728036880493,0.9999974370002747,0.9999979734420776
1208.3450000001058,0.9998735189437866,0.9999973177909851,0.999998152256012
1208.3500000001059,0.9998741745948792,0.9999973773956299,0.9999982714653015
1208.355000000106,0.9998749494552612,0.9999975562095642,0.9999983906745911
1208.360000000106,0.9998757839202881,0.9999976754188538,0.9999985694885254
1208.3650000001062,0.9998764395713806,0.9999976754188538,0.9999986886978149
1208.3700000001063,0.9998772144317627,0.9999977350234985,0.9999986886978149
1208.3750000001064,0.9998779296875,0.9999976754188538,0.9999988675117493
1208.3800000001065,0.9998787045478821,0.9999978542327881,0.9999990463256836
1208.3850000001066,0.9998794198036194,0.9999979138374329,0.9999992251396179
1208.3900000001067,0.9998802542686462,0.9999978542327881,0.9999993443489075
1208.3950000001068,0.9998809099197388,0.9999980330467224,0.9999992847442627
1208.400000000107,0.9998816251754761,0.9999980926513672,0.9999994039535522
1208.405000000107,0.9998823404312134,0.9999980330467224,0.9999995231628418
1208.4100000001072,0.9998829364776611,0.999998152256012,0.9999996423721313
1208.4150000001073,0.9998837113380432,0.9999982714653015,0.9999997615814209
1208.4200000001074,0.999884307384491,0.9999983310699463,0.9999998211860657
1208.4250000001075,0.9998850226402283,0.9999984502792358,0.9999999403953552
1208.4300000001076,0.9998857975006104,0.9999985098838806,1.0000001192092896
1208.4350000001077,0.9998863935470581,0.9999984502792358,1.0
1208.4400000001078,0.9998869895935059,0.9999985098838806,1.0000001192092896
1208.445000000108,0.9998876452445984,0.9999983906745911,1.0000003576278687
1208.450000000108,0.9998883008956909,0.9999986290931702,1.0000003576278687
1208.4550000001082,0.9998890161514282,0.9999985694885254,1.0000004768371582
1208.4600000001083,0.9998895525932312,0.9999986886978149,1.0000004768371582
1208.4650000001084,0.9998902082443237,0.9999988079071045,1.0000005960464478
1208.4700000001085,0.9998907446861267,0.9999987483024597,1.0000007152557373
1208.4750000001086,0.9998914003372192,0.9999988079071045,1.0000008344650269
1208.4800000001087,0.9998922348022461,0.9999989867210388,1.0000007152557373
1208.4850000001088,0.9998927712440491,0.9999990463256836,1.0000008344650269
1208.490000000109,0.9998932480812073,0.999998927116394,1.0000011920928955
1208.495000000109,0.9998940229415894,0.9999989867210388,1.0000009536743164
1208.5000000001091,0.9998945593833923,0.9999992251396179,1.0000009536743164
1208.5050000001092,0.9998952150344849,0.9999991655349731,1.0000011920928955
1208.5100000001094,0.9998956918716431,0.9999992251396179,1.000001072883606
1208.5150000001095,0.999896228313446,0.9999992847442627,1.0000011920928955
1208.5200000001096,0.9998970031738281,0.9999994039535522,1.000001311302185
1208.5250000001097,0.9998972415924072,0.9999992847442627,1.0000014305114746
1208.5300000001098,0.9998977780342102,0.999999463558197,1.000001311302185
1208.53500000011,0.9998984932899475,0.9999995231628418,1.0000015497207642
1208.54000000011,0.9998992085456848,0.999999463558197,1.0000015497207642
1208.5450000001101,0.9998996257781982,0.9999996423721313,1.0000016689300537
1208.5500000001102,0.999900221824646,0.9999996423721313,1.0000016689300537
1208.5550000001103,0.9999008774757385,0.9999995231628418,1.0000017881393433
1208.5600000001104,0.999901294708252,0.9999997019767761,1.0000016689300537
1208.5650000001106,0.9999019503593445,0.9999995827674866,1.0000017881393433
1208.5700000001107,0.9999023079872131,0.9999998211860657,1.0000019073486328
1208.5750000001108,0.99990314245224,0.9999997615814209,1.0000019073486328
1208.5800000001109,0.9999035000801086,0.9999998211860657,1.0000019073486328
1208.585000000111,0.9999037981033325,0.9999999403953552,1.000002145767212
1208.590000000111,0.9999043941497803,0.9999999403953552,1.0000019073486328
1208.5950000001112,0.9999049305915833,0.9999998807907104,1.000002145767212
1208.6000000001113,0.9999054670333862,1.0000001192092896,1.0000020265579224
1208.6050000001114,0.9999060034751892,1.0,1.000002145767212
1208.6100000001115,0.9999066591262817,1.0000001192092896,1.0000022649765015
1208.6150000001116,0.9999069571495056,1.0000001192092896,1.000002384185791
1208.6200000001118,0.9999074935913086,1.0000001192092896,1.0000022649765015
1208.6250000001119,0.9999081492424011,1.000000238418579,1.0000022649765015
1208.630000000112,0.9999085664749146,1.0000003576278687,1.0000025033950806
1208.635000000112,0.9999089241027832,1.0000001192092896,1.0000025033950806
1208.6400000001122,0.9999094009399414,1.0000004768371582,1.000002384185791
1208.6450000001123,0.9999098777770996,1.0000003576278687,1.0000025033950806
1208.6500000001124,0.9999104142189026,1.0000003576278687,1.0000027418136597
1208.6550000001125,0.9999109506607056,1.0000004768371582,1.0000026226043701
1208.6600000001126,0.999911367893219,1.0000004768371582,1.0000026226043701
1208.6650000001127,0.999911904335022,1.0000004768371582,1.0000027418136597
1208.6700000001129,0.9999123215675354,1.0000004768371582,1.0000027418136597
1208.675000000113,0.9999127388000488,1.0000004768371582,1.0000027418136597
1208.680000000113,0.999913215637207,1.0000005960464478,1.0000027418136597
1208.6850000001132,0.9999135732650757,1.0000005960464478,1.0000029802322388
1208.6900000001133,0.9999141097068787,1.0000007152557373,1.0000029802322388
1208.6950000001134,0.9999145269393921,1.0000007152557373,1.0000029802322388
1208.7000000001135,0.9999151229858398,1.0000007152557373,1.0000028610229492
1208.7050000001136,0.999915599822998,1.0000007152557373,1.0000029802322388
1208.7100000001137,0.9999158382415771,1.000001072883606,1.0000029802322388
1208.7150000001138,0.9999163150787354,1.0000008344650269,1.0000029802322388
1208.720000000114,0.9999168515205383,1.0000008344650269,1.0000030994415283
1208.725000000114,0.9999171495437622,1.000001072883606,1.0000029802322388
1208.7300000001142,0.9999176263809204,1.0000009536743164,1.0000032186508179
1208.7350000001143,0.9999179840087891,1.0000009536743164,1.0000032186508179
1208.7400000001144,0.9999182224273682,1.0000009536743164,1.0000030994415283
1208.7450000001145,0.9999188780784607,1.000001072883606,1.000003457069397
1208.7500000001146,0.9999192357063293,1.000001072883606,1.0000032186508179
1208.7550000001147,0.9999197125434875,1.000001072883606,1.0000030994415283
1208.7600000001148,0.999920129776001,1.000001072883606,1.0000032186508179
1208.765000000115,0.9999203681945801,1.0000011920928955,1.000003457069397
1208.770000000115,0.9999207854270935,1.0000011920928955,1.000003457069397
1208.7750000001151,0.9999211430549622,1.000001072883606,1.0000033378601074
1208.7800000001153,0.9999215602874756,1.0000011920928955,1.0000033378601074
1208.7850000001154,0.9999219179153442,1.000001311302185,1.000003457069397
1208.7900000001155,0.9999224543571472,1.0000014305114746,1.000003457069397
1208.7950000001156,0.9999228119850159,1.000001311302185,1.000003457069397
1208.8000000001157,0.9999232292175293,1.000001311302185,1.000003457069397
1208.8050000001158,0.9999235272407532,1.0000014305114746,1.0000035762786865
1208.810000000116,0.9999240636825562,1.0000015497207642,1.000003457069397
1208.815000000116,0.9999243021011353,1.0000015497207642,1.000003457069397
1208.8200000001161,0.9999246597290039,1.0000014305114746,1.000003457069397
1208.8250000001162,0.9999250173568726,1.0000016689300537,1.000003457069397
1208.8300000001163,0.9999255537986755,1.0000016689300537,1.0000035762786865
1208.8350000001165,0.9999256730079651,1.0000016689300537,1.0000035762786865
1208.8400000001166,0.9999261498451233,1.0000016689300537,1.0000035762786865
1208.8450000001167,0.9999264478683472,1.0000015497207642,1.000003695487976
1208.8500000001168,0.9999269247055054,1.0000016689300537,1.000003695487976
1208.855000000117,0.9999271631240845,1.0000015497207642,1.000003695487976
1208.860000000117,0.9999274611473083,1.0000016689300537,1.0000038146972656
1208.865000000117,0.9999279379844666,1.0000017881393433,1.000003695487976
1208.8700000001172,0.9999282956123352,1.0000017881393433,1.0000039339065552
1208.8750000001173,0.9999285936355591,1.0000016689300537,1.0000038146972656
1208.8800000001174,0.9999288320541382,1.0000017881393433,1.0000038146972656
1208.8850000001175,0.9999293088912964,1.0000017881393433,1.0000039339065552
1208.8900000001177,0.9999296069145203,1.0000019073486328,1.0000040531158447
1208.8950000001178,0.9999299049377441,1.0000019073486328,1.0000038146972656
1208.9000000001179,0.9999302625656128,1.0000017881393433,1.0000039339065552
1208.905000000118,0.9999306797981262,1.0000020265579224,1.0000040531158447
1208.910000000118,0.9999309778213501,1.0000019073486328,1.0000039339065552
1208.9150000001182,0.9999313354492188,1.0000017881393433,1.0000040531158447
1208.9200000001183,0.9999317526817322,1.0000019073486328,1.0000040531158447
1208.9250000001184,0.999932050704956,1.0000017881393433,1.0000040531158447
1208.9300000001185,0.9999322891235352,1.0000020265579224,1.0000040531158447
1208.9350000001186,0.9999324679374695,1.0000020265579224,1.0000039339065552
1208.9400000001187,0.9999328851699829,1.000002145767212,1.0000041723251343
1208.9450000001189,0.9999331831932068,1.000002145767212,1.0000041723251343
1208.950000000119,0.9999334812164307,1.000002145767212,1.0000041723251343
1208.955000000119,0.9999338984489441,1.0000019073486328,1.0000041723251343
1208.9600000001192,0.9999340772628784,1.000002145767212,1.0000041723251343
1208.9650000001193,0.9999343752861023,1.000002145767212,1.0000041723251343
1208.9700000001194,0.9999348521232605,1.0000022649765015,1.0000041723251343
1208.9750000001195,0.9999351501464844,1.000002145767212,1.0000042915344238
1208.9800000001196,0.9999353289604187,1.000002145767212,1.0000041723251343
1208.9850000001197,0.9999355673789978,1.0000022649765015,1.0000041723251343
1208.9900000001198,0.9999358654022217,1.000002384185791,1.0000042915344238
1208.99500000012,0.9999361038208008,1.0000022649765015,1.0000042915344238
