# Wave  Vhel  NormFlux  NormErr      Flux        Error       Continuum
1197.7124  -2183.55    1.1432    0.1009  1.3283e-14  1.1724e-15  1.1619e-14
1197.7423  -2176.11    0.9915    0.0940  1.1526e-14  1.0922e-15  1.1625e-14
1197.7722  -2168.68    0.9866    0.0936  1.1475e-14  1.0891e-15  1.1630e-14
1197.8022  -2161.25    1.0385    0.0962  1.2083e-14  1.1189e-15  1.1635e-14
1197.8321  -2153.82    0.9696    0.0928  1.1288e-14  1.0803e-15  1.1641e-14
1197.8620  -2146.38    1.0260    0.0955  1.1949e-14  1.1119e-15  1.1646e-14
1197.8919  -2138.95    1.0096    0.0947  1.1763e-14  1.1034e-15  1.1651e-14
1197.9218  -2131.52    1.0345    0.0958  1.2058e-14  1.1169e-15  1.1657e-14
1197.9517  -2124.09    0.9943    0.0939  1.1596e-14  1.0946e-15  1.1662e-14
1197.9816  -2116.66    0.8733    0.0880  1.0189e-14  1.0270e-15  1.1667e-14
1198.0115  -2109.22    0.9330    0.0911  1.0890e-14  1.0628e-15  1.1672e-14
1198.0414  -2101.79    0.9882    0.0935  1.1539e-14  1.0922e-15  1.1677e-14
1198.0713  -2094.36    1.0278    0.0953  1.2007e-14  1.1138e-15  1.1682e-14
1198.1013  -2086.93    1.0185    0.0949  1.1903e-14  1.1085e-15  1.1687e-14
1198.1312  -2079.50    0.9990    0.0940  1.1679e-14  1.0987e-15  1.1691e-14
1198.1611  -2072.06    0.9643    0.0923  1.1278e-14  1.0795e-15  1.1696e-14
1198.1910  -2064.63    1.0225    0.0949  1.1964e-14  1.1106e-15  1.1701e-14
1198.2209  -2057.20    0.9408    0.0911  1.1013e-14  1.0663e-15  1.1705e-14
1198.2508  -2049.77    1.1254    0.0995  1.3179e-14  1.1646e-15  1.1710e-14
1198.2807  -2042.34    0.9871    0.0932  1.1564e-14  1.0917e-15  1.1714e-14
1198.3106  -2034.90    0.9668    0.0922  1.1330e-14  1.0809e-15  1.1719e-14
1198.3405  -2027.47    0.9458    0.0912  1.1088e-14  1.0686e-15  1.1723e-14
1198.3704  -2020.04    1.1071    0.0986  1.2983e-14  1.1560e-15  1.1727e-14
1198.4004  -2012.61    1.0950    0.0980  1.2846e-14  1.1498e-15  1.1731e-14
1198.4303  -2005.18    0.9783    0.0927  1.1481e-14  1.0874e-15  1.1736e-14
1198.4602  -1997.74    1.0274    0.0948  1.2061e-14  1.1134e-15  1.1740e-14
1198.4901  -1990.31    1.1205    0.0990  1.3158e-14  1.1622e-15  1.1744e-14
1198.5200  -1982.88    0.9281    0.0902  1.0903e-14  1.0597e-15  1.1748e-14
1198.5499  -1975.45    0.9961    0.0934  1.1706e-14  1.0977e-15  1.1751e-14
1198.5798  -1968.02    1.0478    0.0957  1.2317e-14  1.1253e-15  1.1755e-14
1198.6097  -1960.58    0.9808    0.0927  1.1533e-14  1.0897e-15  1.1759e-14
1198.6396  -1953.15    1.0156    0.0942  1.1947e-14  1.1080e-15  1.1763e-14
1198.6695  -1945.72    1.0002    0.0935  1.1768e-14  1.0997e-15  1.1766e-14
1198.6995  -1938.29    1.0219    0.0944  1.2027e-14  1.1113e-15  1.1770e-14
1198.7294  -1930.85    0.9757    0.0922  1.1487e-14  1.0860e-15  1.1773e-14
1198.7593  -1923.42    1.0235    0.0945  1.2053e-14  1.1129e-15  1.1777e-14
1198.7892  -1915.99    1.0309    0.0948  1.2144e-14  1.1165e-15  1.1780e-14
1198.8191  -1908.56    1.0278    0.0946  1.2110e-14  1.1151e-15  1.1783e-14
1198.8490  -1901.13    0.9610    0.0915  1.1326e-14  1.0788e-15  1.1786e-14
1198.8789  -1893.69    0.9406    0.0905  1.1089e-14  1.0671e-15  1.1789e-14
1198.9088  -1886.26    1.0054    0.0935  1.1856e-14  1.1022e-15  1.1792e-14
1198.9387  -1878.83    1.1234    0.0987  1.3251e-14  1.1643e-15  1.1795e-14
1198.9686  -1871.40    1.1148    0.0984  1.3153e-14  1.1608e-15  1.1798e-14
1198.9986  -1863.97    1.0295    0.0945  1.2148e-14  1.1153e-15  1.1800e-14
1199.0285  -1856.53    1.0142    0.0938  1.1970e-14  1.1068e-15  1.1803e-14
1199.0584  -1849.10    0.8579    0.0863  1.0127e-14  1.0194e-15  1.1805e-14
1199.0883  -1841.67    0.8918    0.0880  1.0530e-14  1.0391e-15  1.1807e-14
1199.1182  -1834.24    1.1044    0.0978  1.3042e-14  1.1546e-15  1.1809e-14
1199.1481  -1826.81    1.2079    0.1022  1.4267e-14  1.2076e-15  1.1811e-14
1199.1780  -1819.37    0.8532    0.0861  1.0079e-14  1.0173e-15  1.1813e-14
1199.2079  -1811.94    1.0447    0.0951  1.2342e-14  1.1235e-15  1.1815e-14
1199.2378  -1804.51    1.1633    0.1003  1.3746e-14  1.1852e-15  1.1816e-14
1199.2677  -1797.08    1.0309    0.0945  1.2183e-14  1.1173e-15  1.1818e-14
1199.2977  -1789.65    0.9333    0.0900  1.1030e-14  1.0633e-15  1.1819e-14
1199.3276  -1782.21    1.1890    0.1014  1.4054e-14  1.1986e-15  1.1820e-14
1199.3575  -1774.78    1.2039    0.1020  1.4232e-14  1.2061e-15  1.1821e-14
1199.3874  -1767.35    1.0576    0.0956  1.2503e-14  1.1308e-15  1.1822e-14
1199.4173  -1759.92    0.9661    0.0915  1.1422e-14  1.0819e-15  1.1823e-14
1199.4472  -1752.49    0.8033    0.0836  9.4977e-15  9.8790e-16  1.1824e-14
1199.4771  -1745.05    0.7278    0.0796  8.6059e-15  9.4137e-16  1.1824e-14
1199.5070  -1737.62    0.5439    0.0690  6.4309e-15  8.1644e-16  1.1825e-14
1199.5369  -1730.19    0.4636    0.0640  5.4822e-15  7.5674e-16  1.1825e-14
1199.5668  -1722.76    0.3921    0.0589  4.6366e-15  6.9706e-16  1.1825e-14
1199.5968  -1715.32    0.4368    0.0622  5.1654e-15  7.3547e-16  1.1826e-14
1199.6267  -1707.89    0.4629    0.0640  5.4746e-15  7.5638e-16  1.1826e-14
1199.6566  -1700.46    0.5371    0.0687  6.3514e-15  8.1266e-16  1.1826e-14
1199.6865  -1693.03    0.8113    0.0840  9.5939e-15  9.9379e-16  1.1826e-14
1199.7164  -1685.60    0.9303    0.0898  1.1001e-14  1.0621e-15  1.1825e-14
1199.7463  -1678.16    0.9352    0.0899  1.1059e-14  1.0636e-15  1.1825e-14
1199.7762  -1670.73    0.8766    0.0872  1.0365e-14  1.0306e-15  1.1825e-14
1199.8061  -1663.30    0.7405    0.0885  8.7555e-15  1.0467e-15  1.1824e-14
1199.8360  -1655.87    0.6924    0.0980  8.1864e-15  1.1583e-15  1.1823e-14
1199.8659  -1648.44    0.9362    0.1152  1.1068e-14  1.3616e-15  1.1823e-14
1199.8959  -1641.00    1.0603    0.1239  1.2535e-14  1.4649e-15  1.1822e-14
1199.9258  -1633.57    1.0154    0.1206  1.2003e-14  1.4261e-15  1.1821e-14
1199.9557  -1626.14    1.0173    0.1248  1.2024e-14  1.4757e-15  1.1820e-14
1199.9856  -1618.71    1.2623    0.1370  1.4918e-14  1.6194e-15  1.1819e-14
1200.0155  -1611.28    1.3476    0.1396  1.5926e-14  1.6502e-15  1.1817e-14
1200.0454  -1603.84    1.3250    0.1393  1.5657e-14  1.6454e-15  1.1816e-14
1200.0753  -1596.41    1.0900    0.1272  1.2878e-14  1.5023e-15  1.1815e-14
1200.1052  -1588.98    1.0704    0.1261  1.2645e-14  1.4893e-15  1.1813e-14
1200.1351  -1581.55    0.8567    0.1123  1.0119e-14  1.3265e-15  1.1812e-14
1200.1650  -1574.12    0.8430    0.1122  9.9559e-15  1.3253e-15  1.1810e-14
1200.1950  -1566.68    0.5340    0.0881  6.3053e-15  1.0406e-15  1.1808e-14
1200.2249  -1559.25    0.5052    0.0840  5.9640e-15  9.9165e-16  1.1806e-14
1200.2548  -1551.82    0.4220    0.0777  4.9818e-15  9.1715e-16  1.1804e-14
1200.2847  -1544.39    0.5359    0.0850  6.3248e-15  1.0033e-15  1.1802e-14
1200.3146  -1536.96    0.4417    0.0786  5.2124e-15  9.2698e-16  1.1800e-14
1200.3445  -1529.52    0.5061    0.0851  5.9711e-15  1.0045e-15  1.1798e-14
1200.3744  -1522.09    0.7868    0.1055  9.2812e-15  1.2446e-15  1.1796e-14
1200.4043  -1514.66    0.8447    0.1109  9.9616e-15  1.3081e-15  1.1793e-14
1200.4342  -1507.23    0.8007    0.0964  9.4415e-15  1.1365e-15  1.1791e-14
1200.4641  -1499.79    0.5962    0.0721  7.0284e-15  8.5010e-16  1.1788e-14
1200.4941  -1492.36    0.5438    0.0690  6.4088e-15  8.1288e-16  1.1786e-14
1200.5240  -1484.93    0.7675    0.0815  9.0433e-15  9.6083e-16  1.1783e-14
1200.5539  -1477.50    0.8445    0.0854  9.9490e-15  1.0066e-15  1.1780e-14
1200.5838  -1470.07    0.7016    0.0780  8.2634e-15  9.1866e-16  1.1778e-14
1200.6137  -1462.63    0.7061    0.0783  8.3146e-15  9.2152e-16  1.1775e-14
1200.6436  -1455.20    0.7557    0.0809  8.8962e-15  9.5256e-16  1.1772e-14
1200.6735  -1447.77    0.4990    0.0661  5.8720e-15  7.7809e-16  1.1769e-14
1200.7034  -1440.34    0.3915    0.0588  4.6068e-15  6.9229e-16  1.1766e-14
1200.7333  -1432.91    0.3485    0.0557  4.0993e-15  6.5467e-16  1.1762e-14
1200.7632  -1425.47    0.4294    0.0615  5.0496e-15  7.2354e-16  1.1759e-14
1200.7932  -1418.04    0.4235    0.0611  4.9792e-15  7.1794e-16  1.1756e-14
1200.8231  -1410.61    0.6156    0.0732  7.2342e-15  8.6023e-16  1.1752e-14
1200.8530  -1403.18    0.5368    0.0685  6.3071e-15  8.0452e-16  1.1749e-14
1200.8829  -1395.75    0.7889    0.0826  9.2656e-15  9.6989e-16  1.1745e-14
1200.9128  -1388.31    0.6511    0.0752  7.6450e-15  8.8265e-16  1.1742e-14
1200.9427  -1380.88    0.7898    0.0827  9.2713e-15  9.7019e-16  1.1738e-14
1200.9726  -1373.45    0.6346    0.0742  7.4473e-15  8.7103e-16  1.1735e-14
1201.0025  -1366.02    0.6142    0.0731  7.2046e-15  8.5763e-16  1.1731e-14
1201.0324  -1358.59    0.8828    0.0873  1.0352e-14  1.0233e-15  1.1727e-14
1201.0623  -1351.15    0.9030    0.0882  1.0586e-14  1.0341e-15  1.1723e-14
1201.0923  -1343.72    0.7936    0.0828  9.2999e-15  9.7050e-16  1.1719e-14
1201.1222  -1336.29    0.9591    0.0909  1.1237e-14  1.0647e-15  1.1715e-14
1201.1521  -1328.86    0.9280    0.0894  1.0868e-14  1.0471e-15  1.1711e-14
1201.1820  -1321.43    0.8473    0.0855  9.9193e-15  1.0009e-15  1.1707e-14
1201.2119  -1313.99    1.0009    0.0928  1.1713e-14  1.0864e-15  1.1703e-14
1201.2418  -1306.56    1.0231    0.0939  1.1969e-14  1.0980e-15  1.1699e-14
1201.2717  -1299.13    0.8624    0.0863  1.0086e-14  1.0087e-15  1.1694e-14
1201.3016  -1291.70    1.0513    0.0951  1.2289e-14  1.1114e-15  1.1690e-14
1201.3315  -1284.26    0.9779    0.0918  1.1428e-14  1.0723e-15  1.1686e-14
1201.3614  -1276.83    1.0609    0.0956  1.2392e-14  1.1166e-15  1.1681e-14
1201.3914  -1269.40    0.9490    0.0904  1.1081e-14  1.0560e-15  1.1677e-14
1201.4213  -1261.97    0.9244    0.0893  1.0791e-14  1.0419e-15  1.1673e-14
1201.4512  -1254.54    0.9721    0.0915  1.1342e-14  1.0678e-15  1.1668e-14
1201.4811  -1247.10    1.0383    0.0946  1.2111e-14  1.1030e-15  1.1663e-14
1201.5110  -1239.67    1.0042    0.0931  1.1708e-14  1.0851e-15  1.1659e-14
1201.5409  -1232.24    1.0196    0.0937  1.1883e-14  1.0923e-15  1.1654e-14
1201.5708  -1224.81    1.0207    0.0938  1.1891e-14  1.0925e-15  1.1649e-14
1201.6007  -1217.38    0.8967    0.0880  1.0442e-14  1.0246e-15  1.1645e-14
1201.6306  -1209.94    0.8578    0.0861  9.9853e-15  1.0017e-15  1.1640e-14
1201.6605  -1202.51    0.9620    0.0910  1.1193e-14  1.0591e-15  1.1635e-14
1201.6905  -1195.08    0.9897    0.0923  1.1510e-14  1.0738e-15  1.1630e-14
1201.7204  -1187.65    0.9010    0.0882  1.0474e-14  1.0251e-15  1.1625e-14
1201.7503  -1180.22    0.9686    0.0914  1.1255e-14  1.0616e-15  1.1620e-14
1201.7802  -1172.78    0.9212    0.0891  1.0700e-14  1.0354e-15  1.1615e-14
1201.8101  -1165.35    0.9796    0.0919  1.1374e-14  1.0672e-15  1.1610e-14
1201.8400  -1157.92    1.0496    0.0951  1.2181e-14  1.1035e-15  1.1605e-14
1201.8699  -1150.49    0.9086    0.0886  1.0540e-14  1.0274e-15  1.1600e-14
1201.8998  -1143.06    1.0814    0.0966  1.2540e-14  1.1196e-15  1.1595e-14
1201.9297  -1135.62    0.9472    0.0904  1.0979e-14  1.0481e-15  1.1590e-14
1201.9596  -1128.19    0.9336    0.0898  1.0816e-14  1.0401e-15  1.1585e-14
1201.9896  -1120.76    0.9469    0.0904  1.0965e-14  1.0472e-15  1.1580e-14
1202.0195  -1113.33    0.9383    0.0900  1.0860e-14  1.0417e-15  1.1575e-14
1202.0494  -1105.90    0.8014    0.0841  9.2714e-15  9.7283e-16  1.1570e-14
1202.0793  -1098.46    1.0160    0.1060  1.1749e-14  1.2264e-15  1.1564e-14
1202.1092  -1091.03    1.1655    0.1148  1.3472e-14  1.3268e-15  1.1559e-14
1202.1391  -1083.60    0.8742    0.1033  1.0101e-14  1.1933e-15  1.1554e-14
1202.1690  -1076.17    1.0134    0.1237  1.1703e-14  1.4283e-15  1.1548e-14
1202.1989  -1068.73    1.0405    0.1267  1.2011e-14  1.4621e-15  1.1543e-14
1202.2288  -1061.30    0.9512    0.1209  1.0974e-14  1.3946e-15  1.1538e-14
1202.2587  -1053.87    0.9604    0.1233  1.1076e-14  1.4222e-15  1.1532e-14
1202.2887  -1046.44    1.1054    0.1325  1.2742e-14  1.5275e-15  1.1527e-14
1202.3186  -1039.01    1.0090    0.1254  1.1625e-14  1.4451e-15  1.1522e-14
1202.3485  -1031.57    0.8608    0.1178  9.9129e-15  1.3563e-15  1.1516e-14
1202.3784  -1024.14    1.2124    0.1357  1.3955e-14  1.5622e-15  1.1511e-14
1202.4083  -1016.71    0.9869    0.1255  1.1354e-14  1.4441e-15  1.1505e-14
1202.4382  -1009.28    1.0866    0.1294  1.2496e-14  1.4882e-15  1.1500e-14
1202.4681  -1001.85    0.9307    0.1174  1.0698e-14  1.3498e-15  1.1495e-14
1202.4980   -994.41    0.9518    0.1248  1.0936e-14  1.4344e-15  1.1489e-14
1202.5279   -986.98    0.8254    0.1121  9.4782e-15  1.2873e-15  1.1484e-14
1202.5578   -979.55    0.9059    0.1221  1.0398e-14  1.4020e-15  1.1478e-14
1202.5878   -972.12    0.9926    0.1252  1.1388e-14  1.4368e-15  1.1473e-14
1202.6177   -964.69    1.0073    0.1131  1.1551e-14  1.2964e-15  1.1467e-14
1202.6476   -957.25    0.9714    0.1048  1.1133e-14  1.2006e-15  1.1462e-14
1202.6775   -949.82    1.0052    0.1007  1.1516e-14  1.1533e-15  1.1456e-14
1202.7074   -942.39    0.9264    0.0897  1.0608e-14  1.0271e-15  1.1451e-14
1202.7373   -934.96    1.0543    0.0956  1.2066e-14  1.0946e-15  1.1445e-14
1202.7672   -927.53    0.8993    0.0884  1.0288e-14  1.0116e-15  1.1440e-14
1202.7971   -920.09    0.9642    0.0915  1.1025e-14  1.0467e-15  1.1434e-14
1202.8270   -912.66    1.2360    0.1035  1.4126e-14  1.1832e-15  1.1429e-14
1202.8569   -905.23    1.0089    0.0937  1.1526e-14  1.0700e-15  1.1423e-14
1202.8869   -897.80    1.0653    0.0962  1.2163e-14  1.0988e-15  1.1418e-14
1202.9168   -890.37    1.1330    0.0992  1.2930e-14  1.1320e-15  1.1412e-14
1202.9467   -882.93    0.9997    0.0933  1.1403e-14  1.0639e-15  1.1407e-14
1202.9766   -875.50    0.9997    0.0933  1.1398e-14  1.0641e-15  1.1402e-14
1203.0065   -868.07    0.9877    0.0927  1.1256e-14  1.0566e-15  1.1396e-14
1203.0364   -860.64    0.9677    0.0918  1.1023e-14  1.0460e-15  1.1391e-14
1203.0663   -853.20    0.9782    0.0923  1.1137e-14  1.0510e-15  1.1385e-14
1203.0962   -845.77    1.0315    0.0948  1.1739e-14  1.0790e-15  1.1380e-14
1203.1261   -838.34    0.9071    0.0890  1.0318e-14  1.0118e-15  1.1374e-14
1203.1560   -830.91    0.9932    0.0930  1.1291e-14  1.0578e-15  1.1369e-14
1203.1860   -823.48    0.8507    0.0862  9.6673e-15  9.8009e-16  1.1364e-14
1203.2159   -816.04    1.0393    0.0952  1.1805e-14  1.0814e-15  1.1358e-14
1203.2458   -808.61    0.9636    0.0917  1.0940e-14  1.0411e-15  1.1353e-14
1203.2757   -801.18    1.0301    0.0948  1.1689e-14  1.0758e-15  1.1348e-14
1203.3056   -793.75    0.9605    0.0916  1.0894e-14  1.0388e-15  1.1342e-14
1203.3355   -786.32    1.0225    0.0945  1.1592e-14  1.0712e-15  1.1336e-14
1203.3654   -778.88    1.0575    0.0961  1.1982e-14  1.0884e-15  1.1331e-14
1203.3953   -771.45    0.9312    0.0902  1.0546e-14  1.0220e-15  1.1325e-14
1203.4252   -764.02    1.0100    0.0940  1.1433e-14  1.0635e-15  1.1319e-14
1203.4551   -756.59    0.9465    0.0910  1.0708e-14  1.0295e-15  1.1314e-14
1203.4851   -749.16    1.0028    0.0937  1.1340e-14  1.0594e-15  1.1308e-14
1203.5150   -741.72    1.1111    0.0985  1.2558e-14  1.1134e-15  1.1302e-14
1203.5449   -734.29    0.9716    0.0922  1.0975e-14  1.0415e-15  1.1296e-14
1203.5748   -726.86    0.9581    0.0916  1.0816e-14  1.0340e-15  1.1290e-14
1203.6047   -719.43    0.9049    0.0891  1.0210e-14  1.0050e-15  1.1284e-14
1203.6346   -712.00    1.1341    0.0996  1.2790e-14  1.1234e-15  1.1278e-14
1203.6645   -704.56    0.8134    0.0845  9.1683e-15  9.5291e-16  1.1271e-14
1203.6944   -697.13    1.0242    0.0947  1.1537e-14  1.0673e-15  1.1265e-14
1203.7243   -689.70    1.0258    0.0948  1.1549e-14  1.0677e-15  1.1259e-14
1203.7542   -682.27    1.0644    0.0966  1.1977e-14  1.0868e-15  1.1252e-14
1203.7842   -674.84    0.9282    0.0903  1.0438e-14  1.0154e-15  1.1246e-14
1203.8141   -667.40    1.0184    0.0946  1.1447e-14  1.0628e-15  1.1239e-14
1203.8440   -659.97    0.9434    0.0911  1.0596e-14  1.0229e-15  1.1233e-14
1203.8739   -652.54    1.0369    0.0954  1.1640e-14  1.0712e-15  1.1226e-14
1203.9038   -645.11    0.9175    0.0898  1.0294e-14  1.0080e-15  1.1219e-14
1203.9337   -637.67    0.8423    0.0861  9.4442e-15  9.6592e-16  1.1212e-14
1203.9636   -630.24    0.9290    0.0904  1.0409e-14  1.0133e-15  1.1205e-14
1203.9935   -622.81    1.1248    0.0994  1.2596e-14  1.1136e-15  1.1198e-14
1204.0234   -615.38    1.1240    0.0994  1.2579e-14  1.1129e-15  1.1191e-14
1204.0533   -607.95    0.9733    0.0926  1.0886e-14  1.0358e-15  1.1184e-14
1204.0833   -600.51    1.0573    0.0965  1.1818e-14  1.0783e-15  1.1177e-14
1204.1132   -593.08    1.1245    0.0995  1.2560e-14  1.1112e-15  1.1170e-14
1204.1431   -585.65    1.1257    0.0996  1.2566e-14  1.1114e-15  1.1162e-14
1204.1730   -578.22    1.0497    0.0962  1.1710e-14  1.0735e-15  1.1155e-14
1204.2029   -570.79    1.0939    0.0982  1.2195e-14  1.0951e-15  1.1147e-14
1204.2328   -563.35    1.0593    0.0967  1.1800e-14  1.0772e-15  1.1140e-14
1204.2627   -555.92    0.8654    0.0875  9.6332e-15  9.7456e-16  1.1132e-14
1204.2926   -548.49    1.0385    0.0958  1.1553e-14  1.0660e-15  1.1124e-14
1204.3225   -541.06    0.9163    0.0901  1.0186e-14  1.0016e-15  1.1116e-14
1204.3524   -533.63    0.9171    0.0902  1.0188e-14  1.0023e-15  1.1108e-14
1204.3824   -526.19    0.9723    0.0928  1.0793e-14  1.0304e-15  1.1100e-14
1204.4123   -518.76    1.0553    0.0967  1.1706e-14  1.0727e-15  1.1092e-14
1204.4422   -511.33    0.9116    0.0900  1.0105e-14  9.9750e-16  1.1084e-14
1204.4721   -503.90    1.0881    0.0982  1.2052e-14  1.0881e-15  1.1076e-14
1204.5020   -496.47    0.9061    0.0897  1.0028e-14  9.9322e-16  1.1068e-14
1204.5319   -489.03    0.9738    0.0931  1.0770e-14  1.0296e-15  1.1059e-14
1204.5618   -481.60    0.9479    0.0918  1.0474e-14  1.0149e-15  1.1051e-14
1204.5917   -474.17    1.0378    0.0961  1.1459e-14  1.0614e-15  1.1042e-14
1204.6216   -466.74    0.9688    0.0929  1.0689e-14  1.0254e-15  1.1033e-14
1204.6515   -459.30    0.9799    0.0935  1.0802e-14  1.0306e-15  1.1024e-14
1204.6815   -451.87    0.9073    0.0900  9.9947e-15  9.9176e-16  1.1016e-14
1204.7114   -444.44    0.9491    0.0921  1.0446e-14  1.0134e-15  1.1007e-14
1204.7413   -437.01    1.1593    0.1016  1.2749e-14  1.1178e-15  1.0997e-14
1204.7712   -429.58    1.0595    0.0972  1.1642e-14  1.0686e-15  1.0988e-14
1204.8011   -422.14    0.9335    0.0914  1.0249e-14  1.0036e-15  1.0979e-14
1204.8310   -414.71    0.9620    0.0928  1.0553e-14  1.0181e-15  1.0970e-14
1204.8609   -407.28    0.9117    0.0904  9.9923e-15  9.9065e-16  1.0960e-14
1204.8908   -399.85    1.0077    0.0950  1.1034e-14  1.0403e-15  1.0951e-14
1204.9207   -392.42    1.1147    0.0999  1.2196e-14  1.0934e-15  1.0941e-14
1204.9506   -384.98    1.0300    0.0961  1.1259e-14  1.0505e-15  1.0931e-14
1204.9806   -377.55    0.7992    0.0849  8.7287e-15  9.2670e-16  1.0921e-14
1205.0105   -370.12    1.0053    0.0951  1.0969e-14  1.0372e-15  1.0911e-14
1205.0404   -362.69    1.0693    0.0981  1.1657e-14  1.0691e-15  1.0901e-14
1205.0703   -355.26    1.1315    0.1009  1.2323e-14  1.0987e-15  1.0891e-14
1205.1002   -347.82    0.9790    0.0940  1.0653e-14  1.0223e-15  1.0881e-14
1205.1301   -340.39    1.0799    0.0987  1.1739e-14  1.0726e-15  1.0871e-14
1205.1600   -332.96    0.9283    0.0916  1.0081e-14  9.9499e-16  1.0860e-14
1205.1899   -325.53    0.8924    0.0899  9.6825e-15  9.7533e-16  1.0850e-14
1205.2198   -318.10    0.9553    0.0929  1.0354e-14  1.0074e-15  1.0839e-14
1205.2497   -310.66    0.9809    0.0942  1.0622e-14  1.0199e-15  1.0828e-14
1205.2797   -303.23    1.0462    0.0973  1.1317e-14  1.0527e-15  1.0817e-14
1205.3096   -295.80    0.9402    0.0924  1.0161e-14  9.9842e-16  1.0806e-14
1205.3395   -288.37    0.9636    0.0936  1.0402e-14  1.0101e-15  1.0795e-14
1205.3694   -280.94    0.9041    0.0907  9.7502e-15  9.7792e-16  1.0784e-14
1205.3993   -273.50    0.8781    0.0895  9.4597e-15  9.6380e-16  1.0773e-14
1205.4292   -266.07    0.8628    0.0888  9.2849e-15  9.5555e-16  1.0761e-14
1205.4591   -258.64    0.8498    0.0882  9.1352e-15  9.4785e-16  1.0750e-14
1205.4890   -251.21    0.8590    0.0886  9.2236e-15  9.5166e-16  1.0738e-14
1205.5189   -243.77    0.9672    0.0940  1.0374e-14  1.0081e-15  1.0726e-14
1205.5488   -236.34    1.0146    0.0963  1.0871e-14  1.0314e-15  1.0714e-14
1205.5788   -228.91    1.0928    0.0999  1.1695e-14  1.0694e-15  1.0702e-14
1205.6087   -221.48    0.9753    0.0945  1.0426e-14  1.0104e-15  1.0690e-14
1205.6386   -214.05    1.0654    0.0987  1.1376e-14  1.0543e-15  1.0678e-14
1205.6685   -206.61    1.0583    0.0985  1.1287e-14  1.0505e-15  1.0666e-14
1205.6984   -199.18    1.0441    0.0979  1.1123e-14  1.0428e-15  1.0653e-14
1205.7283   -191.75    1.1226    0.1015  1.1946e-14  1.0801e-15  1.0641e-14
1205.7582   -184.32    1.0239    0.0971  1.0882e-14  1.0316e-15  1.0628e-14
1205.7881   -176.89    1.0131    0.0966  1.0754e-14  1.0252e-15  1.0615e-14
1205.8180   -169.45    1.0609    0.0989  1.1248e-14  1.0487e-15  1.0602e-14
1205.8479   -162.02    0.9097    0.0917  9.6327e-15  9.7146e-16  1.0589e-14
1205.8779   -154.59    1.0382    0.0979  1.0980e-14  1.0359e-15  1.0576e-14
1205.9078   -147.16    1.1307    0.1022  1.1943e-14  1.0795e-15  1.0563e-14
1205.9377   -139.73    1.0237    0.0973  1.0799e-14  1.0268e-15  1.0549e-14
1205.9676   -132.29    1.0942    0.1007  1.1528e-14  1.0606e-15  1.0536e-14
1205.9975   -124.86    0.9215    0.0926  9.6953e-15  9.7384e-16  1.0521e-14
1206.0274   -117.43    1.0109    0.0969  1.0621e-14  1.0183e-15  1.0507e-14
1206.0573   -110.00    1.0788    0.1001  1.1319e-14  1.0508e-15  1.0493e-14
1206.0872   -102.57    0.9392    0.0936  9.8402e-15  9.8033e-16  1.0478e-14
1206.1171    -95.13    0.9425    0.0938  9.8611e-15  9.8144e-16  1.0463e-14
1206.1470    -87.70    1.0066    0.0970  1.0516e-14  1.0132e-15  1.0447e-14
1206.1770    -80.27    0.9466    0.0941  9.8744e-15  9.8154e-16  1.0432e-14
1206.2069    -72.84    0.8182    0.0877  8.5222e-15  9.1327e-16  1.0416e-14
1206.2368    -65.41    0.7257    0.0828  7.5471e-15  8.6087e-16  1.0400e-14
1206.2667    -57.97    0.7126    0.0821  7.3992e-15  8.5270e-16  1.0383e-14
1206.2966    -50.54    0.3899    0.0613  4.0416e-15  6.3538e-16  1.0366e-14
1206.3265    -43.11    0.3177    0.0556  3.2882e-15  5.7516e-16  1.0349e-14
1206.3564    -35.68    0.2008    0.0448  2.0750e-15  4.6325e-16  1.0332e-14
1206.3863    -28.24    0.1182    0.0353  1.2196e-15  3.6430e-16  1.0315e-14
1206.4162    -20.81    0.0506    0.0248  5.2129e-16  2.5562e-16  1.0297e-14
1206.4461    -13.38    0.0363    0.0221  3.7291e-16  2.2687e-16  1.0279e-14
1206.4761     -5.95    0.0153    0.0171  1.5727e-16  1.7556e-16  1.0261e-14
1206.5060      1.48    0.0524    0.0253  5.3695e-16  2.5915e-16  1.0243e-14
1206.5359      8.92    0.0423    0.0234  4.3275e-16  2.3897e-16  1.0224e-14
1206.5658     16.35    0.0262    0.0199  2.6735e-16  2.0282e-16  1.0205e-14
1206.5957     23.78    0.0226    0.0190  2.3011e-16  1.9342e-16  1.0186e-14
1206.6256     31.21    0.0057    0.0142  5.8118e-17  1.4406e-16  1.0167e-14
1206.6555     38.64    0.0197    0.0183  2.0034e-16  1.8542e-16  1.0147e-14
1206.6854     46.08    0.0086    0.0151  8.7481e-17  1.5241e-16  1.0127e-14
1206.7153     53.51    0.0080    0.0152  8.0472e-17  1.5320e-16  1.0107e-14
1206.7452     60.94    0.0284    0.0206  2.8690e-16  2.0793e-16  1.0087e-14
1206.7752     68.37    0.0296    0.0209  2.9837e-16  2.0998e-16  1.0066e-14
1206.8051     75.80    0.0430    0.0237  4.3196e-16  2.3850e-16  1.0046e-14
1206.8350     83.24    0.0479    0.0248  4.8048e-16  2.4871e-16  1.0025e-14
1206.8649     90.67    0.0868    0.0314  8.6831e-16  3.1390e-16  1.0003e-14
1206.8948     98.10    0.1462    0.0395  1.4596e-15  3.9412e-16  9.9821e-15
1206.9247    105.53    0.1808    0.0435  1.8009e-15  4.3369e-16  9.9605e-15
1206.9546    112.96    0.2498    0.0506  2.4827e-15  5.0306e-16  9.9387e-15
1206.9845    120.40    0.2277    0.0485  2.2577e-15  4.8077e-16  9.9167e-15
1207.0144    127.83    0.3084    0.0560  3.0518e-15  5.5364e-16  9.8944e-15
1207.0443    135.26    0.3938    0.0630  3.8875e-15  6.2182e-16  9.8720e-15
1207.0743    142.69    0.4918    0.0702  4.8440e-15  6.9122e-16  9.8493e-15
1207.1042    150.12    0.3820    0.0622  3.7533e-15  6.1123e-16  9.8265e-15
1207.1341    157.56    0.3990    0.0637  3.9117e-15  6.2405e-16  9.8034e-15
1207.1640    164.99    0.4610    0.0683  4.5088e-15  6.6789e-16  9.7802e-15
1207.1939    172.42    0.6144    0.0786  5.9946e-15  7.6659e-16  9.7567e-15
1207.2238    179.85    0.7709    0.0879  7.5032e-15  8.5513e-16  9.7331e-15
1207.2537    187.29    0.8599    0.0928  8.3491e-15  9.0067e-16  9.7092e-15
1207.2836    194.72    0.8015    0.0897  7.7625e-15  8.6922e-16  9.6852e-15
1207.3135    202.15    0.7043    0.0843  6.8039e-15  8.1472e-16  9.6610e-15
1207.3434    209.58    0.8065    0.0903  7.7720e-15  8.6973e-16  9.6366e-15
1207.3734    217.01    0.9747    0.0991  9.3691e-15  9.5291e-16  9.6120e-15
1207.4033    224.45    0.8567    0.0932  8.2132e-15  8.9308e-16  9.5872e-15
1207.4332    231.88    0.8099    0.0907  7.7444e-15  8.6755e-16  9.5623e-15
1207.4631    239.31    0.8878    0.0950  8.4671e-15  9.0615e-16  9.5371e-15
1207.4930    246.74    1.1125    0.1063  1.0582e-14  1.0112e-15  9.5118e-15
1207.5229    254.17    0.8918    0.0955  8.4597e-15  9.0555e-16  9.4863e-15
1207.5528    261.61    0.8872    0.0954  8.3936e-15  9.0208e-16  9.4606e-15
1207.5827    269.04    0.8605    0.0940  8.1186e-15  8.8734e-16  9.4348e-15
1207.6126    276.47    0.8279    0.0924  7.7900e-15  8.6946e-16  9.4088e-15
1207.6425    283.90    0.6445    0.0819  6.0475e-15  7.6802e-16  9.3826e-15
1207.6725    291.33    0.5646    0.0769  5.2826e-15  7.1987e-16  9.3563e-15
1207.7024    298.77    0.5672    0.0772  5.2923e-15  7.2021e-16  9.3298e-15
1207.7323    306.20    0.6408    0.0820  5.9618e-15  7.6313e-16  9.3031e-15
1207.7622    313.63    0.8501    0.0943  7.8859e-15  8.7488e-16  9.2763e-15
1207.7921    321.06    0.8804    0.0961  8.1429e-15  8.8848e-16  9.2493e-15
1207.8220    328.49    0.8763    0.0960  8.0815e-15  8.8502e-16  9.2221e-15
1207.8519    335.93    0.9218    0.0985  8.4759e-15  9.0581e-16  9.1948e-15
1207.8818    343.36    0.9249    0.0988  8.4793e-15  9.0605e-16  9.1674e-15
1207.9117    350.79    0.8051    0.0925  7.3584e-15  8.4505e-16  9.1398e-15
1207.9416    358.22    0.8674    0.0961  7.9040e-15  8.7528e-16  9.1120e-15
1207.9716    365.65    0.8473    0.0951  7.6971e-15  8.6418e-16  9.0841e-15
1208.0015    373.09    1.0029    0.1035  9.0822e-15  9.3753e-16  9.0561e-15
1208.0314    380.52    0.8850    0.0975  7.9897e-15  8.8042e-16  9.0279e-15
1208.0613    387.95    0.8931    0.0981  8.0380e-15  8.8285e-16  8.9996e-15
1208.0912    395.38    1.0106    0.1043  9.0658e-15  9.3601e-16  8.9711e-15
1208.1211    402.82    1.0748    0.1077  9.6118e-15  9.6303e-16  8.9425e-15
1208.1510    410.25    1.0453    0.1064  9.3180e-15  9.4835e-16  8.9138e-15
1208.1809    417.68    0.9736    0.1029  8.6500e-15  9.1447e-16  8.8849e-15
1208.2108    425.11    0.8505    0.0965  7.5319e-15  8.5461e-16  8.8559e-15
1208.2407    432.54    0.9531    0.1022  8.4130e-15  9.0196e-16  8.8268e-15
1208.2707    439.98    1.0206    0.1319  8.9787e-15  1.1605e-15  8.7975e-15
1208.3006    447.41    0.9105    0.1334  7.9837e-15  1.1696e-15  8.7681e-15
1208.3305    454.84    0.8704    0.1357  7.6061e-15  1.1859e-15  8.7386e-15
1208.3604    462.27    0.9409    0.1360  8.1944e-15  1.1844e-15  8.7090e-15
1208.3903    469.70    0.9211    0.1367  7.9941e-15  1.1860e-15  8.6792e-15
1208.4202    477.14    0.9064    0.1363  7.8400e-15  1.1786e-15  8.6494e-15
1208.4501    484.57    1.0451    0.1435  9.0085e-15  1.2365e-15  8.6194e-15
1208.4800    492.00    1.0046    0.1382  8.6288e-15  1.1872e-15  8.5893e-15
1208.5099    499.43    1.1699    0.1511  1.0013e-14  1.2936e-15  8.5591e-15
1208.5398    506.86    1.0022    0.1442  8.5473e-15  1.2295e-15  8.5288e-15
1208.5698    514.30    1.0979    0.1505  9.3304e-15  1.2790e-15  8.4983e-15
1208.5997    521.73    0.9846    0.1399  8.3370e-15  1.1847e-15  8.4678e-15
1208.6296    529.16    0.9470    0.1411  7.9899e-15  1.1906e-15  8.4372e-15
1208.6595    536.59    0.8465    0.1328  7.1162e-15  1.1166e-15  8.4064e-15
1208.6894    544.02    0.9944    0.1444  8.3289e-15  1.2093e-15  8.3756e-15
1208.7193    551.46    0.9463    0.1388  7.8966e-15  1.1584e-15  8.3447e-15
1208.7492    558.89    1.1186    0.1505  9.2998e-15  1.2510e-15  8.3136e-15
1208.7791    566.32    1.0785    0.1472  8.9329e-15  1.2195e-15  8.2825e-15
1208.8090    573.75    0.8702    0.1367  7.1806e-15  1.1280e-15  8.2513e-15
1208.8389    581.18    1.0994    0.1187  9.0369e-15  9.7555e-16  8.2200e-15
1208.8689    588.62    1.0320    0.1101  8.4509e-15  9.0160e-16  8.1886e-15
1208.8988    596.05    0.8911    0.1027  7.2690e-15  8.3752e-16  8.1571e-15
1208.9287    603.48    0.9276    0.1049  7.5373e-15  8.5223e-16  8.1256e-15
1208.9586    610.91    1.0786    0.1132  8.7303e-15  9.1598e-16  8.0939e-15
1208.9885    618.35    1.0687    0.1129  8.6157e-15  9.1034e-16  8.0622e-15
1209.0184    625.78    0.9704    0.1079  7.7928e-15  8.6642e-16  8.0304e-15
1209.0483    633.21    0.8985    0.1041  7.1868e-15  8.3267e-16  7.9985e-15
1209.0782    640.64    0.9622    0.1079  7.6653e-15  8.5918e-16  7.9664e-15
1209.1081    648.07    0.9439    0.1071  7.4886e-15  8.4963e-16  7.9340e-15
1209.1380    655.51    0.9108    0.1054  7.1964e-15  8.3315e-16  7.9013e-15
1209.1680    662.94    0.9736    0.1092  7.6608e-15  8.5897e-16  7.8684e-15
1209.1979    670.37    1.0444    0.1132  8.1833e-15  8.8700e-16  7.8351e-15
1209.2278    677.80    1.0055    0.1114  7.8447e-15  8.6929e-16  7.8016e-15
1209.2577    685.23    0.9508    0.1086  7.3859e-15  8.4365e-16  7.7679e-15
1209.2876    692.67    1.1175    0.1179  8.6426e-15  9.1152e-16  7.7339e-15
1209.3175    700.10    0.9624    0.1098  7.4098e-15  8.4536e-16  7.6996e-15
1209.3474    707.53    0.8726    0.1048  6.6888e-15  8.0363e-16  7.6650e-15
1209.3773    714.96    0.9306    0.1085  7.1008e-15  8.2750e-16  7.6303e-15
1209.4072    722.39    1.1275    0.1194  8.5637e-15  9.0692e-16  7.5952e-15
1209.4371    729.83    0.9759    0.1115  7.3775e-15  8.4294e-16  7.5600e-15
1209.4671    737.26    1.0071    0.1134  7.5782e-15  8.5364e-16  7.5245e-15
1209.4970    744.69    1.1172    0.1197  8.3665e-15  8.9626e-16  7.4887e-15
1209.5269    752.12    1.0586    0.1168  7.8898e-15  8.7062e-16  7.4528e-15
1209.5568    759.55    1.0089    0.1144  7.4828e-15  8.4843e-16  7.4166e-15
1209.5867    766.99    1.0314    0.1159  7.6119e-15  8.5562e-16  7.3802e-15
1209.6166    774.42    0.9946    0.1141  7.3036e-15  8.3826e-16  7.3435e-15
1209.6465    781.85    0.9075    0.1094  6.6308e-15  7.9961e-16  7.3067e-15
1209.6764    789.28    0.8277    0.1049  6.0173e-15  7.6270e-16  7.2696e-15
1209.7063    796.71    0.7930    0.1030  5.7350e-15  7.4514e-16  7.2324e-15
1209.7362    804.15    0.7328    0.0994  5.2721e-15  7.1552e-16  7.1949e-15
1209.7662    811.58    0.8962    0.1101  6.4146e-15  7.8774e-16  7.1573e-15
1209.7961    819.01    0.8699    0.1087  6.1935e-15  7.7408e-16  7.1194e-15
1209.8260    826.44    0.9875    0.1160  6.9928e-15  8.2126e-16  7.0814e-15
1209.8559    833.88    0.9680    0.1152  6.8177e-15  8.1125e-16  7.0432e-15
1209.8858    841.31    0.8601    0.1091  6.0247e-15  7.6403e-16  7.0048e-15
1209.9157    848.74    0.9526    0.1149  6.6359e-15  8.0013e-16  6.9663e-15
1209.9456    856.17    0.7660    0.1036  5.3064e-15  7.1774e-16  6.9275e-15
1209.9755    863.60    1.1393    0.1260  7.8483e-15  8.6774e-16  6.8886e-15
1210.0054    871.04    1.1926    0.1291  8.1685e-15  8.8457e-16  6.8496e-15
1210.0353    878.47    1.0969    0.1244  7.4702e-15  8.4687e-16  6.8103e-15
1210.0653    885.90    0.9168    0.1143  6.2075e-15  7.7365e-16  6.7709e-15
1210.0952    893.33    1.0138    0.1203  6.8244e-15  8.0980e-16  6.7314e-15
1210.1251    900.76    0.9940    0.1195  6.6514e-15  7.9989e-16  6.6917e-15
1210.1550    908.20    1.0009    0.1203  6.6579e-15  8.0009e-16  6.6519e-15
1210.1849    915.63    0.9112    0.1153  6.0249e-15  7.6216e-16  6.6120e-15
1210.2148    923.06    1.0781    0.1254  7.0849e-15  8.2413e-16  6.5719e-15
1210.2447    930.49    1.0714    0.1255  6.9980e-15  8.1956e-16  6.5317e-15
1210.2746    937.92    0.9454    0.1184  6.1367e-15  7.6858e-16  6.4913e-15
1210.3045    945.36    1.0510    0.1251  6.7800e-15  8.0668e-16  6.4508e-15
1210.3344    952.79    0.9621    0.1202  6.1670e-15  7.7024e-16  6.4102e-15
1210.3644    960.22    0.8440    0.1132  5.3760e-15  7.2121e-16  6.3695e-15
1210.3943    967.65    0.9971    0.1232  6.3105e-15  7.7958e-16  6.3287e-15
1210.4242    975.08    1.0267    0.1382  6.4555e-15  8.6907e-16  6.2878e-15
1210.4541    982.52    0.8123    0.1282  5.0742e-15  8.0069e-16  6.2468e-15
1210.4840    989.95    0.8601    0.1309  5.3377e-15  8.1205e-16  6.2057e-15
1210.5139    997.38    1.1053    0.1650  6.8137e-15  1.0173e-15  6.1645e-15
1210.5438   1004.81    0.8739    0.1550  5.3511e-15  9.4898e-16  6.1232e-15
1210.5737   1012.24    0.9438    0.1659  5.7400e-15  1.0089e-15  6.0818e-15
1210.6036   1019.68    1.0170    0.1716  6.1427e-15  1.0364e-15  6.0403e-15
1210.6335   1027.11    0.9543    0.1604  5.7245e-15  9.6229e-16  5.9988e-15
1210.6635   1034.54    0.9859    0.1659  5.8730e-15  9.8808e-16  5.9572e-15
1210.6934   1041.97    0.8964    0.1572  5.3024e-15  9.2996e-16  5.9155e-15
1210.7233   1049.41    0.9013    0.1630  5.2937e-15  9.5740e-16  5.8738e-15
1210.7532   1056.84    1.0191    0.1670  5.9431e-15  9.7405e-16  5.8320e-15
1210.7831   1064.27    1.1327    0.1849  6.5587e-15  1.0704e-15  5.7901e-15
1210.8130   1071.70    0.8860    0.1588  5.0928e-15  9.1301e-16  5.7482e-15
1210.8429   1079.13    1.0586    0.1802  6.0407e-15  1.0281e-15  5.7062e-15
1210.8728   1086.57    0.9103    0.1697  5.1561e-15  9.6112e-16  5.6642e-15
1210.9027   1094.00    1.1253    0.1885  6.3264e-15  1.0599e-15  5.6222e-15
1210.9326   1101.43    1.1754    0.1897  6.5591e-15  1.0584e-15  5.5801e-15
1210.9626   1108.86    0.9538    0.1755  5.2821e-15  9.7175e-16  5.5380e-15
1210.9925   1116.29    1.2194    0.1919  6.7014e-15  1.0545e-15  5.4958e-15
1211.0224   1123.73    0.9056    0.1702  4.9387e-15  9.2799e-16  5.4537e-15
1211.0523   1131.16    0.9593    0.1544  5.1912e-15  8.3569e-16  5.4115e-15
1211.0822   1138.59    0.8802    0.1403  4.7262e-15  7.5356e-16  5.3693e-15
1211.1121   1146.02    0.9545    0.1399  5.0846e-15  7.4503e-16  5.3271e-15
1211.1420   1153.45    1.0263    0.1368  5.4237e-15  7.2280e-16  5.2849e-15
1211.1719   1160.89    1.0215    0.1370  5.3554e-15  7.1833e-16  5.2426e-15
1211.2018   1168.32    1.0694    0.1407  5.5607e-15  7.3163e-16  5.2000e-15
1211.2317   1175.75    0.9228    0.1317  4.7582e-15  6.7890e-16  5.1560e-15
1211.2617   1183.18    1.1032    0.1441  5.6382e-15  7.3658e-16  5.1108e-15
1211.2916   1190.61    1.0159    0.1391  5.1449e-15  7.0458e-16  5.0644e-15
1211.3215   1198.05    0.9348    0.1343  4.6899e-15  6.7362e-16  5.0168e-15
1211.3514   1205.48    0.9556    0.1363  4.7472e-15  6.7729e-16  4.9680e-15
1211.3813   1212.91    0.9635    0.1375  4.7386e-15  6.7640e-16  4.9182e-15
1211.4112   1220.34    0.8804    0.1324  4.2853e-15  6.4463e-16  4.8673e-15
1211.4411   1227.77    1.0121    0.1424  4.8736e-15  6.8552e-16  4.8154e-15
1211.4710   1235.21    1.2032    0.1556  5.7302e-15  7.4089e-16  4.7625e-15
1211.5009   1242.64    1.1174    0.1511  5.2613e-15  7.1156e-16  4.7087e-15
1211.5308   1250.07    1.0491    0.1475  4.8824e-15  6.8634e-16  4.6540e-15
1211.5608   1257.50    0.9164    0.1391  4.2142e-15  6.3950e-16  4.5985e-15
1211.5907   1264.94    1.1004    0.1528  4.9981e-15  6.9397e-16  4.5421e-15
1211.6206   1272.37    1.0528    0.1506  4.7220e-15  6.7535e-16  4.4850e-15
1211.6505   1279.80    0.9031    0.1409  3.9982e-15  6.2363e-16  4.4272e-15
1211.6804   1287.23    1.2097    0.1632  5.2847e-15  7.1314e-16  4.3686e-15
1211.7103   1294.66    1.2389    0.1664  5.3390e-15  7.1693e-16  4.3095e-15
1211.7402   1302.10    1.1130    0.1591  4.7299e-15  6.7615e-16  4.2497e-15
1211.7701   1309.53    0.7190    0.1301  3.0122e-15  5.4512e-16  4.1894e-15
1211.8000   1316.96    1.1967    0.1673  4.9405e-15  6.9054e-16  4.1286e-15
1211.8299   1324.39    1.3344    0.1777  5.4274e-15  7.2276e-16  4.0672e-15
1211.8599   1331.82    1.2986    0.1766  5.2015e-15  7.0717e-16  4.0055e-15
1211.8898   1339.26    1.2368    0.1738  4.8773e-15  6.8553e-16  3.9433e-15
1211.9197   1346.69    0.9948    0.1579  3.8608e-15  6.1284e-16  3.8808e-15
1211.9496   1354.12    1.0992    0.1672  4.1967e-15  6.3824e-16  3.8180e-15
1211.9795   1361.55    1.1536    0.1725  4.3316e-15  6.4761e-16  3.7550e-15
1212.0094   1368.98    1.3216    0.1857  4.8789e-15  6.8566e-16  3.6917e-15
1212.0393   1376.42    0.9531    0.1603  3.4581e-15  5.8176e-16  3.6282e-15
1212.0692   1383.85    1.0866    0.1722  3.8731e-15  6.1398e-16  3.5645e-15
1212.0991   1391.28    1.1926    0.1816  4.1752e-15  6.3584e-16  3.5008e-15
1212.1290   1398.71    1.1005    0.1766  3.7823e-15  6.0704e-16  3.4370e-15
1212.1590   1406.14    1.2881    0.1924  4.3451e-15  6.4893e-16  3.3732e-15
1212.1889   1413.58    1.0723    0.1780  3.5485e-15  5.8917e-16  3.3094e-15
1212.2188   1421.01    0.9574    0.1705  3.1073e-15  5.5353e-16  3.2456e-15
1212.2487   1428.44    0.9670    0.1730  3.0769e-15  5.5055e-16  3.1820e-15
1212.2786   1435.87    0.9781    0.1759  3.0502e-15  5.4862e-16  3.1185e-15
1212.3085   1443.30    1.0324    0.1824  3.1541e-15  5.5715e-16  3.0552e-15
1212.3384   1450.74    1.1016    0.1901  3.2959e-15  5.6877e-16  2.9921e-15
1212.3683   1458.17    1.0927    0.1916  3.2008e-15  5.6127e-16  2.9293e-15
1212.3982   1465.60    0.9175    0.1786  2.6303e-15  5.1205e-16  2.8668e-15
1212.4281   1473.03    0.8840    0.1778  2.4791e-15  4.9858e-16  2.8046e-15
1212.4581   1480.47    1.2586    0.2121  3.4521e-15  5.8162e-16  2.7428e-15
1212.4880   1487.90    0.5316    0.1449  1.4256e-15  3.8852e-16  2.6815e-15
1212.5179   1495.33    0.7878    0.1749  2.0646e-15  4.5835e-16  2.6206e-15
1212.5478   1502.76    0.9928    0.1968  2.5419e-15  5.0382e-16  2.5603e-15
1212.5777   1510.19    1.0138    0.2013  2.5350e-15  5.0327e-16  2.5005e-15
1212.6076   1517.63    0.8607    0.1891  2.1014e-15  4.6172e-16  2.4413e-15
1212.6375   1525.06    1.1319    0.2173  2.6971e-15  5.1774e-16  2.3828e-15
1212.6674   1532.49    1.1738    0.2238  2.7289e-15  5.2023e-16  2.3249e-15
1212.6973   1539.92    0.9588    0.2065  2.1743e-15  4.6821e-16  2.2678e-15
1212.7272   1547.35    1.1589    0.2284  2.5627e-15  5.0512e-16  2.2114e-15
1212.7572   1554.79    0.7458    0.1895  1.6079e-15  4.0859e-16  2.1558e-15
1212.7871   1562.22    0.5870    0.1732  1.2333e-15  3.6401e-16  2.1011e-15
1212.8170   1569.65    0.7408    0.1946  1.5166e-15  3.9833e-16  2.0473e-15
1212.8469   1577.08    0.9109    0.2166  1.8166e-15  4.3206e-16  1.9943e-15
1212.8768   1584.51    0.9902    0.2281  1.9234e-15  4.4306e-16  1.9424e-15
1212.9067   1591.95    0.9798    0.2303  1.8533e-15  4.3566e-16  1.8915e-15
1212.9366   1599.38    0.9082    0.2262  1.6725e-15  4.1652e-16  1.8416e-15
1212.9665   1606.81    1.1394    0.2544  2.0427e-15  4.5602e-16  1.7928e-15
1212.9964   1614.24    0.8584    0.2277  1.4980e-15  3.9729e-16  1.7452e-15
1213.0263   1621.67    0.8697    0.2323  1.4774e-15  3.9458e-16  1.6987e-15
1213.0563   1629.11    0.9420    0.2443  1.5576e-15  4.0388e-16  1.6535e-15
1213.0862   1636.54    0.9260    0.2463  1.4904e-15  3.9645e-16  1.6095e-15
1213.1161   1643.97    1.3696    0.2977  2.1458e-15  4.6640e-16  1.5668e-15
1213.1460   1651.40    1.5348    0.3184  2.3413e-15  4.8567e-16  1.5254e-15
1213.1759   1658.83    0.8862    0.2536  1.3164e-15  3.7665e-16  1.4855e-15
1213.2058   1666.27    1.0763    0.2801  1.5574e-15  4.0532e-16  1.4469e-15
1213.2357   1673.70    1.0740    0.2840  1.5142e-15  4.0034e-16  1.4099e-15
1213.2656   1681.13    1.0159    0.2818  1.3962e-15  3.8723e-16  1.3743e-15
1213.2955   1688.56    0.9814    0.2819  1.3153e-15  3.7784e-16  1.3403e-15
1213.3254   1696.00    0.6929    0.2480  9.0619e-16  3.2432e-16  1.3078e-15
1213.3554   1703.43    1.1121    0.3059  1.4202e-15  3.9065e-16  1.2771e-15
1213.3853   1710.86    0.7146    0.2594  8.9172e-16  3.2367e-16  1.2479e-15
1213.4152   1718.29    0.7801    0.2720  9.5212e-16  3.3200e-16  1.2205e-15
1213.4451   1725.72    0.9666    0.2999  1.1550e-15  3.5829e-16  1.1949e-15
1213.4750   1733.16    0.7456    0.2741  8.7292e-16  3.2090e-16  1.1708e-15
1213.5049   1740.59    0.7005    0.2716  8.0396e-16  3.1169e-16  1.1476e-15
1213.5348   1748.02    0.9789    0.3136  1.1016e-15  3.5290e-16  1.1253e-15
1213.5647   1755.45    0.8677    0.3029  9.5774e-16  3.3437e-16  1.1038e-15
1213.5946   1762.88    0.9034    0.3119  9.7842e-16  3.3779e-16  1.0831e-15
1213.6245   1770.32    0.8443    0.3078  8.9768e-16  3.2720e-16  1.0632e-15
1213.6545   1777.75    0.8804    0.3169  9.1922e-16  3.3089e-16  1.0440e-15
1213.6844   1785.18    1.1589    0.3583  1.1886e-15  3.6748e-16  1.0257e-15
1213.7143   1792.61    0.8137    0.3169  8.2024e-16  3.1944e-16  1.0081e-15
1213.7442   1800.04    0.9960    0.3465  9.8722e-16  3.4341e-16  9.9118e-16
1213.7741   1807.48    1.2573    0.3836  1.2259e-15  3.7400e-16  9.7501e-16
1213.8040   1814.91    0.6332    0.3009  6.0762e-16  2.8877e-16  9.5954e-16
1213.8339   1822.34    1.1750    0.3816  1.1101e-15  3.6053e-16  9.4475e-16
1213.8638   1829.77    0.8238    0.3621  7.6664e-16  3.3699e-16  9.3062e-16
1213.8937   1837.20    0.7323    0.3864  6.7158e-16  3.5440e-16  9.1715e-16
1213.9236   1844.64    1.8969    0.5708  1.7154e-15  5.1616e-16  9.0430e-16
1213.9536   1852.07    1.1777    0.5296  1.0506e-15  4.7244e-16  8.9208e-16
1213.9835   1859.50    0.4183    0.3757  3.6830e-16  3.3075e-16  8.8046e-16
1214.0134   1866.93    0.7497    0.4641  6.5184e-16  4.0347e-16  8.6942e-16
1214.0433   1874.36    0.2527    0.3557  2.1705e-16  3.0552e-16  8.5895e-16
1214.0732   1881.80    0.8104    0.4623  6.8807e-16  3.9250e-16  8.4903e-16
1214.1031   1889.23    0.9553    0.5290  8.0213e-16  4.4417e-16  8.3966e-16
1214.1330   1896.66    1.1164    0.5014  9.2750e-16  4.1657e-16  8.3080e-16
1214.1629   1904.09    0.7984    0.4172  6.5665e-16  3.4308e-16  8.2244e-16
1214.1928   1911.53    0.8826    0.4350  7.1891e-16  3.5432e-16  8.1458e-16
1214.2227   1918.96    1.3665    0.4591  1.1030e-15  3.7061e-16  8.0718e-16
1214.2527   1926.39    0.8677    0.3961  6.9434e-16  3.1697e-16  8.0025e-16
1214.2826   1933.82    0.8024    0.3904  6.3693e-16  3.0990e-16  7.9375e-16
1214.3125   1941.25    1.5670    0.4940  1.2342e-15  3.8907e-16  7.8767e-16
1214.3424   1948.69    1.3539    0.4738  1.0587e-15  3.7049e-16  7.8201e-16
1214.3723   1956.12    1.4394    0.4887  1.1180e-15  3.7960e-16  7.7673e-16
1214.4022   1963.55    1.6685    0.5200  1.2878e-15  4.0138e-16  7.7183e-16
1214.4321   1970.98    1.7739    0.5369  1.3611e-15  4.1200e-16  7.6729e-16
1214.4620   1978.41    1.6183    0.5226  1.2349e-15  3.9876e-16  7.6309e-16
1214.4919   1985.85    1.5836    0.5235  1.2023e-15  3.9749e-16  7.5922e-16
1214.5218   1993.28    1.8943    0.5655  1.4315e-15  4.2736e-16  7.5566e-16
1214.5518   2000.71    3.2801    0.7024  2.4680e-15  5.2847e-16  7.5240e-16
1214.5817   2008.14    2.6890    0.6551  2.0152e-15  4.9097e-16  7.4941e-16
1214.6116   2015.57    3.0993    0.6992  2.3142e-15  5.2208e-16  7.4669e-16
1214.6415   2023.01    3.0302    0.7019  2.2551e-15  5.2234e-16  7.4421e-16
1214.6714   2030.44    3.1389    0.7214  2.3289e-15  5.3522e-16  7.4196e-16
1214.7013   2037.87    3.3485    0.7499  2.4777e-15  5.5484e-16  7.3992e-16
1214.7312   2045.30    3.5187    0.7769  2.5971e-15  5.7344e-16  7.3809e-16
1214.7611   2052.73    3.8075    0.8178  2.8040e-15  6.0226e-16  7.3643e-16
1214.7910   2060.17    7.3906    1.0758  5.4317e-15  7.9066e-16  7.3494e-16
1214.8209   2067.60    7.5507    1.1144  5.5392e-15  8.1756e-16  7.3360e-16
1214.8509   2075.03   11.3503    1.3375  8.3129e-15  9.7956e-16  7.3240e-16
1214.8808   2082.46   15.7253    1.5598  1.1500e-14  1.1407e-15  7.3131e-16
1214.9107   2089.90   26.1662    1.9656  1.9110e-14  1.4355e-15  7.3032e-16
1214.9406   2097.33   49.0566    2.6235  3.5783e-14  1.9136e-15  7.2941e-16
1214.9705   2104.76   93.9172    3.5621  6.8426e-14  2.5953e-15  7.2858e-16
1215.0004   2112.19  186.0870    4.9445  1.3543e-13  3.5986e-15  7.2779e-16
1215.0303   2119.62  283.5009    6.0755  2.0612e-13  4.4172e-15  7.2705e-16
1215.0602   2127.06  390.9315    7.1196  2.8394e-13  5.1711e-15  7.2632e-16
1215.0901   2134.49  526.6075    8.2503  3.8211e-13  5.9864e-15  7.2560e-16
1215.1200   2141.92  678.8214    9.3594  4.9205e-13  6.7843e-15  7.2486e-16
1215.1500   2149.35  818.6259   10.2765  5.9277e-13  7.4413e-15  7.2410e-16
1215.1799   2156.78  1000.4085   11.3557  7.2359e-13  8.2135e-15  7.2329e-16
1215.2098   2164.22  1213.8710   12.5050  8.7693e-13  9.0340e-15  7.2243e-16
1215.2397   2171.65  1431.7671   13.5816  1.0330e-12  9.7989e-15  7.2148e-16
1215.2696   2179.08  1733.4996   14.9406  1.2489e-12  1.0764e-14  7.2045e-16
1215.2995   2186.51  2008.7184   16.0867  1.4449e-12  1.1571e-14  7.1930e-16
1215.3294   2193.94  2281.5730   17.1522  1.6382e-12  1.2316e-14  7.1803e-16
1215.3593   2201.38  2551.2185   18.1498  1.8283e-12  1.3006e-14  7.1662e-16
1215.3892   2208.81  2893.0842   19.3379  2.0687e-12  1.3828e-14  7.1505e-16
1215.4191   2216.24  3156.2598   20.2176  2.2514e-12  1.4421e-14  7.1331e-16
1215.4491   2223.67  3395.9055   20.9945  2.4158e-12  1.4935e-14  7.1137e-16
1215.4790   2231.10  3629.1475   21.7309  2.5739e-12  1.5412e-14  7.0924e-16
1215.5089   2238.54  3854.9458   22.4303  2.7251e-12  1.5856e-14  7.0690e-16
1215.5388   2245.97  3981.2166   22.8342  2.8049e-12  1.6087e-14  7.0453e-16
1215.5687   2253.40  4227.2222   23.5624  2.9681e-12  1.6544e-14  7.0215e-16
1215.5986   2260.83  4414.6851   24.1151  3.0893e-12  1.6875e-14  6.9977e-16
1215.6285   2268.26  4491.2588   24.3641  3.1321e-12  1.6991e-14  6.9739e-16
1215.6584   2275.70  4596.4712   24.6870  3.1946e-12  1.7158e-14  6.9502e-16
1215.6883   2283.13  4657.7188   24.8926  3.2262e-12  1.7242e-14  6.9266e-16
1215.7182   2290.56  4719.8774   32.9872  3.2582e-12  2.2771e-14  6.9031e-16
1215.7482   2297.99  4721.8320   35.7691  3.2486e-12  2.4609e-14  6.8799e-16
1215.7781   2305.43  4672.0425   35.6390  3.2036e-12  2.4438e-14  6.8570e-16
1215.8080   2312.86  4751.9194   35.9952  3.2477e-12  2.4601e-14  6.8345e-16
1215.8379   2320.29  4644.5635   35.6463  3.1640e-12  2.4283e-14  6.8123e-16
1215.8678   2327.72  4466.2905   35.0174  3.0329e-12  2.3779e-14  6.7906e-16
1215.8977   2335.15  4320.5332   34.4976  2.9247e-12  2.3353e-14  6.7693e-16
1215.9276   2342.59  4255.6992   34.2888  2.8720e-12  2.3140e-14  6.7486e-16
1215.9575   2350.02  4149.3296   33.9075  2.7919e-12  2.2815e-14  6.7285e-16
1215.9874   2357.45  3957.9751   33.1686  2.6554e-12  2.2253e-14  6.7091e-16
1216.0173   2364.88  3718.1560   39.9176  2.4876e-12  2.6706e-14  6.6903e-16
1216.0473   2372.31  3572.5347   22.2198  2.3837e-12  1.4826e-14  6.6723e-16
1216.0772   2379.75  3402.6892   21.7133  2.2645e-12  1.4450e-14  6.6551e-16
1216.1071   2387.18  3238.4141   21.2078  2.1499e-12  1.4079e-14  6.6388e-16
1216.1370   2394.61  3010.8982   20.4746  1.9942e-12  1.3561e-14  6.6234e-16
1216.1669   2402.04  2735.1321   19.5416  1.8076e-12  1.2915e-14  6.6089e-16
1216.1968   2409.47  2462.2031   18.5663  1.6239e-12  1.2245e-14  6.5954e-16
1216.2267   2416.91  2174.5693   17.4732  1.4315e-12  1.1503e-14  6.5830e-16
1216.2566   2424.34  1870.9230   16.2318  1.2295e-12  1.0667e-14  6.5718e-16
1216.2865   2431.77  1595.5397   15.0131  1.0469e-12  9.8511e-15  6.5617e-16
1216.3164   2439.20  1351.0129   13.8354  8.8529e-13  9.0660e-15  6.5528e-16
1216.3464   2446.63  1125.4189   12.6476  7.3660e-13  8.2780e-15  6.5451e-16
1216.3763   2454.07  938.4570   11.5661  6.1364e-13  7.5629e-15  6.5389e-16
1216.4062   2461.50  760.1623   10.4272  4.9669e-13  6.8131e-15  6.5339e-16
1216.4361   2468.93  608.6048    9.3459  3.9745e-13  6.1033e-15  6.5305e-16
1216.4660   2476.36  481.6619    8.3282  3.1445e-13  5.4370e-15  6.5284e-16
1216.4959   2483.79  345.0448    7.0755  2.2524e-13  4.6189e-15  6.5280e-16
1216.5258   2491.23  239.0265    5.9162  1.5606e-13  3.8627e-15  6.5291e-16
1216.5557   2498.66  158.0887    4.8425  1.0326e-13  3.1630e-15  6.5318e-16
1216.5856   2506.09   77.9502    3.4766  5.0950e-14  2.2724e-15  6.5363e-16
1216.6155   2513.52   33.0347    2.6885  2.1613e-14  1.7589e-15  6.5424e-16
1216.6455   2520.96   18.5101    2.4624  1.2125e-14  1.6130e-15  6.5504e-16
1216.6754   2528.39   11.0328    2.0075  7.2377e-15  1.3170e-15  6.5602e-16
1216.7053   2535.82    8.1418    1.7952  5.3507e-15  1.1798e-15  6.5719e-16
1216.7352   2543.25    5.9550    1.5514  3.9217e-15  1.0217e-15  6.5856e-16
1216.7651   2550.68    7.3344    1.6207  4.8416e-15  1.0699e-15  6.6012e-16
1216.7950   2558.12    4.9816    1.4086  3.2973e-15  9.3234e-16  6.6189e-16
1216.8249   2565.55    3.6071    1.2107  2.3947e-15  8.0372e-16  6.6387e-16
1216.8548   2572.98    4.9503    1.3042  3.2972e-15  8.6867e-16  6.6607e-16
1216.8847   2580.41    2.8984    1.0776  1.9375e-15  7.2035e-16  6.6849e-16
1216.9146   2587.84    2.7442    0.9870  1.8417e-15  6.6242e-16  6.7113e-16
1216.9446   2595.28    3.1350    1.0642  2.1130e-15  7.1728e-16  6.7401e-16
1216.9745   2602.71    2.7995    1.0002  1.8956e-15  6.7727e-16  6.7712e-16
1217.0044   2610.14    2.8973    1.0133  1.9715e-15  6.8951e-16  6.8047e-16
1217.0343   2617.57    1.6677    0.8511  1.1408e-15  5.8222e-16  6.8407e-16
1217.0642   2625.00    3.1238    1.0192  2.1489e-15  7.0111e-16  6.8792e-16
1217.0941   2632.44    2.4245    0.9061  1.6778e-15  6.2704e-16  6.9203e-16
1217.1240   2639.87    2.8112    0.9279  1.9577e-15  6.4620e-16  6.9640e-16
1217.1539   2647.30    1.6166    0.7475  1.1333e-15  5.2401e-16  7.0104e-16
1217.1838   2654.73    1.7868    0.7682  1.2614e-15  5.4234e-16  7.0595e-16
1217.2137   2662.16    1.1750    0.5660  8.3561e-16  4.0253e-16  7.1114e-16
1217.2437   2669.60    1.5765    0.5352  1.1298e-15  3.8356e-16  7.1661e-16
1217.2736   2677.03    0.6834    0.4089  4.9364e-16  2.9540e-16  7.2237e-16
1217.3035   2684.46    0.9110    0.4337  6.6359e-16  3.1589e-16  7.2843e-16
1217.3334   2691.89    1.5062    0.5052  1.1067e-15  3.7122e-16  7.3478e-16
1217.3633   2699.32    1.1119    0.4481  8.2439e-16  3.3227e-16  7.4144e-16
1217.3932   2706.76    1.5357    0.4965  1.1494e-15  3.7158e-16  7.4841e-16
1217.4231   2714.19    0.4944    0.3438  3.7364e-16  2.5980e-16  7.5569e-16
1217.4530   2721.62    1.2573    0.4531  9.5971e-16  3.4587e-16  7.6329e-16
1217.4829   2729.05    1.0901    0.4261  8.4071e-16  3.2862e-16  7.7121e-16
1217.5128   2736.49    0.6104    0.3484  4.7575e-16  2.7157e-16  7.7947e-16
1217.5428   2743.92    0.8100    0.3767  6.3834e-16  2.9686e-16  7.8806e-16
1217.5727   2751.35    0.4985    0.3216  3.9731e-16  2.5629e-16  7.9699e-16
1217.6026   2758.78    1.5246    0.4636  1.2292e-15  3.7375e-16  8.0626e-16
1217.6325   2766.21    1.0558    0.3985  8.6139e-16  3.2512e-16  8.1590e-16
1217.6624   2773.65    1.0838    0.3973  8.9603e-16  3.2843e-16  8.2676e-16
1217.6923   2781.08    1.3194    0.4241  1.1074e-15  3.5599e-16  8.3932e-16
