# Wave  Vhel  NormFlux  NormErr      Flux        Error       Continuum
1245.0600  -2090.99    0.9139    0.1060  6.1110e-15  7.0881e-16  6.6867e-15
1245.0899  -2083.84    1.0051    0.1111  6.7206e-15  7.4277e-16  6.6862e-15
1245.1198  -2076.69    1.0882    0.1155  7.2756e-15  7.7206e-16  6.6858e-15
1245.1497  -2069.54    1.0001    0.1134  6.6858e-15  7.5842e-16  6.6853e-15
1245.1796  -2062.39    0.8511    0.1161  5.6897e-15  7.7632e-16  6.6848e-15
1245.2095  -2055.23    1.0426    0.1296  6.9694e-15  8.6652e-16  6.6843e-15
1245.2394  -2048.08    0.8649    0.1361  5.7807e-15  9.0990e-16  6.6838e-15
1245.2693  -2040.93    1.0056    0.1483  6.7205e-15  9.9143e-16  6.6834e-15
1245.2992  -2033.78    0.9079    0.1363  6.0671e-15  9.1110e-16  6.6829e-15
1245.3291  -2026.63    0.8408    0.1156  5.6183e-15  7.7249e-16  6.6824e-15
1245.3591  -2019.48    1.0149    0.1139  6.7817e-15  7.6083e-16  6.6819e-15
1245.3890  -2012.32    0.9575    0.1085  6.3977e-15  7.2480e-16  6.6814e-15
1245.4189  -2005.17    0.9812    0.1097  6.5553e-15  7.3310e-16  6.6809e-15
1245.4488  -1998.02    1.1013    0.1161  7.3568e-15  7.7580e-16  6.6804e-15
1245.4787  -1990.87    0.9832    0.1098  6.5674e-15  7.3371e-16  6.6799e-15
1245.5086  -1983.72    1.0415    0.1130  6.9567e-15  7.5495e-16  6.6793e-15
1245.5385  -1976.57    1.0844    0.1153  7.2423e-15  7.6980e-16  6.6788e-15
1245.5684  -1969.41    1.1451    0.1184  7.6472e-15  7.9097e-16  6.6783e-15
1245.5983  -1962.26    0.9567    0.1085  6.3883e-15  7.2424e-16  6.6778e-15
1245.6282  -1955.11    1.1083    0.1166  7.4006e-15  7.7842e-16  6.6773e-15
1245.6582  -1947.96    1.0073    0.1112  6.7258e-15  7.4224e-16  6.6767e-15
1245.6881  -1940.81    1.0962    0.1160  7.3187e-15  7.7411e-16  6.6762e-15
1245.7180  -1933.66    0.9267    0.1068  6.1865e-15  7.1285e-16  6.6757e-15
1245.7479  -1926.50    0.9689    0.1091  6.4677e-15  7.2844e-16  6.6751e-15
1245.7778  -1919.35    1.0397    0.1129  6.9395e-15  7.5364e-16  6.6746e-15
1245.8077  -1912.20    0.9323    0.1071  6.2219e-15  7.1494e-16  6.6740e-15
1245.8376  -1905.05    0.8211    0.1006  5.4796e-15  6.7150e-16  6.6735e-15
1245.8675  -1897.90    0.8445    0.1020  5.6352e-15  6.8089e-16  6.6729e-15
1245.8974  -1890.75    1.0036    0.1110  6.6962e-15  7.4067e-16  6.6724e-15
1245.9273  -1883.59    0.9201    0.1064  6.1390e-15  7.0994e-16  6.6718e-15
1245.9573  -1876.44    1.0322    0.1126  6.8861e-15  7.5088e-16  6.6713e-15
1245.9872  -1869.29    1.0100    0.1113  6.7373e-15  7.4257e-16  6.6707e-15
1246.0171  -1862.14    0.9511    0.1081  6.3441e-15  7.2076e-16  6.6701e-15
1246.0470  -1854.99    0.8850    0.1043  5.9024e-15  6.9573e-16  6.6696e-15
1246.0769  -1847.84    0.8526    0.1025  5.6859e-15  6.8357e-16  6.6690e-15
1246.1068  -1840.68    1.0284    0.1123  6.8576e-15  7.4897e-16  6.6684e-15
1246.1367  -1833.53    1.0848    0.1152  7.2332e-15  7.6833e-16  6.6678e-15
1246.1666  -1826.38    1.0599    0.1139  7.0667e-15  7.5940e-16  6.6673e-15
1246.1965  -1819.23    1.0400    0.1129  6.9333e-15  7.5239e-16  6.6667e-15
1246.2264  -1812.08    1.0012    0.1108  6.6739e-15  7.3892e-16  6.6661e-15
1246.2564  -1804.93    1.2053    0.1214  8.0340e-15  8.0938e-16  6.6655e-15
1246.2863  -1797.77    1.0798    0.1151  7.1967e-15  7.6709e-16  6.6649e-15
1246.3162  -1790.62    1.1009    0.1162  7.3370e-15  7.7443e-16  6.6643e-15
1246.3461  -1783.47    0.9035    0.1055  6.0209e-15  7.0326e-16  6.6637e-15
1246.3760  -1776.32    1.0763    0.1149  7.1717e-15  7.6571e-16  6.6631e-15
1246.4059  -1769.17    1.1439    0.1184  7.6215e-15  7.8900e-16  6.6625e-15
1246.4358  -1762.02    0.8872    0.1045  5.9102e-15  6.9645e-16  6.6619e-15
1246.4657  -1754.86    0.8989    0.1052  5.9878e-15  7.0080e-16  6.6612e-15
1246.4956  -1747.71    0.8424    0.1020  5.6110e-15  6.7924e-16  6.6606e-15
1246.5255  -1740.56    0.9201    0.1146  6.1276e-15  7.6329e-16  6.6600e-15
1246.5555  -1733.41    0.8724    0.1190  5.8094e-15  7.9241e-16  6.6594e-15
1246.5854  -1726.26    0.8896    0.1323  5.9234e-15  8.8122e-16  6.6587e-15
1246.6153  -1719.11    1.0023    0.1520  6.6731e-15  1.0119e-15  6.6581e-15
1246.6452  -1711.95    0.8279    0.1395  5.5118e-15  9.2840e-16  6.6575e-15
1246.6751  -1704.80    1.0380    0.1515  6.9100e-15  1.0085e-15  6.6568e-15
1246.7050  -1697.65    0.9885    0.1360  6.5795e-15  9.0502e-16  6.6562e-15
1246.7349  -1690.50    1.0972    0.1289  7.3022e-15  8.5779e-16  6.6555e-15
1246.7648  -1683.35    0.8375    0.1017  5.5736e-15  6.7656e-16  6.6549e-15
1246.7947  -1676.20    1.1032    0.1163  7.3406e-15  7.7373e-16  6.6542e-15
1246.8246  -1669.04    1.1117    0.1167  7.3969e-15  7.7648e-16  6.6536e-15
1246.8546  -1661.89    1.0270    0.1122  6.8327e-15  7.4646e-16  6.6529e-15
1246.8845  -1654.74    1.1238    0.1173  7.4756e-15  7.8041e-16  6.6523e-15
1246.9144  -1647.59    1.1270    0.1175  7.4963e-15  7.8130e-16  6.6516e-15
1246.9443  -1640.44    1.1131    0.1168  7.4031e-15  7.7665e-16  6.6509e-15
1246.9742  -1633.29    0.9766    0.1116  6.4947e-15  7.4199e-16  6.6503e-15
1247.0041  -1626.13    0.9742    0.1234  6.4780e-15  8.2041e-16  6.6496e-15
1247.0340  -1618.98    1.0577    0.1347  7.0326e-15  8.9584e-16  6.6489e-15
1247.0639  -1611.83    1.0247    0.1482  6.8124e-15  9.8508e-16  6.6482e-15
1247.0938  -1604.68    1.2084    0.1619  8.0329e-15  1.0763e-15  6.6475e-15
1247.1237  -1597.53    1.1227    0.1549  7.4624e-15  1.0299e-15  6.6468e-15
1247.1537  -1590.38    0.9644    0.1434  6.4093e-15  9.5311e-16  6.6461e-15
1247.1836  -1583.22    1.0546    0.1485  7.0086e-15  9.8684e-16  6.6454e-15
1247.2135  -1576.07    1.0191    0.1437  6.7719e-15  9.5513e-16  6.6447e-15
1247.2434  -1568.92    0.9104    0.1404  6.0489e-15  9.3268e-16  6.6440e-15
1247.2733  -1561.77    0.9908    0.1510  6.5821e-15  1.0031e-15  6.6433e-15
1247.3032  -1554.62    1.0868    0.1533  7.2195e-15  1.0185e-15  6.6426e-15
1247.3331  -1547.47    0.9528    0.1430  6.3286e-15  9.5006e-16  6.6419e-15
1247.3630  -1540.31    1.1184    0.1552  7.4275e-15  1.0310e-15  6.6412e-15
1247.3929  -1533.16    0.8621    0.1365  5.7245e-15  9.0650e-16  6.6405e-15
1247.4228  -1526.01    1.0524    0.1476  6.9878e-15  9.8007e-16  6.6397e-15
1247.4528  -1518.86    0.9210    0.1426  6.1144e-15  9.4663e-16  6.6390e-15
1247.4827  -1511.71    1.0879    0.1539  7.2220e-15  1.0218e-15  6.6383e-15
1247.5126  -1504.56    1.1494    0.1580  7.6289e-15  1.0490e-15  6.6375e-15
1247.5425  -1497.40    0.9113    0.1456  6.0478e-15  9.6614e-16  6.6368e-15
1247.5724  -1490.25    0.9432    0.1454  6.2590e-15  9.6491e-16  6.6360e-15
1247.6023  -1483.10    1.0537    0.1488  6.9919e-15  9.8750e-16  6.6353e-15
1247.6322  -1475.95    0.8884    0.1394  5.8942e-15  9.2487e-16  6.6346e-15
1247.6621  -1468.80    1.0207    0.1463  6.7708e-15  9.7024e-16  6.6338e-15
1247.6920  -1461.65    0.9240    0.1423  6.1290e-15  9.4387e-16  6.6330e-15
1247.7219  -1454.49    1.0775    0.1506  7.1464e-15  9.9901e-16  6.6323e-15
1247.7519  -1447.34    0.9905    0.1440  6.5684e-15  9.5462e-16  6.6315e-15
1247.7818  -1440.19    0.9042    0.1400  5.9957e-15  9.2860e-16  6.6307e-15
1247.8117  -1433.04    1.2169    0.1579  8.0681e-15  1.0468e-15  6.6300e-15
1247.8416  -1425.89    1.1560    0.1588  7.6633e-15  1.0527e-15  6.6292e-15
1247.8715  -1418.74    1.0023    0.1488  6.6434e-15  9.8645e-16  6.6284e-15
1247.9014  -1411.58    0.8883    0.1362  5.8874e-15  9.0292e-16  6.6277e-15
1247.9313  -1404.43    0.9821    0.1461  6.5085e-15  9.6837e-16  6.6269e-15
1247.9612  -1397.28    1.1480    0.1535  7.6065e-15  1.0169e-15  6.6261e-15
1247.9911  -1390.13    0.9366    0.1411  6.2055e-15  9.3495e-16  6.6253e-15
1248.0210  -1382.98    1.1157    0.1547  7.3907e-15  1.0245e-15  6.6245e-15
1248.0510  -1375.83    1.0767    0.1491  7.1317e-15  9.8779e-16  6.6238e-15
1248.0809  -1368.67    0.9684    0.1450  6.4140e-15  9.6059e-16  6.6230e-15
1248.1108  -1361.52    0.9440    0.1471  6.2516e-15  9.7440e-16  6.6222e-15
1248.1407  -1354.37    0.9390    0.1414  6.2176e-15  9.3599e-16  6.6214e-15
1248.1706  -1347.22    0.9964    0.1465  6.5966e-15  9.6973e-16  6.6206e-15
1248.2005  -1340.07    1.1226    0.1519  7.4312e-15  1.0056e-15  6.6198e-15
1248.2304  -1332.92    1.0281    0.1485  6.8047e-15  9.8265e-16  6.6190e-15
1248.2603  -1325.76    0.8836    0.1383  5.8475e-15  9.1500e-16  6.6182e-15
1248.2902  -1318.61    1.0555    0.1497  6.9844e-15  9.9093e-16  6.6174e-15
1248.3201  -1311.46    1.0045    0.1483  6.6467e-15  9.8092e-16  6.6166e-15
1248.3501  -1304.31    0.9172    0.1435  6.0677e-15  9.4933e-16  6.6158e-15
1248.3800  -1297.16    1.0789    0.1515  7.1372e-15  1.0021e-15  6.6150e-15
1248.4099  -1290.01    1.0177    0.1493  6.7311e-15  9.8764e-16  6.6141e-15
1248.4398  -1282.85    1.1106    0.1552  7.3446e-15  1.0267e-15  6.6133e-15
1248.4697  -1275.70    1.0480    0.1470  6.9296e-15  9.7213e-16  6.6125e-15
1248.4996  -1268.55    1.0302    0.1526  6.8116e-15  1.0089e-15  6.6117e-15
1248.5295  -1261.40    0.7831    0.1312  5.1770e-15  8.6767e-16  6.6109e-15
1248.5594  -1254.25    1.0161    0.1455  6.7164e-15  9.6188e-16  6.6100e-15
1248.5893  -1247.10    0.9683    0.1472  6.4000e-15  9.7309e-16  6.6092e-15
1248.6192  -1239.94    1.0028    0.1487  6.6267e-15  9.8285e-16  6.6084e-15
1248.6492  -1232.79    1.0009    0.1502  6.6135e-15  9.9265e-16  6.6076e-15
1248.6791  -1225.64    1.0488    0.1529  6.9293e-15  1.0105e-15  6.6067e-15
1248.7090  -1218.49    0.8833    0.1424  5.8349e-15  9.4070e-16  6.6059e-15
1248.7389  -1211.34    0.9423    0.1455  6.2239e-15  9.6124e-16  6.6051e-15
1248.7688  -1204.19    0.9150    0.1411  6.0428e-15  9.3205e-16  6.6042e-15
1248.7987  -1197.03    1.0226    0.1486  6.7526e-15  9.8124e-16  6.6034e-15
1248.8286  -1189.88    1.0298    0.1484  6.7995e-15  9.7994e-16  6.6025e-15
1248.8585  -1182.73    0.9583    0.1457  6.3263e-15  9.6167e-16  6.6017e-15
1248.8884  -1175.58    0.9904    0.1438  6.5374e-15  9.4941e-16  6.6008e-15
1248.9183  -1168.43    0.9352    0.1412  6.1722e-15  9.3175e-16  6.6000e-15
1248.9483  -1161.28    1.0041    0.1487  6.6260e-15  9.8161e-16  6.5991e-15
1248.9782  -1154.12    0.9668    0.1337  6.3790e-15  8.8250e-16  6.5983e-15
1249.0081  -1146.97    0.9859    0.1242  6.5045e-15  8.1910e-16  6.5974e-15
1249.0380  -1139.82    1.0072    0.1111  6.6441e-15  7.3315e-16  6.5966e-15
1249.0679  -1132.67    1.0675    0.1144  7.0409e-15  7.5431e-16  6.5957e-15
1249.0978  -1125.52    1.0713    0.1146  7.0653e-15  7.5571e-16  6.5949e-15
1249.1277  -1118.37    1.0615    0.1141  6.9994e-15  7.5213e-16  6.5940e-15
1249.1576  -1111.21    0.8944    0.1049  5.8972e-15  6.9167e-16  6.5931e-15
1249.1875  -1104.06    0.6990    0.0930  4.6083e-15  6.1304e-16  6.5923e-15
1249.2174  -1096.91    0.8820    0.1041  5.8139e-15  6.8643e-16  6.5914e-15
1249.2474  -1089.76    0.9889    0.1102  6.5174e-15  7.2614e-16  6.5905e-15
1249.2773  -1082.61    1.0763    0.1148  7.0927e-15  7.5680e-16  6.5896e-15
1249.3072  -1075.46    1.0466    0.1133  6.8959e-15  7.4675e-16  6.5888e-15
1249.3371  -1068.30    1.1068    0.1165  7.2916e-15  7.6758e-16  6.5879e-15
1249.3670  -1061.15    0.9962    0.1106  6.5620e-15  7.2884e-16  6.5870e-15
1249.3969  -1054.00    1.0994    0.1162  7.2407e-15  7.6499e-16  6.5861e-15
1249.4268  -1046.85    0.8758    0.1039  5.7672e-15  6.8408e-16  6.5852e-15
1249.4567  -1039.70    1.0207    0.1120  6.7208e-15  7.3743e-16  6.5844e-15
1249.4866  -1032.55    0.9508    0.1082  6.2598e-15  7.1228e-16  6.5835e-15
1249.5165  -1025.39    0.8365    0.1016  5.5061e-15  6.6895e-16  6.5826e-15
1249.5465  -1018.24    0.7913    0.0989  5.2083e-15  6.5115e-16  6.5817e-15
1249.5764  -1011.09    0.9303    0.1071  6.1224e-15  7.0459e-16  6.5808e-15
1249.6063  -1003.94    1.0972    0.1161  7.2194e-15  7.6384e-16  6.5799e-15
1249.6362   -996.79    0.8563    0.1028  5.6333e-15  6.7623e-16  6.5790e-15
1249.6661   -989.64    0.9853    0.1101  6.4811e-15  7.2446e-16  6.5781e-15
1249.6960   -982.48    1.0288    0.1125  6.7669e-15  7.3968e-16  6.5772e-15
1249.7259   -975.33    1.0937    0.1159  7.1923e-15  7.6202e-16  6.5763e-15
1249.7558   -968.18    0.9777    0.1097  6.4289e-15  7.2144e-16  6.5754e-15
1249.7857   -961.03    1.0681    0.1146  7.0224e-15  7.5341e-16  6.5745e-15
1249.8156   -953.88    1.2292    0.1228  8.0804e-15  8.0701e-16  6.5736e-15
1249.8456   -946.73    0.9714    0.1094  6.3847e-15  7.1893e-16  6.5727e-15
1249.8755   -939.57    0.9727    0.1094  6.3925e-15  7.1925e-16  6.5718e-15
1249.9054   -932.42    0.9523    0.1083  6.2574e-15  7.1161e-16  6.5708e-15
1249.9353   -925.27    1.3118    0.1267  8.6184e-15  8.3230e-16  6.5699e-15
1249.9652   -918.12    1.0000    0.1110  6.5689e-15  7.2906e-16  6.5690e-15
1249.9951   -910.97    0.8333    0.1015  5.4730e-15  6.6648e-16  6.5681e-15
1250.0250   -903.82    0.8479    0.1023  5.5683e-15  6.7198e-16  6.5672e-15
1250.0549   -896.66    1.0901    0.1157  7.1577e-15  7.6001e-16  6.5662e-15
1250.0848   -889.51    0.9820    0.1100  6.4474e-15  7.2214e-16  6.5653e-15
1250.1147   -882.36    0.9189    0.1065  6.0318e-15  6.9897e-16  6.5644e-15
1250.1447   -875.21    1.0563    0.1140  6.9327e-15  7.4822e-16  6.5635e-15
1250.1746   -868.06    0.8877    0.1047  5.8253e-15  6.8740e-16  6.5625e-15
1250.2045   -860.91    0.9199    0.1066  6.0363e-15  6.9923e-16  6.5616e-15
1250.2344   -853.75    0.8807    0.1211  5.7777e-15  7.9446e-16  6.5607e-15
1250.2643   -846.60    0.9816    0.1476  6.4387e-15  9.6812e-16  6.5597e-15
1250.2942   -839.45    0.9685    0.1498  6.3524e-15  9.8265e-16  6.5588e-15
1250.3241   -832.30    0.9768    0.1501  6.4060e-15  9.8439e-16  6.5579e-15
1250.3540   -825.15    0.8892    0.1389  5.8306e-15  9.1077e-16  6.5569e-15
1250.3839   -818.00    0.9156    0.1434  6.0023e-15  9.3987e-16  6.5560e-15
1250.4138   -810.84    0.8681    0.1386  5.6901e-15  9.0832e-16  6.5550e-15
1250.4438   -803.69    0.9825    0.1433  6.4395e-15  9.3911e-16  6.5541e-15
1250.4737   -796.54    0.8686    0.1385  5.6918e-15  9.0757e-16  6.5531e-15
1250.5036   -789.39    0.9175    0.1445  6.0117e-15  9.4700e-16  6.5522e-15
1250.5335   -782.24    0.8549    0.1395  5.6007e-15  9.1406e-16  6.5512e-15
1250.5634   -775.09    0.7451    0.1324  4.8804e-15  8.6710e-16  6.5503e-15
1250.5933   -767.93    0.5759    0.1119  3.7718e-15  7.3319e-16  6.5493e-15
1250.6232   -760.78    0.3959    0.0950  2.5926e-15  6.2235e-16  6.5484e-15
1250.6531   -753.63    0.4975    0.1083  3.2572e-15  7.0916e-16  6.5474e-15
1250.6830   -746.48    0.6947    0.1227  4.5476e-15  8.0353e-16  6.5464e-15
1250.7129   -739.33    0.7186    0.1260  4.7034e-15  8.2461e-16  6.5455e-15
1250.7429   -732.18    0.9692    0.1455  6.3431e-15  9.5212e-16  6.5445e-15
1250.7728   -725.02    0.7148    0.1260  4.6776e-15  8.2451e-16  6.5435e-15
1250.8027   -717.87    0.9201    0.1404  6.0197e-15  9.1869e-16  6.5426e-15
1250.8326   -710.72    0.8132    0.1139  5.3196e-15  7.4517e-16  6.5416e-15
1250.8625   -703.57    0.8606    0.1031  5.6288e-15  6.7460e-16  6.5406e-15
1250.8924   -696.42    0.9316    0.1072  6.0925e-15  7.0073e-16  6.5397e-15
1250.9223   -689.27    0.9506    0.1082  6.2159e-15  7.0780e-16  6.5387e-15
1250.9522   -682.11    1.0461    0.1134  6.8388e-15  7.4148e-16  6.5377e-15
1250.9821   -674.96    0.9801    0.1098  6.4068e-15  7.1792e-16  6.5367e-15
1251.0120   -667.81    1.0736    0.1149  7.0168e-15  7.5081e-16  6.5358e-15
1251.0420   -660.66    0.9837    0.1100  6.4282e-15  7.1883e-16  6.5348e-15
1251.0719   -653.51    0.8435    0.1020  5.5112e-15  6.6665e-16  6.5338e-15
1251.1018   -646.36    0.9182    0.1064  5.9984e-15  6.9484e-16  6.5328e-15
1251.1317   -639.20    0.8975    0.1052  5.8624e-15  6.8702e-16  6.5318e-15
1251.1616   -632.05    1.0480    0.1135  6.8442e-15  7.4118e-16  6.5308e-15
1251.1915   -624.90    1.0282    0.1124  6.7140e-15  7.3413e-16  6.5299e-15
1251.2214   -617.75    1.0760    0.1150  7.0249e-15  7.5053e-16  6.5289e-15
1251.2513   -610.60    0.9263    0.1068  6.0468e-15  6.9719e-16  6.5279e-15
1251.2812   -603.45    1.0534    0.1138  6.8752e-15  7.4271e-16  6.5269e-15
1251.3111   -596.29    1.2305    0.1229  8.0304e-15  8.0185e-16  6.5259e-15
1251.3411   -589.14    0.9918    0.1105  6.4717e-15  7.2097e-16  6.5249e-15
1251.3710   -581.99    1.0966    0.1160  7.1540e-15  7.5704e-16  6.5239e-15
1251.4009   -574.84    0.9635    0.1090  6.2845e-15  7.1100e-16  6.5229e-15
1251.4308   -567.69    1.0194    0.1121  6.6482e-15  7.3085e-16  6.5219e-15
1251.4607   -560.54    0.9549    0.1085  6.2268e-15  7.0773e-16  6.5209e-15
1251.4906   -553.38    0.8417    0.1021  5.4877e-15  6.6536e-16  6.5199e-15
1251.5205   -546.23    0.9165    0.1063  5.9749e-15  6.9319e-16  6.5189e-15
1251.5504   -539.08    1.0500    0.1137  6.8438e-15  7.4095e-16  6.5179e-15
1251.5803   -531.93    0.7972    0.0993  5.1955e-15  6.4703e-16  6.5169e-15
1251.6102   -524.78    0.7869    0.0987  5.1270e-15  6.4322e-16  6.5159e-15
1251.6402   -517.63    0.8716    0.1038  5.6783e-15  6.7607e-16  6.5148e-15
1251.6701   -510.47    1.0937    0.1160  7.1239e-15  7.5545e-16  6.5138e-15
1251.7000   -503.32    1.2360    0.1232  8.0496e-15  8.0223e-16  6.5128e-15
1251.7299   -496.17    1.2198    0.1224  7.9432e-15  7.9677e-16  6.5118e-15
1251.7598   -489.02    0.9579    0.1087  6.2368e-15  7.0751e-16  6.5108e-15
1251.7897   -481.87    0.8068    0.0999  5.2521e-15  6.5012e-16  6.5098e-15
1251.8196   -474.72    0.9501    0.1082  6.1840e-15  7.0451e-16  6.5087e-15
1251.8495   -467.56    1.0327    0.1127  6.7203e-15  7.3359e-16  6.5077e-15
1251.8794   -460.41    0.9820    0.1100  6.3893e-15  7.1555e-16  6.5067e-15
1251.9093   -453.26    0.9112    0.1060  5.9278e-15  6.8974e-16  6.5057e-15
1251.9393   -446.11    0.8313    0.1013  5.4071e-15  6.5918e-16  6.5047e-15
1251.9692   -438.96    0.9218    0.1066  5.9951e-15  6.9342e-16  6.5036e-15
1251.9991   -431.81    0.8547    0.1028  5.5576e-15  6.6861e-16  6.5026e-15
1252.0290   -424.65    1.0361    0.1130  6.7360e-15  7.3457e-16  6.5016e-15
1252.0589   -417.50    1.0686    0.1147  6.9465e-15  7.4568e-16  6.5005e-15
1252.0888   -410.35    0.7346    0.0955  4.7745e-15  6.2052e-16  6.4995e-15
1252.1187   -403.20    0.7199    0.0946  4.6779e-15  6.1450e-16  6.4985e-15
1252.1486   -396.05    0.9111    0.1061  5.9197e-15  6.8957e-16  6.4974e-15
1252.1785   -388.90    1.0005    0.1111  6.4999e-15  7.2198e-16  6.4964e-15
1252.2084   -381.74    1.1168    0.1173  7.2537e-15  7.6180e-16  6.4954e-15
1252.2384   -374.59    1.0494    0.1137  6.8151e-15  7.3867e-16  6.4943e-15
1252.2683   -367.44    0.9241    0.1068  6.0002e-15  6.9381e-16  6.4933e-15
1252.2982   -360.29    1.0211    0.1122  6.6294e-15  7.2866e-16  6.4922e-15
1252.3281   -353.14    0.9224    0.1068  5.9874e-15  6.9308e-16  6.4912e-15
1252.3580   -345.99    0.9550    0.1086  6.1981e-15  7.0505e-16  6.4901e-15
1252.3879   -338.83    1.0370    0.1131  6.7289e-15  7.3370e-16  6.4891e-15
1252.4178   -331.68    1.0000    0.1111  6.4883e-15  7.2101e-16  6.4881e-15
1252.4477   -324.53    0.9632    0.1091  6.2481e-15  7.0777e-16  6.4870e-15
1252.4776   -317.38    1.0233    0.1124  6.6373e-15  7.2871e-16  6.4860e-15
1252.5075   -310.23    1.1042    0.1167  7.1605e-15  7.5651e-16  6.4849e-15
1252.5375   -303.08    0.9434    0.1108  6.1166e-15  7.1816e-16  6.4838e-15
1252.5674   -295.92    0.9224    0.1227  5.9796e-15  7.9527e-16  6.4828e-15
1252.5973   -288.77    1.0635    0.1361  6.8936e-15  8.8219e-16  6.4817e-15
1252.6272   -281.62    0.8220    0.1361  5.3271e-15  8.8179e-16  6.4807e-15
1252.6571   -274.47    1.0192    0.1494  6.6041e-15  9.6832e-16  6.4796e-15
1252.6870   -267.32    0.9825    0.1508  6.3652e-15  9.7704e-16  6.4786e-15
1252.7169   -260.17    0.9615    0.1478  6.2278e-15  9.5756e-16  6.4775e-15
1252.7468   -253.02    0.9056    0.1445  5.8650e-15  9.3564e-16  6.4764e-15
1252.7767   -245.86    0.7605    0.1341  4.9246e-15  8.6824e-16  6.4754e-15
1252.8066   -238.71    1.0811    0.1555  6.9995e-15  1.0070e-15  6.4743e-15
1252.8366   -231.56    0.9231    0.1409  5.9755e-15  9.1197e-16  6.4732e-15
1252.8665   -224.41    1.0137    0.1477  6.5608e-15  9.5592e-16  6.4722e-15
1252.8964   -217.26    1.2458    0.1656  8.0617e-15  1.0718e-15  6.4711e-15
1252.9263   -210.11    1.0875    0.1574  7.0360e-15  1.0186e-15  6.4700e-15
1252.9562   -202.95    0.9939    0.1520  6.4296e-15  9.8345e-16  6.4690e-15
1252.9861   -195.80    0.8520    0.1341  5.5107e-15  8.6718e-16  6.4679e-15
1253.0160   -188.65    0.9198    0.1414  5.9482e-15  9.1473e-16  6.4668e-15
1253.0459   -181.50    0.9556    0.1328  6.1786e-15  8.5876e-16  6.4658e-15
1253.0758   -174.35    1.1072    0.1301  7.1574e-15  8.4085e-16  6.4647e-15
1253.1057   -167.20    1.0454    0.1138  6.7570e-15  7.3524e-16  6.4636e-15
1253.1357   -160.04    0.9229    0.1071  5.9643e-15  6.9186e-16  6.4625e-15
1253.1656   -152.89    0.8975    0.1056  5.7990e-15  6.8201e-16  6.4614e-15
1253.1955   -145.74    0.9091    0.1062  5.8732e-15  6.8618e-16  6.4604e-15
1253.2254   -138.59    0.9249    0.1072  5.9742e-15  6.9223e-16  6.4593e-15
1253.2553   -131.44    0.9969    0.1112  6.4384e-15  7.1791e-16  6.4582e-15
1253.2852   -124.29    0.8728    0.1042  5.6361e-15  6.7278e-16  6.4571e-15
1253.3151   -117.13    0.9964    0.1112  6.4330e-15  7.1763e-16  6.4560e-15
1253.3450   -109.98    1.0858    0.1159  7.0085e-15  7.4817e-16  6.4550e-15
1253.3749   -102.83    1.1336    0.1184  7.3161e-15  7.6423e-16  6.4539e-15
1253.4048    -95.68    1.0465    0.1138  6.7529e-15  7.3463e-16  6.4528e-15
1253.4348    -88.53    1.0394    0.1135  6.7057e-15  7.3226e-16  6.4517e-15
1253.4647    -81.38    0.9533    0.1088  6.1492e-15  7.0179e-16  6.4506e-15
1253.4946    -74.22    0.9982    0.1112  6.4378e-15  7.1727e-16  6.4495e-15
1253.5245    -67.07    1.0468    0.1138  6.7502e-15  7.3406e-16  6.4484e-15
1253.5544    -59.92    1.0007    0.1113  6.4520e-15  7.1785e-16  6.4473e-15
1253.5843    -52.77    0.9030    0.1059  5.8211e-15  6.8234e-16  6.4462e-15
1253.6142    -45.62    0.9565    0.1089  6.1645e-15  7.0189e-16  6.4451e-15
1253.6441    -38.47    0.8604    0.1034  5.5446e-15  6.6607e-16  6.4440e-15
1253.6740    -31.31    0.8844    0.1048  5.6984e-15  6.7511e-16  6.4429e-15
1253.7039    -24.16    0.6707    0.0915  4.3204e-15  5.8955e-16  6.4418e-15
1253.7339    -17.01    0.6776    0.0920  4.3640e-15  5.9254e-16  6.4407e-15
1253.7638     -9.86    0.6225    0.0883  4.0089e-15  5.6842e-16  6.4396e-15
1253.7937     -2.71    0.6021    0.0869  3.8765e-15  5.5929e-16  6.4385e-15
1253.8236      4.44    0.3937    0.0725  2.5345e-15  4.6666e-16  6.4374e-15
1253.8535     11.60    0.3068    0.0726  1.9744e-15  4.6703e-16  6.4363e-15
1253.8834     18.75    0.3821    0.0857  2.4590e-15  5.5177e-16  6.4352e-15
1253.9133     25.90    0.5577    0.1186  3.5883e-15  7.6297e-16  6.4341e-15
1253.9432     33.05    0.5366    0.1165  3.4522e-15  7.4920e-16  6.4330e-15
1253.9731     40.20    0.5436    0.1172  3.4964e-15  7.5364e-16  6.4319e-15
1254.0030     47.35    0.7250    0.1345  4.6624e-15  8.6519e-16  6.4308e-15
1254.0330     54.51    1.0086    0.1579  6.4848e-15  1.0154e-15  6.4297e-15
1254.0629     61.66    0.7233    0.1345  4.6499e-15  8.6438e-16  6.4286e-15
1254.0928     68.81    0.7173    0.1339  4.6105e-15  8.6075e-16  6.4275e-15
1254.1227     75.96    0.8080    0.1419  5.1928e-15  9.1158e-16  6.4264e-15
1254.1526     83.11    0.8150    0.1425  5.2369e-15  9.1530e-16  6.4252e-15
1254.1825     90.26    0.9189    0.1510  5.9029e-15  9.7004e-16  6.4241e-15
1254.2124     97.42    0.9196    0.1511  5.9067e-15  9.7032e-16  6.4230e-15
1254.2423    104.57    0.7521    0.1370  4.8302e-15  8.8002e-16  6.4219e-15
1254.2722    111.72    0.9199    0.1511  5.9066e-15  9.7010e-16  6.4208e-15
1254.3021    118.87    0.9897    0.1566  6.3532e-15  1.0052e-15  6.4197e-15
1254.3321    126.02    0.9141    0.1507  5.8673e-15  9.6707e-16  6.4185e-15
1254.3620    133.17    0.7797    0.1395  5.0034e-15  8.9504e-16  6.4174e-15
1254.3919    140.33    0.9555    0.1540  6.1306e-15  9.8789e-16  6.4163e-15
1254.4218    147.48    0.8302    0.1438  5.3257e-15  9.2267e-16  6.4152e-15
1254.4517    154.63    1.1498    0.1686  7.3749e-15  1.0811e-15  6.4141e-15
1254.4816    161.78    0.7743    0.1391  4.9657e-15  8.9209e-16  6.4129e-15
1254.5115    168.93    1.0726    0.1630  6.8774e-15  1.0452e-15  6.4118e-15
1254.5414    176.08    0.9489    0.1535  6.0829e-15  9.8435e-16  6.4107e-15
1254.5713    183.24    1.1077    0.1656  7.1001e-15  1.0613e-15  6.4096e-15
1254.6012    190.39    1.0734    0.1631  6.8789e-15  1.0450e-15  6.4084e-15
1254.6312    197.54    0.8086    0.1421  5.1809e-15  9.1056e-16  6.4073e-15
1254.6611    204.69    0.8721    0.1475  5.5869e-15  9.4466e-16  6.4062e-15
1254.6910    211.84    1.0192    0.1591  6.5282e-15  1.0189e-15  6.4050e-15
1254.7209    218.99    0.9692    0.1552  6.2067e-15  9.9404e-16  6.4039e-15
1254.7508    226.15    1.1832    0.1488  7.5757e-15  9.5299e-16  6.4028e-15
1254.7807    233.30    0.9334    0.1215  5.9751e-15  7.7799e-16  6.4017e-15
1254.8106    240.45    1.0261    0.1131  6.5676e-15  7.2413e-16  6.4005e-15
1254.8405    247.60    0.9779    0.1105  6.2578e-15  7.0717e-16  6.3994e-15
1254.8704    254.75    1.1241    0.1183  7.1923e-15  7.5666e-16  6.3982e-15
1254.9003    261.90    1.0539    0.1146  6.7420e-15  7.3305e-16  6.3971e-15
1254.9303    269.06    0.9996    0.1117  6.3932e-15  7.1443e-16  6.3960e-15
1254.9602    276.21    0.9692    0.1100  6.1979e-15  7.0324e-16  6.3948e-15
1254.9901    283.36    0.9781    0.1104  6.2534e-15  7.0609e-16  6.3937e-15
1255.0200    290.51    0.9510    0.1090  6.0792e-15  6.9682e-16  6.3926e-15
1255.0499    297.66    0.7964    0.0999  5.0898e-15  6.3847e-16  6.3914e-15
1255.0798    304.81    0.9768    0.1104  6.2422e-15  7.0579e-16  6.3903e-15
1255.1097    311.97    0.9770    0.1104  6.2424e-15  7.0565e-16  6.3891e-15
1255.1396    319.12    0.9280    0.1077  5.9280e-15  6.8811e-16  6.3880e-15
1255.1695    326.27    0.9086    0.1066  5.8031e-15  6.8074e-16  6.3869e-15
1255.1994    333.42    0.9468    0.1088  6.0461e-15  6.9500e-16  6.3857e-15
1255.2294    340.57    0.9018    0.1062  5.7578e-15  6.7800e-16  6.3846e-15
1255.2593    347.72    1.1328    0.1188  7.2313e-15  7.5842e-16  6.3834e-15
1255.2892    354.88    1.2031    0.1223  7.6787e-15  7.8078e-16  6.3823e-15
1255.3191    362.03    0.9814    0.1108  6.2626e-15  7.0685e-16  6.3811e-15
1255.3490    369.18    0.9150    0.1070  5.8380e-15  6.8259e-16  6.3800e-15
1255.3789    376.33    1.0838    0.1163  6.9137e-15  7.4182e-16  6.3789e-15
1255.4088    383.48    1.0471    0.1143  6.6778e-15  7.2874e-16  6.3777e-15
1255.4387    390.63    1.1239    0.1183  7.1665e-15  7.5460e-16  6.3766e-15
1255.4686    397.79    0.8920    0.1057  5.6866e-15  6.7372e-16  6.3754e-15
1255.4985    404.94    0.8747    0.1047  5.5757e-15  6.6713e-16  6.3743e-15
1255.5285    412.09    0.9273    0.1077  5.9100e-15  6.8637e-16  6.3731e-15
1255.5584    419.24    1.1311    0.1188  7.2072e-15  7.5681e-16  6.3720e-15
1255.5883    426.39    0.9908    0.1113  6.3119e-15  7.0893e-16  6.3708e-15
1255.6182    433.54    1.0060    0.1121  6.4081e-15  7.1400e-16  6.3697e-15
1255.6481    440.70    0.8068    0.1007  5.1379e-15  6.4116e-16  6.3685e-15
1255.6780    447.85    0.9926    0.1114  6.3204e-15  7.0934e-16  6.3673e-15
1255.7079    455.00    0.8603    0.1039  5.4765e-15  6.6129e-16  6.3662e-15
1255.7378    462.15    0.9338    0.1081  5.9435e-15  6.8806e-16  6.3650e-15
1255.7677    469.30    0.9318    0.1080  5.9296e-15  6.8705e-16  6.3639e-15
1255.7976    476.45    1.0525    0.1147  6.6966e-15  7.2950e-16  6.3627e-15
1255.8276    483.61    0.8691    0.1044  5.5288e-15  6.6405e-16  6.3616e-15
1255.8575    490.76    0.8782    0.1050  5.5855e-15  6.6766e-16  6.3604e-15
1255.8874    497.91    1.0331    0.1137  6.5698e-15  7.2279e-16  6.3593e-15
1255.9173    505.06    0.6064    0.0876  3.8554e-15  5.5708e-16  6.3581e-15
1255.9472    512.21    0.6675    0.0918  4.2433e-15  5.8378e-16  6.3569e-15
1255.9771    519.36    0.6508    0.0907  4.1364e-15  5.7646e-16  6.3558e-15
1256.0070    526.52    0.6055    0.0876  3.8476e-15  5.5641e-16  6.3546e-15
1256.0369    533.67    0.5295    0.0821  3.3640e-15  5.2138e-16  6.3535e-15
1256.0668    540.82    0.5757    0.0855  3.6572e-15  5.4287e-16  6.3523e-15
1256.0967    547.97    0.5408    0.0830  3.4346e-15  5.2707e-16  6.3511e-15
1256.1267    555.12    0.7147    0.0950  4.5384e-15  6.0328e-16  6.3500e-15
1256.1566    562.27    0.7964    0.1001  5.0560e-15  6.3582e-16  6.3488e-15
1256.1865    569.43    0.8457    0.1031  5.3682e-15  6.5467e-16  6.3477e-15
1256.2164    576.58    0.9261    0.1078  5.8772e-15  6.8386e-16  6.3465e-15
1256.2463    583.73    1.0578    0.1150  6.7122e-15  7.2982e-16  6.3453e-15
1256.2762    590.88    0.9912    0.1114  6.2883e-15  7.0664e-16  6.3442e-15
1256.3061    598.03    0.8679    0.1043  5.5050e-15  6.6172e-16  6.3430e-15
1256.3360    605.18    1.1989    0.1224  7.6035e-15  7.7611e-16  6.3418e-15
1256.3659    612.34    0.9649    0.1100  6.1183e-15  6.9739e-16  6.3407e-15
1256.3958    619.49    0.9567    0.1095  6.0653e-15  6.9445e-16  6.3395e-15
1256.4258    626.64    0.8645    0.1043  5.4798e-15  6.6086e-16  6.3383e-15
1256.4557    633.79    1.1192    0.1183  7.0926e-15  7.4942e-16  6.3372e-15
1256.4856    640.94    0.9312    0.1081  5.9001e-15  6.8494e-16  6.3360e-15
1256.5155    648.09    0.9027    0.1065  5.7182e-15  6.7441e-16  6.3348e-15
1256.5454    655.25    0.9212    0.1075  5.8346e-15  6.8099e-16  6.3337e-15
1256.5753    662.40    1.1317    0.1190  7.1666e-15  7.5358e-16  6.3325e-15
1256.6052    669.55    0.9050    0.1066  5.7301e-15  6.7506e-16  6.3313e-15
1256.6351    676.70    0.9455    0.1089  5.9854e-15  6.8925e-16  6.3302e-15
1256.6650    683.85    0.8969    0.1062  5.6764e-15  6.7185e-16  6.3290e-15
1256.6949    691.00    0.7561    0.0976  4.7842e-15  6.1761e-16  6.3278e-15
1256.7249    698.16    1.0615    0.1153  6.7158e-15  7.2968e-16  6.3266e-15
1256.7548    705.31    0.9151    0.1072  5.7882e-15  6.7828e-16  6.3255e-15
1256.7847    712.46    0.8884    0.1057  5.6182e-15  6.6858e-16  6.3243e-15
1256.8146    719.61    0.7954    0.1001  5.0293e-15  6.3302e-16  6.3231e-15
1256.8445    726.76    0.9427    0.1089  5.9599e-15  6.8825e-16  6.3220e-15
1256.8744    733.91    0.8193    0.1017  5.1785e-15  6.4268e-16  6.3208e-15
1256.9043    741.07    0.8026    0.1006  5.0719e-15  6.3571e-16  6.3196e-15
1256.9342    748.22    0.7859    0.0996  4.9659e-15  6.2930e-16  6.3184e-15
1256.9641    755.37    0.7943    0.1001  5.0176e-15  6.3224e-16  6.3173e-15
1256.9940    762.52    0.7186    0.0953  4.5390e-15  6.0211e-16  6.3161e-15
1257.0240    769.67    0.8106    0.1011  5.1191e-15  6.3853e-16  6.3149e-15
1257.0539    776.82    0.8979    0.1064  5.6694e-15  6.7166e-16  6.3137e-15
1257.0838    783.98    0.7388    0.0967  4.6637e-15  6.1051e-16  6.3126e-15
1257.1137    791.13    0.7579    0.0980  4.7836e-15  6.1835e-16  6.3114e-15
1257.1436    798.28    0.9746    0.1108  6.1500e-15  6.9898e-16  6.3102e-15
1257.1735    805.43    1.0191    0.1132  6.4297e-15  7.1442e-16  6.3090e-15
1257.2034    812.58    0.9513    0.1095  6.0005e-15  6.9048e-16  6.3079e-15
1257.2333    819.73    1.0236    0.1135  6.4556e-15  7.1612e-16  6.3067e-15
1257.2632    826.89    1.0239    0.1136  6.4560e-15  7.1613e-16  6.3055e-15
1257.2931    834.04    1.2219    0.1239  7.7035e-15  7.8137e-16  6.3043e-15
1257.3231    841.19    1.0639    0.1157  6.7061e-15  7.2939e-16  6.3032e-15
1257.3530    848.34    1.0055    0.1125  6.3365e-15  7.0925e-16  6.3020e-15
1257.3829    855.49    1.0680    0.1160  6.7293e-15  7.3071e-16  6.3008e-15
1257.4128    862.64    1.0056    0.1126  6.3347e-15  7.0934e-16  6.2996e-15
1257.4427    869.80    1.0432    0.1147  6.5708e-15  7.2270e-16  6.2984e-15
1257.4726    876.95    0.8624    0.1045  5.4307e-15  6.5801e-16  6.2973e-15
1257.5025    884.10    1.0897    0.1172  6.8609e-15  7.3790e-16  6.2961e-15
1257.5324    891.25    0.8675    0.1048  5.4611e-15  6.5978e-16  6.2949e-15
1257.5623    898.40    0.9482    0.1095  5.9678e-15  6.8895e-16  6.2937e-15
1257.5922    905.55    1.0603    0.1157  6.6722e-15  7.2776e-16  6.2926e-15
1257.6222    912.71    1.1680    0.1213  7.3484e-15  7.6315e-16  6.2914e-15
1257.6521    919.86    1.0514    0.1152  6.6138e-15  7.2477e-16  6.2902e-15
1257.6820    927.01    0.9344    0.1088  5.8761e-15  6.8394e-16  6.2890e-15
1257.7119    934.16    0.9694    0.1107  6.0952e-15  6.9606e-16  6.2878e-15
1257.7418    941.31    1.0722    0.1163  6.7409e-15  7.3134e-16  6.2867e-15
1257.7717    948.46    1.0207    0.1136  6.4157e-15  7.1375e-16  6.2855e-15
1257.8016    955.62    1.0794    0.1167  6.7835e-15  7.3341e-16  6.2843e-15
1257.8315    962.77    1.1010    0.1179  6.9179e-15  7.4048e-16  6.2831e-15
1257.8614    969.92    1.1012    0.1179  6.9177e-15  7.4061e-16  6.2819e-15
1257.8913    977.07    0.9259    0.1083  5.8153e-15  6.8043e-16  6.2808e-15
1257.9213    984.22    1.1392    0.1199  7.1535e-15  7.5263e-16  6.2796e-15
1257.9512    991.37    0.9374    0.1089  5.8852e-15  6.8396e-16  6.2784e-15
1257.9811    998.53    0.9973    0.1123  6.2600e-15  7.0505e-16  6.2772e-15
1258.0110   1005.68    1.0621    0.1159  6.6659e-15  7.2729e-16  6.2760e-15
1258.0409   1012.83    0.9947    0.1122  6.2417e-15  7.0424e-16  6.2748e-15
1258.0708   1019.98    1.2531    0.1258  7.8613e-15  7.8897e-16  6.2737e-15
1258.1007   1027.13    0.9476    0.1096  5.9438e-15  6.8774e-16  6.2725e-15
1258.1306   1034.28    0.8440    0.1036  5.2930e-15  6.4993e-16  6.2713e-15
1258.1605   1041.44    1.1604    0.1210  7.2757e-15  7.5888e-16  6.2701e-15
1258.1904   1048.59    1.0042    0.1128  6.2950e-15  7.0694e-16  6.2689e-15
1258.2204   1055.74    0.9551    0.1100  5.9866e-15  6.8970e-16  6.2678e-15
1258.2503   1062.89    0.8786    0.1056  5.5057e-15  6.6147e-16  6.2666e-15
1258.2802   1070.04    0.8882    0.1062  5.5647e-15  6.6522e-16  6.2654e-15
1258.3101   1077.19    0.9944    0.1123  6.2292e-15  7.0335e-16  6.2642e-15
1258.3400   1084.35    1.0987    0.1179  6.8815e-15  7.3852e-16  6.2630e-15
1258.3699   1091.50    0.9790    0.1114  6.1301e-15  6.9781e-16  6.2618e-15
1258.3998   1098.65    0.9740    0.1112  6.0981e-15  6.9621e-16  6.2607e-15
1258.4297   1105.80    0.8386    0.1033  5.2493e-15  6.4667e-16  6.2595e-15
1258.4596   1112.95    1.0696    0.1164  6.6938e-15  7.2848e-16  6.2583e-15
1258.4895   1120.10    1.1119    0.1187  6.9576e-15  7.4259e-16  6.2571e-15
1258.5195   1127.26    1.0311    0.1143  6.4507e-15  7.1523e-16  6.2559e-15
1258.5494   1134.41    1.1731    0.1218  7.3376e-15  7.6214e-16  6.2547e-15
1258.5793   1141.56    1.1806    0.1223  7.3829e-15  7.6473e-16  6.2536e-15
1258.6092   1148.71    0.9866    0.1119  6.1689e-15  6.9985e-16  6.2524e-15
1258.6391   1155.86    0.9540    0.1101  5.9637e-15  6.8818e-16  6.2512e-15
1258.6690   1163.01    0.9573    0.1103  5.9829e-15  6.8925e-16  6.2500e-15
1258.6989   1170.17    1.0770    0.1169  6.7300e-15  7.3036e-16  6.2488e-15
1258.7288   1177.32    1.0373    0.1224  6.4806e-15  7.6443e-16  6.2476e-15
1258.7587   1184.47    1.1148    0.1596  6.9635e-15  9.9692e-16  6.2465e-15
1258.7886   1191.62    1.0907    0.1582  6.8120e-15  9.8823e-16  6.2453e-15
1258.8186   1198.77    1.0102    0.1534  6.3079e-15  9.5756e-16  6.2441e-15
1258.8485   1205.92    0.9801    0.1509  6.1184e-15  9.4192e-16  6.2429e-15
1258.8784   1213.08    0.9102    0.1533  5.6811e-15  9.5673e-16  6.2417e-15
1258.9083   1220.23    1.2658    0.1710  7.8994e-15  1.0672e-15  6.2406e-15
1258.9382   1227.38    1.1638    0.1618  7.2614e-15  1.0097e-15  6.2394e-15
1258.9681   1234.53    1.2115    0.1650  7.5577e-15  1.0291e-15  6.2382e-15
1258.9980   1241.68    0.9850    0.1529  6.1435e-15  9.5364e-16  6.2370e-15
1259.0279   1248.83    1.0492    0.1567  6.5427e-15  9.7684e-16  6.2358e-15
1259.0578   1255.99    0.9896    0.1503  6.1698e-15  9.3705e-16  6.2346e-15
1259.0877   1263.14    0.9204    0.1461  5.7374e-15  9.1095e-16  6.2335e-15
1259.1177   1270.29    1.0601    0.1544  6.6068e-15  9.6201e-16  6.2323e-15
1259.1476   1277.44    1.0041    0.1491  6.2566e-15  9.2922e-16  6.2311e-15
1259.1775   1284.59    1.1117    0.1601  6.9259e-15  9.9758e-16  6.2299e-15
1259.2074   1291.74    0.9797    0.1497  6.1025e-15  9.3250e-16  6.2287e-15
1259.2373   1298.90    1.0100    0.1167  6.2899e-15  7.2658e-16  6.2276e-15
1259.2672   1306.05    0.9626    0.1108  5.9933e-15  6.8973e-16  6.2264e-15
1259.2971   1313.20    0.9222    0.1084  5.7409e-15  6.7504e-16  6.2252e-15
1259.3270   1320.35    0.9705    0.1113  6.0405e-15  6.9243e-16  6.2240e-15
1259.3569   1327.50    0.8428    0.1038  5.2444e-15  6.4565e-16  6.2228e-15
1259.3868   1334.65    0.9007    0.1073  5.6038e-15  6.6735e-16  6.2217e-15
1259.4168   1341.81    0.8448    0.1039  5.2551e-15  6.4643e-16  6.2205e-15
1259.4467   1348.96    0.7319    0.0969  4.5517e-15  6.0279e-16  6.2193e-15
1259.4766   1356.11    0.5567    0.0848  3.4619e-15  5.2748e-16  6.2181e-15
1259.5065   1363.26    0.3827    0.0708  2.3792e-15  4.4031e-16  6.2169e-15
1259.5364   1370.41    0.2869    0.0618  1.7834e-15  3.8426e-16  6.2158e-15
1259.5663   1377.56    0.3879    0.0713  2.4107e-15  4.4331e-16  6.2146e-15
1259.5962   1384.72    0.5995    0.0880  3.7249e-15  5.4663e-16  6.2134e-15
1259.6261   1391.87    0.7575    0.0986  4.7055e-15  6.1253e-16  6.2122e-15
1259.6560   1399.02    0.5835    0.0869  3.6242e-15  5.3968e-16  6.2110e-15
1259.6859   1406.17    0.6249    0.0898  3.8808e-15  5.5779e-16  6.2099e-15
1259.7159   1413.32    0.8635    0.1051  5.3614e-15  6.5270e-16  6.2087e-15
1259.7458   1420.47    0.7446    0.0978  4.6219e-15  6.0702e-16  6.2075e-15
1259.7757   1427.63    0.6990    0.0949  4.3382e-15  5.8911e-16  6.2063e-15
1259.8056   1434.78    0.8904    0.1068  5.5250e-15  6.6287e-16  6.2052e-15
1259.8355   1441.93    0.8246    0.1029  5.1160e-15  6.3814e-16  6.2040e-15
1259.8654   1449.08    0.7968    0.1012  4.9427e-15  6.2767e-16  6.2028e-15
1259.8953   1456.23    0.7984    0.1013  4.9515e-15  6.2803e-16  6.2016e-15
1259.9252   1463.38    0.8596    0.1050  5.3302e-15  6.5101e-16  6.2005e-15
1259.9551   1470.54    0.8784    0.1061  5.4453e-15  6.5777e-16  6.1993e-15
1259.9850   1477.69    0.9725    0.1116  6.0275e-15  6.9143e-16  6.1981e-15
1260.0150   1484.84    0.9969    0.1129  6.1777e-15  6.9970e-16  6.1969e-15
1260.0449   1491.99    0.8328    0.1034  5.1598e-15  6.4042e-16  6.1958e-15
1260.0748   1499.14    0.8873    0.1066  5.4962e-15  6.6061e-16  6.1946e-15
1260.1047   1506.29    0.8750    0.1059  5.4195e-15  6.5616e-16  6.1934e-15
1260.1346   1513.45    0.8413    0.1040  5.2093e-15  6.4393e-16  6.1922e-15
1260.1645   1520.60    0.9005    0.1075  5.5748e-15  6.6536e-16  6.1911e-15
1260.1944   1527.75    0.6085    0.0888  3.7666e-15  5.4961e-16  6.1899e-15
1260.2243   1534.90    0.5509    0.0847  3.4092e-15  5.2392e-16  6.1887e-15
1260.2542   1542.05    0.2152    0.0542  1.3315e-15  3.3519e-16  6.1876e-15
1260.2841   1549.20    0.1652    0.0480  1.0220e-15  2.9700e-16  6.1864e-15
1260.3141   1556.36    0.0693    0.0332  4.2866e-16  2.0544e-16  6.1852e-15
1260.3440   1563.51    0.0529    0.0299  3.2703e-16  1.8519e-16  6.1840e-15
1260.3739   1570.66    0.0649    0.0324  4.0131e-16  2.0045e-16  6.1829e-15
1260.4038   1577.81    0.0074    0.0180  4.5964e-17  1.1157e-16  6.1817e-15
1260.4337   1584.96    0.0168    0.0212  1.0383e-16  1.3105e-16  6.1805e-15
1260.4636   1592.11    0.0030    0.0168  1.8815e-17  1.0405e-16  6.1794e-15
1260.4935   1599.27    0.0316    0.0252  1.9507e-16  1.5587e-16  6.1782e-15
1260.5234   1606.42    0.0297    0.0245  1.8318e-16  1.5126e-16  6.1770e-15
1260.5533   1613.57    0.0112    0.0193  6.9103e-17  1.1925e-16  6.1759e-15
1260.5832   1620.72    0.0241    0.0231  1.4903e-16  1.4264e-16  6.1747e-15
1260.6132   1627.87    0.0267    0.0237  1.6476e-16  1.4619e-16  6.1735e-15
1260.6431   1635.02    0.0167    0.0208  1.0313e-16  1.2856e-16  6.1724e-15
1260.6730   1642.18    0.0548    0.0302  3.3808e-16  1.8655e-16  6.1712e-15
1260.7029   1649.33    0.0255    0.0234  1.5721e-16  1.4461e-16  6.1700e-15
1260.7328   1656.48    0.0456    0.0282  2.8144e-16  1.7427e-16  6.1689e-15
1260.7627   1663.63    0.0319    0.0251  1.9658e-16  1.5480e-16  6.1677e-15
1260.7926   1670.78    0.0977    0.0382  6.0217e-16  2.3569e-16  6.1665e-15
1260.8225   1677.93    0.1160    0.0411  7.1495e-16  2.5361e-16  6.1654e-15
1260.8524   1685.09    0.2330    0.0563  1.4364e-15  3.4680e-16  6.1642e-15
1260.8823   1692.24    0.3368    0.0669  2.0758e-15  4.1248e-16  6.1630e-15
1260.9123   1699.39    0.2764    0.0610  1.7031e-15  3.7600e-16  6.1619e-15
1260.9422   1706.54    0.3806    0.0760  2.3445e-15  4.6838e-16  6.1607e-15
1260.9721   1713.69    0.6834    0.1053  4.2096e-15  6.4875e-16  6.1596e-15
1261.0020   1720.84    0.5795    0.1079  3.5688e-15  6.6424e-16  6.1584e-15
1261.0319   1728.00    0.6510    0.1280  4.0081e-15  7.8805e-16  6.1572e-15
1261.0618   1735.15    0.5624    0.1211  3.4621e-15  7.4547e-16  6.1561e-15
1261.0917   1742.30    0.6558    0.1233  4.0363e-15  7.5916e-16  6.1549e-15
1261.1216   1749.45    0.7971    0.1349  4.9050e-15  8.3043e-16  6.1538e-15
1261.1515   1756.60    0.8843    0.1461  5.4410e-15  8.9904e-16  6.1526e-15
1261.1814   1763.75    0.9390    0.1506  5.7765e-15  9.2623e-16  6.1514e-15
1261.2114   1770.91    1.0442    0.1538  6.4224e-15  9.4572e-16  6.1503e-15
1261.2413   1778.06    0.9162    0.1462  5.6338e-15  8.9924e-16  6.1491e-15
1261.2712   1785.21    0.9697    0.1486  5.9619e-15  9.1361e-16  6.1480e-15
1261.3011   1792.36    1.0059    0.1506  6.1829e-15  9.2564e-16  6.1468e-15
1261.3310   1799.51    0.8289    0.1414  5.0941e-15  8.6882e-16  6.1457e-15
1261.3609   1806.66    1.2045    0.1663  7.4009e-15  1.0221e-15  6.1445e-15
1261.3908   1813.82    1.1125    0.1555  6.8347e-15  9.5543e-16  6.1434e-15
1261.4207   1820.97    1.0921    0.1570  6.7082e-15  9.6463e-16  6.1422e-15
1261.4506   1828.12    1.0889    0.1584  6.6869e-15  9.7250e-16  6.1411e-15
1261.4805   1835.27    0.8949    0.1480  5.4944e-15  9.0868e-16  6.1399e-15
1261.5105   1842.42    1.0341    0.1540  6.3479e-15  9.4508e-16  6.1388e-15
1261.5404   1849.57    0.9838    0.1466  6.0380e-15  9.0006e-16  6.1376e-15
1261.5703   1856.73    0.9243    0.1501  5.6718e-15  9.2079e-16  6.1365e-15
1261.6002   1863.88    1.0243    0.1538  6.2847e-15  9.4351e-16  6.1353e-15
1261.6301   1871.03    1.0322    0.1546  6.3314e-15  9.4856e-16  6.1342e-15
1261.6600   1878.18    0.9438    0.1505  5.7884e-15  9.2284e-16  6.1330e-15
1261.6899   1885.33    1.0345    0.1554  6.3432e-15  9.5278e-16  6.1319e-15
1261.7198   1892.48    0.8109    0.1377  4.9714e-15  8.4449e-16  6.1307e-15
1261.7497   1899.64    0.9757    0.1530  5.9803e-15  9.3793e-16  6.1296e-15
1261.7796   1906.79    0.9009    0.1430  5.5208e-15  8.7608e-16  6.1284e-15
1261.8096   1913.94    1.0267    0.1575  6.2910e-15  9.6479e-16  6.1273e-15
1261.8395   1921.09    1.0916    0.1584  6.6872e-15  9.7050e-16  6.1261e-15
1261.8694   1928.24    1.1284    0.1629  6.9113e-15  9.9799e-16  6.1250e-15
1261.8993   1935.39    1.1987    0.1657  7.3406e-15  1.0149e-15  6.1239e-15
1261.9292   1942.55    0.9399    0.1450  5.7546e-15  8.8777e-16  6.1227e-15
1261.9591   1949.70    1.2324    0.1665  7.5444e-15  1.0191e-15  6.1216e-15
1261.9890   1956.85    1.0332    0.1524  6.3239e-15  9.3254e-16  6.1204e-15
1262.0189   1964.00    0.9481    0.1450  5.8019e-15  8.8759e-16  6.1193e-15
1262.0488   1971.15    0.8058    0.1398  4.9299e-15  8.5532e-16  6.1182e-15
1262.0787   1978.30    0.8286    0.1363  5.0684e-15  8.3388e-16  6.1170e-15
1262.1087   1985.46    0.8935    0.1446  5.4645e-15  8.8417e-16  6.1159e-15
1262.1386   1992.61    1.0676    0.1620  6.5278e-15  9.9040e-16  6.1148e-15
1262.1685   1999.76    1.0080    0.1521  6.1622e-15  9.3012e-16  6.1136e-15
1262.1984   2006.91    1.0242    0.1548  6.2601e-15  9.4645e-16  6.1125e-15
1262.2283   2014.06    1.0321    0.1537  6.3077e-15  9.3951e-16  6.1114e-15
1262.2582   2021.21    1.0947    0.1611  6.6890e-15  9.8434e-16  6.1102e-15
1262.2881   2028.37    1.0653    0.1552  6.5082e-15  9.4825e-16  6.1091e-15
1262.3180   2035.52    0.9121    0.1456  5.5712e-15  8.8922e-16  6.1080e-15
1262.3479   2042.67    0.8723    0.1437  5.3269e-15  8.7762e-16  6.1068e-15
1262.3778   2049.82    1.0209    0.1549  6.2332e-15  9.4550e-16  6.1057e-15
1262.4078   2056.97    0.8525    0.1414  5.2044e-15  8.6317e-16  6.1046e-15
1262.4377   2064.12    0.8743    0.1413  5.3365e-15  8.6262e-16  6.1034e-15
1262.4676   2071.28    1.0059    0.1514  6.1381e-15  9.2378e-16  6.1023e-15
1262.4975   2078.43    1.0456    0.1553  6.3795e-15  9.4752e-16  6.1012e-15
1262.5274   2085.58    0.9865    0.1516  6.0178e-15  9.2469e-16  6.1001e-15
1262.5573   2092.73    0.9353    0.1507  5.7040e-15  9.1901e-16  6.0989e-15
1262.5872   2099.88    1.0749    0.1574  6.5546e-15  9.6004e-16  6.0978e-15
1262.6171   2107.03    1.0783    0.1546  6.5740e-15  9.4244e-16  6.0967e-15
1262.6470   2114.19    1.0285    0.1529  6.2694e-15  9.3181e-16  6.0956e-15
1262.6769   2121.34    1.0531    0.1554  6.4178e-15  9.4692e-16  6.0945e-15
1262.7069   2128.49    1.0785    0.1526  6.5719e-15  9.2977e-16  6.0933e-15
1262.7368   2135.64    0.8837    0.1413  5.3838e-15  8.6109e-16  6.0922e-15
1262.7667   2142.79    0.8053    0.1458  4.9055e-15  8.8813e-16  6.0911e-15
1262.7966   2149.94    0.9954    0.1546  6.0622e-15  9.4162e-16  6.0900e-15
1262.8265   2157.10    0.8810    0.1466  5.3643e-15  8.9290e-16  6.0889e-15
1262.8564   2164.25    0.9733    0.1538  5.9253e-15  9.3647e-16  6.0877e-15
1262.8863   2171.40    0.8928    0.1433  5.4344e-15  8.7231e-16  6.0866e-15
1262.9162   2178.55    0.8982    0.1453  5.4663e-15  8.8422e-16  6.0855e-15
1262.9461   2185.70    1.1501    0.1569  6.9976e-15  9.5445e-16  6.0844e-15
1262.9760   2192.85    1.0214    0.1413  6.2133e-15  8.5966e-16  6.0833e-15
1263.0060   2200.01    1.0355    0.1299  6.2981e-15  7.9026e-16  6.0822e-15
1263.0359   2207.16    1.0380    0.1162  6.3120e-15  7.0671e-16  6.0811e-15
1263.0658   2214.31    1.0351    0.1161  6.2934e-15  7.0564e-16  6.0800e-15
1263.0957   2221.46    1.1089    0.1200  6.7409e-15  7.2933e-16  6.0789e-15
1263.1256   2228.61    0.9189    0.1094  5.5847e-15  6.6519e-16  6.0778e-15
1263.1555   2235.76    1.0085    0.1146  6.1281e-15  6.9621e-16  6.0767e-15
1263.1854   2242.92    1.2255    0.1404  7.4453e-15  8.5275e-16  6.0755e-15
1263.2153   2250.07    0.8833    0.1222  5.3655e-15  7.4242e-16  6.0744e-15
1263.2452   2257.22    0.9529    0.1447  5.7874e-15  8.7855e-16  6.0733e-15
1263.2751   2264.37    1.1365    0.1640  6.9011e-15  9.9594e-16  6.0722e-15
1263.3051   2271.52    0.8904    0.1423  5.4056e-15  8.6369e-16  6.0711e-15
1263.3350   2278.67    0.7333    0.1321  4.4509e-15  8.0165e-16  6.0700e-15
1263.3649   2285.83    0.8562    0.1342  5.1964e-15  8.1416e-16  6.0689e-15
1263.3948   2292.98    0.5196    0.0940  3.1531e-15  5.7011e-16  6.0678e-15
1263.4247   2300.13    0.3576    0.0709  2.1692e-15  4.3021e-16  6.0667e-15
1263.4546   2307.28    0.3617    0.0698  2.1939e-15  4.2339e-16  6.0657e-15
1263.4845   2314.43    0.4586    0.0781  2.7809e-15  4.7382e-16  6.0646e-15
1263.5144   2321.58    0.7781    0.1011  4.7177e-15  6.1293e-16  6.0635e-15
1263.5443   2328.74    0.6986    0.0959  4.2353e-15  5.8134e-16  6.0624e-15
1263.5742   2335.89    0.3682    0.0704  2.2320e-15  4.2686e-16  6.0613e-15
1263.6042   2343.04    0.1960    0.0525  1.1881e-15  3.1839e-16  6.0602e-15
1263.6341   2350.19    0.2595    0.0597  1.5725e-15  3.6200e-16  6.0591e-15
1263.6640   2357.34    0.2498    0.0587  1.5134e-15  3.5579e-16  6.0580e-15
1263.6939   2364.49    0.1837    0.0510  1.1129e-15  3.0909e-16  6.0569e-15
1263.7238   2371.65    0.1903    0.0518  1.1523e-15  3.1340e-16  6.0558e-15
1263.7537   2378.80    0.4027    0.0735  2.4380e-15  4.4502e-16  6.0548e-15
1263.7836   2385.95    0.4485    0.0774  2.7150e-15  4.6843e-16  6.0537e-15
1263.8135   2393.10    0.5964    0.0888  3.6099e-15  5.3723e-16  6.0526e-15
1263.8434   2400.25    0.6695    0.0939  4.0513e-15  5.6803e-16  6.0515e-15
1263.8733   2407.40    0.7263    0.0977  4.3945e-15  5.9117e-16  6.0504e-15
1263.9033   2414.56    0.8581    0.1061  5.1908e-15  6.4154e-16  6.0494e-15
1263.9332   2421.71    0.9210    0.1098  5.5703e-15  6.6403e-16  6.0483e-15
1263.9631   2428.86    1.0332    0.1162  6.2481e-15  7.0274e-16  6.0472e-15
1263.9930   2436.01    0.9654    0.1124  5.8372e-15  6.7934e-16  6.0461e-15
1264.0229   2443.16    0.8412    0.1371  5.0850e-15  8.2865e-16  6.0451e-15
1264.0528   2450.31    0.9711    0.1552  5.8695e-15  9.3798e-16  6.0440e-15
1264.0827   2457.47    1.1108    0.1603  6.7125e-15  9.6872e-16  6.0429e-15
1264.1126   2464.62    0.9091    0.1503  5.4928e-15  9.0832e-16  6.0418e-15
1264.1425   2471.77    1.0620    0.1604  6.4153e-15  9.6879e-16  6.0408e-15
1264.1724   2478.92    0.9537    0.1489  5.7602e-15  8.9930e-16  6.0397e-15
1264.2024   2486.07    1.0824    0.1531  6.5362e-15  9.2458e-16  6.0386e-15
1264.2323   2493.22    0.8550    0.1447  5.1619e-15  8.7377e-16  6.0376e-15
1264.2622   2500.38    0.9978    0.1476  6.0232e-15  8.9078e-16  6.0365e-15
1264.2921   2507.53    1.0475    0.1546  6.3223e-15  9.3298e-16  6.0354e-15
1264.3220   2514.68    1.0363    0.1546  6.2537e-15  9.3320e-16  6.0344e-15
1264.3519   2521.83    0.8990    0.1447  5.4239e-15  8.7304e-16  6.0333e-15
1264.3818   2528.98    0.9870    0.1478  5.9539e-15  8.9174e-16  6.0323e-15
1264.4117   2536.13    1.0358    0.1524  6.2471e-15  9.1920e-16  6.0312e-15
1264.4416   2543.29    1.1629    0.1262  7.0122e-15  7.6093e-16  6.0302e-15
1264.4715   2550.44    1.0594    0.1179  6.3874e-15  7.1069e-16  6.0291e-15
1264.5015   2557.59    0.9952    0.1143  5.9992e-15  6.8910e-16  6.0280e-15
1264.5314   2564.74    1.0739    0.1186  6.4725e-15  7.1490e-16  6.0270e-15
1264.5613   2571.89    0.9594    0.1123  5.7810e-15  6.7687e-16  6.0259e-15
1264.5912   2579.04    0.9834    0.1137  5.9247e-15  6.8501e-16  6.0249e-15
1264.6211   2586.20    0.9724    0.1130  5.8574e-15  6.8090e-16  6.0238e-15
1264.6510   2593.35    1.0427    0.1170  6.2798e-15  7.0471e-16  6.0228e-15
1264.6809   2600.50    0.8370    0.1051  5.0402e-15  6.3259e-16  6.0217e-15
1264.7108   2607.65    0.9263    0.1104  5.5769e-15  6.6480e-16  6.0207e-15
1264.7407   2614.80    1.2329    0.1271  7.4216e-15  7.6533e-16  6.0197e-15
1264.7706   2621.95    1.1733    0.1241  7.0614e-15  7.4691e-16  6.0186e-15
1264.8006   2629.11    0.8859    0.1081  5.3310e-15  6.5024e-16  6.0176e-15
1264.8305   2636.26    1.0559    0.1178  6.3530e-15  7.0875e-16  6.0165e-15
1264.8604   2643.41    1.0998    0.1202  6.6160e-15  7.2307e-16  6.0155e-15
1264.8903   2650.56    0.9555    0.1122  5.7467e-15  6.7511e-16  6.0145e-15
1264.9202   2657.71    1.0607    0.1181  6.3785e-15  7.1038e-16  6.0134e-15
1264.9501   2664.86    0.9902    0.1142  5.9536e-15  6.8667e-16  6.0124e-15
1264.9800   2672.02    1.0170    0.1157  6.1138e-15  6.9553e-16  6.0114e-15
1265.0099   2679.17    0.8492    0.1060  5.1043e-15  6.3711e-16  6.0103e-15
1265.0398   2686.32    1.0371    0.1168  6.2319e-15  7.0205e-16  6.0093e-15
