1.546104599999999891e+03 0.000000000000000000e+00 1.165599999999999969e+00 1.517000000000000015e-01 -9.999999999000000000e+09
1.546141300000000001e+03 0.000000000000000000e+00 1.059099999999999930e+00 1.448000000000000120e-01 -9.999999999000000000e+09
1.546178000000000111e+03 0.000000000000000000e+00 9.124999999999999778e-01 1.348000000000000032e-01 -9.999999999000000000e+09
1.546214699999999993e+03 0.000000000000000000e+00 1.061099999999999932e+00 1.449999999999999900e-01 -9.999999999000000000e+09
1.546251400000000103e+03 0.000000000000000000e+00 1.060200000000000031e+00 1.449999999999999900e-01 -9.999999999000000000e+09
1.546288099999999986e+03 0.000000000000000000e+00 9.439999999999999503e-01 1.370000000000000107e-01 -9.999999999000000000e+09
1.546324800000000096e+03 0.000000000000000000e+00 9.355999999999999872e-01 1.363999999999999935e-01 -9.999999999000000000e+09
1.546361499999999978e+03 0.000000000000000000e+00 9.044999999999999707e-01 1.343000000000000027e-01 -9.999999999000000000e+09
1.546398200000000088e+03 0.000000000000000000e+00 1.004000000000000004e+00 1.411999999999999922e-01 -9.999999999000000000e+09
1.546434899999999971e+03 0.000000000000000000e+00 9.315999999999999837e-01 1.476999999999999980e-01 -9.999999999000000000e+09
1.546471500000000106e+03 0.000000000000000000e+00 9.183999999999999941e-01 1.726999999999999924e-01 -9.999999999000000000e+09
1.546508199999999988e+03 0.000000000000000000e+00 1.081099999999999950e+00 1.905000000000000027e-01 -9.999999999000000000e+09
1.546544900000000098e+03 0.000000000000000000e+00 1.126300000000000079e+00 2.043000000000000094e-01 -9.999999999000000000e+09
1.546581599999999980e+03 0.000000000000000000e+00 1.132700000000000040e+00 2.033999999999999975e-01 -9.999999999000000000e+09
1.546618300000000090e+03 0.000000000000000000e+00 1.215799999999999992e+00 2.089000000000000024e-01 -9.999999999000000000e+09
1.546654999999999973e+03 0.000000000000000000e+00 9.022999999999999909e-01 1.912000000000000088e-01 -9.999999999000000000e+09
1.546691700000000083e+03 0.000000000000000000e+00 1.215999999999999970e+00 2.116999999999999993e-01 -9.999999999000000000e+09
1.546728399999999965e+03 0.000000000000000000e+00 8.227999999999999758e-01 1.771999999999999964e-01 -9.999999999000000000e+09
1.546765100000000075e+03 0.000000000000000000e+00 9.839999999999999858e-01 1.865999999999999881e-01 -9.999999999000000000e+09
1.546801799999999957e+03 0.000000000000000000e+00 8.366000000000000103e-01 1.779999999999999916e-01 -9.999999999000000000e+09
1.546838400000000092e+03 0.000000000000000000e+00 8.711999999999999744e-01 1.756999999999999951e-01 -9.999999999000000000e+09
1.546875099999999975e+03 0.000000000000000000e+00 1.124600000000000044e+00 2.003000000000000058e-01 -9.999999999000000000e+09
1.546911800000000085e+03 0.000000000000000000e+00 9.448999999999999622e-01 1.867000000000000048e-01 -9.999999999000000000e+09
1.546948499999999967e+03 0.000000000000000000e+00 1.027300000000000102e+00 1.910999999999999921e-01 -9.999999999000000000e+09
1.546985200000000077e+03 0.000000000000000000e+00 8.053000000000000158e-01 1.696999999999999897e-01 -9.999999999000000000e+09
1.547021899999999960e+03 0.000000000000000000e+00 1.062599999999999989e+00 1.774999999999999911e-01 9.947881663411159980e-01
1.547058600000000069e+03 0.000000000000000000e+00 1.001800000000000024e+00 1.421999999999999931e-01 9.949072431228609403e-01
1.547095299999999952e+03 0.000000000000000000e+00 9.052000000000000046e-01 1.340999999999999970e-01 9.949849391427670886e-01
1.547132000000000062e+03 0.000000000000000000e+00 1.008999999999999897e+00 1.413999999999999979e-01 9.950210374985876127e-01
1.547168699999999944e+03 0.000000000000000000e+00 9.499999999999999556e-01 1.373000000000000054e-01 9.950139723922490909e-01
1.547205300000000079e+03 0.000000000000000000e+00 8.679999999999999938e-01 1.315000000000000058e-01 9.949606086155819984e-01
1.547241999999999962e+03 0.000000000000000000e+00 1.018100000000000005e+00 1.419999999999999873e-01 9.948559021979037631e-01
1.547278700000000072e+03 0.000000000000000000e+00 1.139899999999999913e+00 1.499999999999999944e-01 9.946923472691266976e-01
1.547315399999999954e+03 0.000000000000000000e+00 9.338999999999999524e-01 1.361999999999999877e-01 9.944590628804536037e-01
1.547352100000000064e+03 0.000000000000000000e+00 9.807000000000000162e-01 1.393999999999999961e-01 9.941400094735017845e-01
1.547388799999999947e+03 0.000000000000000000e+00 8.184000000000000163e-01 1.277999999999999969e-01 9.937114581796586688e-01
1.547425500000000056e+03 0.000000000000000000e+00 8.871999999999999886e-01 1.328000000000000014e-01 9.931391118080215019e-01
1.547462199999999939e+03 0.000000000000000000e+00 9.011000000000000121e-01 1.338999999999999913e-01 9.923727102718631343e-01
1.547498900000000049e+03 0.000000000000000000e+00 9.915000000000000480e-01 1.401999999999999913e-01 9.913382232078599143e-01
1.547535599999999931e+03 0.000000000000000000e+00 9.731999999999999540e-01 1.388999999999999957e-01 9.899267428981908257e-01
1.547572200000000066e+03 0.000000000000000000e+00 9.578999999999999737e-01 1.378999999999999948e-01 9.879784360069214788e-01
1.547608899999999949e+03 0.000000000000000000e+00 1.010099999999999998e+00 1.413999999999999979e-01 9.852614157628901692e-01
1.547645600000000059e+03 0.000000000000000000e+00 8.870999999999999996e-01 1.328000000000000014e-01 9.814466268552709538e-01
1.547682299999999941e+03 0.000000000000000000e+00 9.213999999999999968e-01 1.351999999999999869e-01 9.760779363263771824e-01
1.547719000000000051e+03 0.000000000000000000e+00 9.506000000000000005e-01 1.373000000000000054e-01 9.685485433418951073e-01
1.547755699999999933e+03 0.000000000000000000e+00 9.183000000000000052e-01 1.350000000000000089e-01 9.581285283899212413e-01
1.547792400000000043e+03 0.000000000000000000e+00 9.016999999999999460e-01 1.338999999999999913e-01 9.439355934038270446e-01
1.547829099999999926e+03 0.000000000000000000e+00 7.855999999999999650e-01 1.252000000000000057e-01 9.248145130680069936e-01
1.547865800000000036e+03 0.000000000000000000e+00 8.739999999999999991e-01 1.318999999999999895e-01 8.993453284860853936e-01
1.547902499999999918e+03 0.000000000000000000e+00 8.415000000000000258e-01 1.295000000000000040e-01 8.643747365324004894e-01
1.547939100000000053e+03 0.000000000000000000e+00 1.013500000000000068e+00 1.416000000000000036e-01 8.103671720711638216e-01
1.547975799999999936e+03 0.000000000000000000e+00 7.105000000000000204e-01 1.192000000000000004e-01 7.211357562838152102e-01
1.548012500000000045e+03 0.000000000000000000e+00 6.111999999999999655e-01 1.110000000000000014e-01 6.142051355363005172e-01
1.548049199999999928e+03 0.000000000000000000e+00 5.390000000000000346e-01 1.044999999999999957e-01 5.582324813877532765e-01
1.548085900000000038e+03 0.000000000000000000e+00 5.435999999999999721e-01 1.048999999999999932e-01 5.632867594056965022e-01
1.548122599999999920e+03 0.000000000000000000e+00 5.611000000000000432e-01 1.064999999999999974e-01 5.654812376479277924e-01
1.548159300000000030e+03 0.000000000000000000e+00 5.685000000000000053e-01 1.072000000000000036e-01 5.396427770614659059e-01
1.548195999999999913e+03 0.000000000000000000e+00 4.272000000000000242e-01 9.370000000000000551e-02 5.027764293632944748e-01
1.548232700000000023e+03 0.000000000000000000e+00 5.380000000000000338e-01 1.045999999999999985e-01 4.683701051489152500e-01
1.548269399999999905e+03 0.000000000000000000e+00 5.262000000000000011e-01 1.034999999999999948e-01 4.410026050513037865e-01
1.548306000000000040e+03 0.000000000000000000e+00 3.275000000000000133e-01 8.290000000000000147e-02 4.218230742386942511e-01
1.548342699999999923e+03 0.000000000000000000e+00 3.358999999999999764e-01 8.390000000000000235e-02 4.112070909004493791e-01
1.548379400000000032e+03 0.000000000000000000e+00 7.072000000000000508e-01 1.190999999999999975e-01 4.094663836370771026e-01
1.548416099999999915e+03 0.000000000000000000e+00 4.549000000000000266e-01 9.650000000000000244e-02 4.167393153214637436e-01
1.548452800000000025e+03 0.000000000000000000e+00 2.777000000000000024e-01 7.679999999999999327e-02 4.329920926121429425e-01
1.548489499999999907e+03 0.000000000000000000e+00 3.820999999999999952e-01 8.899999999999999578e-02 4.579934484401824157e-01
1.548526200000000017e+03 0.000000000000000000e+00 7.775999999999999579e-01 1.247000000000000053e-01 4.912229334405468495e-01
1.548562899999999900e+03 0.000000000000000000e+00 7.095000000000000195e-01 1.193000000000000033e-01 5.317543011878361758e-01
1.548599600000000009e+03 0.000000000000000000e+00 4.616999999999999993e-01 9.719999999999999474e-02 5.781673938157092518e-01
1.548636299999999892e+03 0.000000000000000000e+00 6.219999999999999973e-01 1.120000000000000023e-01 6.285381298650813964e-01
1.548672900000000027e+03 0.000000000000000000e+00 5.755000000000000115e-01 1.079999999999999988e-01 6.805907407500407791e-01
1.548709599999999909e+03 0.000000000000000000e+00 6.085000000000000409e-01 1.108999999999999986e-01 7.319596456355358383e-01
1.548746300000000019e+03 0.000000000000000000e+00 8.409999999999999698e-01 1.295999999999999930e-01 7.804133306905816081e-01
1.548782999999999902e+03 0.000000000000000000e+00 1.009200000000000097e+00 1.414999999999999869e-01 8.241386967171616673e-01
1.548819700000000012e+03 0.000000000000000000e+00 1.100100000000000078e+00 1.706999999999999906e-01 8.619597811435800727e-01
1.548856399999999894e+03 0.000000000000000000e+00 7.753999999999999782e-01 1.685000000000000109e-01 8.933767838044017751e-01
1.548893100000000004e+03 0.000000000000000000e+00 9.181000000000000272e-01 1.889000000000000123e-01 9.184823609595162974e-01
1.548929799999999886e+03 0.000000000000000000e+00 1.007200000000000095e+00 1.889000000000000123e-01 9.377970240702921956e-01
1.548966499999999996e+03 0.000000000000000000e+00 1.335299999999999931e+00 2.106000000000000094e-01 9.520718211299830092e-01
1.549003200000000106e+03 0.000000000000000000e+00 9.294999999999999929e-01 1.741999999999999937e-01 9.621059170145181971e-01
1.549039800000000014e+03 0.000000000000000000e+00 1.006999999999999895e+00 1.917000000000000093e-01 9.686036220290031862e-01
1.549076499999999896e+03 0.000000000000000000e+00 8.218999999999999639e-01 1.706000000000000016e-01 9.720681227744805142e-01
1.549113200000000006e+03 0.000000000000000000e+00 1.115399999999999947e+00 1.940999999999999948e-01 9.727214987240421218e-01
1.549149899999999889e+03 0.000000000000000000e+00 9.317999999999999616e-01 1.842999999999999916e-01 9.704637437327331417e-01
1.549186599999999999e+03 0.000000000000000000e+00 9.778000000000000025e-01 1.905000000000000027e-01 9.648696938866886397e-01
1.549223300000000108e+03 0.000000000000000000e+00 8.235000000000000098e-01 1.695000000000000118e-01 9.552401521394267014e-01
1.549259999999999991e+03 0.000000000000000000e+00 7.143000000000000460e-01 1.584000000000000130e-01 9.407405491450091528e-01
1.549296700000000101e+03 0.000000000000000000e+00 1.006399999999999961e+00 1.847000000000000031e-01 9.206463719004890356e-01
1.549333399999999983e+03 0.000000000000000000e+00 8.725000000000000533e-01 1.698999999999999955e-01 8.946749887183894634e-01
1.549370100000000093e+03 0.000000000000000000e+00 8.463000000000000522e-01 1.715000000000000135e-01 8.633288119291178120e-01
1.549406700000000001e+03 0.000000000000000000e+00 9.050000000000000266e-01 1.807999999999999885e-01 8.280865813743861770e-01
1.549443400000000111e+03 0.000000000000000000e+00 9.785000000000000364e-01 1.683000000000000052e-01 7.913528928560529252e-01
1.549480099999999993e+03 0.000000000000000000e+00 7.772999999999999909e-01 1.247000000000000053e-01 7.562061104858799343e-01
1.549516800000000103e+03 0.000000000000000000e+00 7.526000000000000467e-01 1.228999999999999954e-01 7.259041457651975726e-01
1.549553499999999985e+03 0.000000000000000000e+00 5.857999999999999874e-01 1.089999999999999997e-01 7.033443832363511783e-01
1.549590200000000095e+03 0.000000000000000000e+00 6.114000000000000545e-01 1.112999999999999962e-01 6.906793734021823283e-01
1.549626899999999978e+03 0.000000000000000000e+00 7.391999999999999682e-01 1.218999999999999945e-01 6.891054281115540636e-01
1.549663600000000088e+03 0.000000000000000000e+00 7.262999999999999456e-01 1.208999999999999936e-01 6.987816279090081073e-01
1.549700299999999970e+03 0.000000000000000000e+00 7.935999999999999721e-01 1.260999999999999899e-01 7.188223666184780924e-01
1.549737000000000080e+03 0.000000000000000000e+00 9.031000000000000139e-01 1.342000000000000137e-01 7.473461872652513716e-01
1.549773599999999988e+03 0.000000000000000000e+00 7.341999999999999638e-01 1.214999999999999969e-01 7.816625533007300897e-01
1.549810300000000097e+03 0.000000000000000000e+00 8.121000000000000441e-01 1.275999999999999912e-01 8.186222324540718409e-01
1.549846999999999980e+03 0.000000000000000000e+00 9.264000000000000012e-01 1.358999999999999930e-01 8.550477889054859393e-01
1.549883700000000090e+03 0.000000000000000000e+00 7.133000000000000451e-01 1.198000000000000037e-01 8.882537991621729523e-01
1.549920399999999972e+03 0.000000000000000000e+00 8.820000000000000062e-01 1.325999999999999956e-01 9.164575280981053229e-01
1.549957100000000082e+03 0.000000000000000000e+00 1.080000000000000071e+00 1.461999999999999966e-01 9.389039228185915853e-01
1.549993799999999965e+03 0.000000000000000000e+00 1.045299999999999896e+00 1.439000000000000001e-01 9.557265595502545397e-01
1.550030500000000075e+03 0.000000000000000000e+00 1.206099999999999950e+00 1.542999999999999927e-01 9.676441140560270160e-01
1.550067199999999957e+03 0.000000000000000000e+00 9.587999999999999856e-01 1.380000000000000115e-01 9.756253056424228909e-01
1.550103900000000067e+03 0.000000000000000000e+00 1.059700000000000086e+00 1.449000000000000010e-01 9.806232019030283187e-01
1.550140499999999975e+03 0.000000000000000000e+00 1.209400000000000031e+00 1.545999999999999874e-01 9.834173893757423013e-01
1.550177200000000084e+03 0.000000000000000000e+00 8.901999999999999913e-01 1.332000000000000128e-01 9.845500390349873898e-01
1.550213899999999967e+03 0.000000000000000000e+00 1.416700000000000070e+00 1.670000000000000095e-01 9.843200558324733951e-01
1.550250600000000077e+03 0.000000000000000000e+00 8.403000000000000469e-01 1.295000000000000040e-01 9.828062479732360135e-01
1.550287299999999959e+03 0.000000000000000000e+00 1.034899999999999931e+00 1.433000000000000107e-01 9.798957009982179889e-01
1.550324000000000069e+03 0.000000000000000000e+00 9.936000000000000387e-01 1.405000000000000138e-01 9.753270406798500991e-01
1.550360699999999952e+03 0.000000000000000000e+00 1.129299999999999971e+00 1.496000000000000107e-01 9.687247452744409681e-01
1.550397400000000061e+03 0.000000000000000000e+00 8.295000000000000151e-01 1.287999999999999978e-01 9.595085533073104411e-01
1.550434099999999944e+03 0.000000000000000000e+00 1.008399999999999963e+00 1.414999999999999869e-01 9.469196264895556325e-01
1.550470800000000054e+03 0.000000000000000000e+00 1.132400000000000073e+00 1.497999999999999887e-01 9.294523175004021365e-01
1.550507399999999961e+03 0.000000000000000000e+00 7.086000000000000076e-01 1.194000000000000061e-01 9.024411762202932952e-01
1.550544100000000071e+03 0.000000000000000000e+00 7.864999999999999769e-01 1.255000000000000004e-01 8.552931500524478814e-01
1.550580799999999954e+03 0.000000000000000000e+00 8.162000000000000366e-01 1.277999999999999969e-01 7.887742676401193753e-01
1.550617500000000064e+03 0.000000000000000000e+00 7.459999999999999964e-01 1.223999999999999949e-01 7.431803902085460933e-01
1.550654199999999946e+03 0.000000000000000000e+00 8.405000000000000249e-01 1.297000000000000097e-01 7.423580777908987960e-01
1.550690900000000056e+03 0.000000000000000000e+00 7.254000000000000448e-01 1.208000000000000046e-01 7.488045011441820664e-01
1.550727599999999939e+03 0.000000000000000000e+00 7.154000000000000359e-01 1.200999999999999984e-01 7.355502844533906570e-01
1.550764300000000048e+03 0.000000000000000000e+00 9.267999999999999572e-01 1.360000000000000098e-01 7.108208490210333741e-01
1.550800999999999931e+03 0.000000000000000000e+00 7.983999999999999986e-01 1.265000000000000013e-01 6.854317682227701880e-01
1.550837700000000041e+03 0.000000000000000000e+00 6.411000000000000032e-01 1.139000000000000012e-01 6.638562932063207800e-01
1.550874299999999948e+03 0.000000000000000000e+00 7.462999999999999634e-01 1.223999999999999949e-01 6.477197770423742673e-01
1.550911000000000058e+03 0.000000000000000000e+00 5.857999999999999874e-01 1.089999999999999997e-01 6.377972529240779620e-01
1.550947699999999941e+03 0.000000000000000000e+00 8.900000000000000133e-01 1.332000000000000128e-01 6.346588027956168165e-01
1.550984400000000051e+03 0.000000000000000000e+00 6.339000000000000190e-01 1.131000000000000061e-01 6.385522794385409817e-01
1.551021099999999933e+03 0.000000000000000000e+00 5.685999999999999943e-01 1.073000000000000065e-01 6.493668357537923930e-01
1.551057800000000043e+03 0.000000000000000000e+00 5.854000000000000314e-01 1.088999999999999968e-01 6.666506423774700707e-01
1.551094499999999925e+03 0.000000000000000000e+00 7.108999999999999764e-01 1.195999999999999980e-01 6.896210616892272105e-01
1.551131200000000035e+03 0.000000000000000000e+00 7.365000000000000435e-01 1.217000000000000026e-01 7.171857956095516462e-01
1.551167899999999918e+03 0.000000000000000000e+00 7.305000000000000382e-01 1.212000000000000022e-01 7.479925363910350233e-01
1.551204600000000028e+03 0.000000000000000000e+00 6.953000000000000291e-01 1.184000000000000052e-01 7.805139938504032093e-01
1.551241199999999935e+03 0.000000000000000000e+00 6.201999999999999735e-01 1.121999999999999942e-01 8.131964919057239616e-01
1.551277900000000045e+03 0.000000000000000000e+00 1.110000000000000098e+00 1.484999999999999931e-01 8.446233342849693848e-01
1.551314599999999928e+03 0.000000000000000000e+00 7.406000000000000361e-01 1.221000000000000002e-01 8.736058030262784380e-01
1.551351300000000037e+03 0.000000000000000000e+00 8.316000000000000059e-01 1.290999999999999925e-01 8.992850440593814776e-01
1.551387999999999920e+03 0.000000000000000000e+00 8.399999999999999689e-01 1.297999999999999987e-01 9.211932297646634460e-01
1.551424700000000030e+03 0.000000000000000000e+00 1.084000000000000075e+00 1.469000000000000028e-01 9.392258633517291955e-01
1.551461399999999912e+03 0.000000000000000000e+00 1.091099999999999959e+00 1.474000000000000032e-01 9.535679972870253485e-01
1.551498100000000022e+03 0.000000000000000000e+00 9.838000000000000078e-01 1.401000000000000023e-01 9.645979710381391570e-01
1.551534799999999905e+03 0.000000000000000000e+00 1.034699999999999953e+00 1.436000000000000054e-01 9.727880821799653743e-01
1.551571500000000015e+03 0.000000000000000000e+00 9.277999999999999581e-01 1.361999999999999877e-01 9.786173913860570783e-01
1.551608099999999922e+03 0.000000000000000000e+00 1.114800000000000013e+00 1.489000000000000046e-01 9.825057396032048640e-01
1.551644800000000032e+03 0.000000000000000000e+00 1.039099999999999913e+00 1.439000000000000001e-01 9.847654840726004499e-01
1.551681499999999915e+03 0.000000000000000000e+00 9.210000000000000409e-01 1.356999999999999873e-01 9.855638553771621790e-01
1.551718200000000024e+03 0.000000000000000000e+00 1.021800000000000042e+00 1.426999999999999935e-01 9.849023459485005683e-01
1.551754899999999907e+03 0.000000000000000000e+00 8.084999999999999964e-01 1.274000000000000132e-01 9.826101414041136239e-01
1.551791600000000017e+03 0.000000000000000000e+00 8.501999999999999558e-01 1.305999999999999939e-01 9.783570104041411364e-01
1.551828299999999899e+03 0.000000000000000000e+00 1.101099999999999968e+00 1.479999999999999927e-01 9.717019429981997858e-01
1.551865000000000009e+03 0.000000000000000000e+00 1.066100000000000048e+00 1.456999999999999962e-01 9.621915432504466459e-01
1.551901699999999892e+03 0.000000000000000000e+00 1.000899999999999901e+00 1.411999999999999922e-01 9.495104649130807761e-01
1.551938400000000001e+03 0.000000000000000000e+00 6.464999999999999636e-01 1.144000000000000017e-01 9.336660306288290245e-01
1.551974999999999909e+03 0.000000000000000000e+00 1.105099999999999971e+00 1.481999999999999984e-01 9.151413215672009605e-01
1.552011700000000019e+03 0.000000000000000000e+00 8.205000000000000071e-01 1.282999999999999974e-01 8.949672218051988315e-01
1.552048399999999901e+03 0.000000000000000000e+00 7.576000000000000512e-01 1.234999999999999987e-01 8.747010261107609486e-01
1.552085100000000011e+03 0.000000000000000000e+00 7.027999999999999803e-01 1.190999999999999975e-01 8.562346539165087700e-01
1.552121799999999894e+03 0.000000000000000000e+00 7.261999999999999567e-01 1.209999999999999964e-01 8.414884731084464331e-01
1.552158500000000004e+03 0.000000000000000000e+00 1.058599999999999985e+00 1.453000000000000125e-01 8.320932471976254519e-01
1.552195200000000114e+03 0.000000000000000000e+00 1.025700000000000056e+00 1.429999999999999882e-01 8.291217859483639430e-01
1.552231899999999996e+03 0.000000000000000000e+00 9.039000000000000368e-01 1.345999999999999974e-01 8.329310228315349729e-01
1.552268600000000106e+03 0.000000000000000000e+00 5.853000000000000425e-01 1.092000000000000054e-01 8.431008851501966550e-01
1.552305299999999988e+03 0.000000000000000000e+00 1.053800000000000070e+00 1.449000000000000010e-01 8.584933952450741756e-01
1.552341899999999896e+03 0.000000000000000000e+00 8.812999999999999723e-01 1.328000000000000014e-01 8.774435211218494235e-01
1.552378600000000006e+03 0.000000000000000000e+00 8.633999999999999453e-01 1.313999999999999890e-01 8.980429064907489156e-01
1.552415299999999888e+03 0.000000000000000000e+00 9.099000000000000421e-01 1.348000000000000032e-01 9.184286683420253006e-01
1.552451999999999998e+03 0.000000000000000000e+00 8.686000000000000387e-01 1.318000000000000005e-01 9.370735487721659762e-01
1.552488700000000108e+03 0.000000000000000000e+00 1.116800000000000015e+00 1.489000000000000046e-01 9.529842456501129710e-01
1.552525399999999991e+03 0.000000000000000000e+00 1.046999999999999931e+00 1.443000000000000116e-01 9.657411173455443532e-01
1.552562100000000100e+03 0.000000000000000000e+00 9.643000000000000460e-01 1.386000000000000010e-01 9.754098990160752214e-01
1.552598799999999983e+03 0.000000000000000000e+00 9.094999999999999751e-01 1.346999999999999864e-01 9.823790878630914714e-01
1.552635500000000093e+03 0.000000000000000000e+00 9.664000000000000368e-01 1.386999999999999900e-01 9.871858767309951155e-01
1.552672199999999975e+03 0.000000000000000000e+00 8.620999999999999774e-01 1.312000000000000111e-01 9.903780073296217790e-01
1.552708800000000110e+03 0.000000000000000000e+00 8.937000000000000499e-01 1.335999999999999965e-01 9.924307271313912437e-01
1.552745499999999993e+03 0.000000000000000000e+00 1.039199999999999902e+00 1.438000000000000111e-01 9.937130012895910580e-01
1.552782200000000103e+03 0.000000000000000000e+00 9.408999999999999586e-01 1.370000000000000107e-01 9.944873747325713165e-01
1.552818899999999985e+03 0.000000000000000000e+00 1.106400000000000050e+00 1.482999999999999874e-01 9.949291914765014955e-01
1.552855600000000095e+03 0.000000000000000000e+00 1.179999999999999938e+00 1.531000000000000139e-01 9.951502039125404986e-01
1.552892299999999977e+03 0.000000000000000000e+00 9.861999999999999655e-01 1.401999999999999913e-01 9.952189181520119110e-01
1.552929000000000087e+03 0.000000000000000000e+00 1.048799999999999955e+00 1.446000000000000063e-01 9.951761273317460965e-01
1.552965699999999970e+03 0.000000000000000000e+00 1.080600000000000005e+00 1.466999999999999971e-01 9.950455449277245679e-01
1.553002400000000080e+03 0.000000000000000000e+00 9.923999999999999488e-01 1.406999999999999917e-01 -9.999999999000000000e+09
1.553039099999999962e+03 0.000000000000000000e+00 9.026999999999999469e-01 1.343999999999999917e-01 -9.999999999000000000e+09
1.553075700000000097e+03 0.000000000000000000e+00 1.244899999999999896e+00 1.572999999999999954e-01 -9.999999999000000000e+09
1.553112399999999980e+03 0.000000000000000000e+00 9.374000000000000110e-01 1.368999999999999939e-01 -9.999999999000000000e+09
1.553149100000000089e+03 0.000000000000000000e+00 9.953999999999999515e-01 1.409999999999999865e-01 -9.999999999000000000e+09
1.553185799999999972e+03 0.000000000000000000e+00 1.079099999999999948e+00 1.466999999999999971e-01 -9.999999999000000000e+09
1.553222500000000082e+03 0.000000000000000000e+00 1.323199999999999932e+00 1.620000000000000051e-01 -9.999999999000000000e+09
1.553259199999999964e+03 0.000000000000000000e+00 1.119399999999999951e+00 1.492999999999999883e-01 -9.999999999000000000e+09
1.553295900000000074e+03 0.000000000000000000e+00 9.791999999999999593e-01 1.398999999999999966e-01 -9.999999999000000000e+09
1.553332599999999957e+03 0.000000000000000000e+00 1.100600000000000023e+00 1.481000000000000094e-01 -9.999999999000000000e+09
1.553369300000000067e+03 0.000000000000000000e+00 9.939000000000000057e-01 1.408999999999999975e-01 -9.999999999000000000e+09
1.553405999999999949e+03 0.000000000000000000e+00 1.117899999999999894e+00 1.491999999999999993e-01 -9.999999999000000000e+09
1.553442600000000084e+03 0.000000000000000000e+00 8.984999999999999654e-01 1.342000000000000137e-01 -9.999999999000000000e+09
1.553479299999999967e+03 0.000000000000000000e+00 1.129099999999999993e+00 1.499999999999999944e-01 -9.999999999000000000e+09
1.553516000000000076e+03 0.000000000000000000e+00 1.063099999999999934e+00 1.456999999999999962e-01 -9.999999999000000000e+09
1.553552699999999959e+03 0.000000000000000000e+00 1.060999999999999943e+00 1.456000000000000072e-01 -9.999999999000000000e+09
1.553589400000000069e+03 0.000000000000000000e+00 1.218199999999999950e+00 1.557999999999999940e-01 -9.999999999000000000e+09
1.553626099999999951e+03 0.000000000000000000e+00 1.275800000000000045e+00 1.593999999999999861e-01 -9.999999999000000000e+09
1.553662800000000061e+03 0.000000000000000000e+00 1.133699999999999930e+00 1.504999999999999949e-01 -9.999999999000000000e+09
1.553699499999999944e+03 0.000000000000000000e+00 9.889999999999999902e-01 1.408000000000000085e-01 -9.999999999000000000e+09
1.553736200000000053e+03 0.000000000000000000e+00 9.848999999999999977e-01 1.406000000000000028e-01 -9.999999999000000000e+09
1.553772899999999936e+03 0.000000000000000000e+00 8.536000000000000254e-01 1.312000000000000111e-01 -9.999999999000000000e+09
1.553809500000000071e+03 0.000000000000000000e+00 9.353000000000000203e-01 1.371999999999999886e-01 -9.999999999000000000e+09
1.553846199999999953e+03 0.000000000000000000e+00 1.045800000000000063e+00 1.448000000000000120e-01 -9.999999999000000000e+09
1.553882900000000063e+03 0.000000000000000000e+00 8.547000000000000153e-01 1.313000000000000000e-01 -9.999999999000000000e+09
