1.202318600000000060e+03 0.000000000000000000e+00 1.008999999999999897e+00 1.254000000000000115e-01 -9.999999999000000000e+09
1.202348500000000058e+03 0.000000000000000000e+00 8.608000000000000096e-01 1.178000000000000019e-01 -9.999999999000000000e+09
1.202378400000000056e+03 0.000000000000000000e+00 1.212399999999999922e+00 1.356999999999999873e-01 -9.999999999000000000e+09
1.202408300000000054e+03 0.000000000000000000e+00 9.868999999999999995e-01 1.255000000000000004e-01 -9.999999999000000000e+09
1.202438200000000052e+03 0.000000000000000000e+00 1.086600000000000010e+00 1.293999999999999873e-01 -9.999999999000000000e+09
1.202468100000000049e+03 0.000000000000000000e+00 9.306999999999999718e-01 1.174000000000000044e-01 -9.999999999000000000e+09
1.202498000000000047e+03 0.000000000000000000e+00 9.517999999999999794e-01 1.247999999999999943e-01 -9.999999999000000000e+09
1.202527900000000045e+03 0.000000000000000000e+00 8.254000000000000226e-01 1.121000000000000052e-01 -9.999999999000000000e+09
1.202557800000000043e+03 0.000000000000000000e+00 9.059000000000000385e-01 1.221000000000000002e-01 -9.999999999000000000e+09
1.202587800000000016e+03 0.000000000000000000e+00 9.926000000000000378e-01 1.252000000000000057e-01 -9.999999999000000000e+09
1.202617700000000013e+03 0.000000000000000000e+00 1.007300000000000084e+00 1.131000000000000061e-01 -9.999999999000000000e+09
1.202647600000000011e+03 0.000000000000000000e+00 9.714000000000000412e-01 1.048000000000000043e-01 -9.999999999000000000e+09
1.202677500000000009e+03 0.000000000000000000e+00 1.005200000000000093e+00 1.006999999999999978e-01 -9.999999999000000000e+09
1.202707400000000007e+03 0.000000000000000000e+00 9.264000000000000012e-01 8.970000000000000195e-02 -9.999999999000000000e+09
1.202737300000000005e+03 0.000000000000000000e+00 1.054300000000000015e+00 9.560000000000000442e-02 -9.999999999000000000e+09
1.202767200000000003e+03 0.000000000000000000e+00 8.992999999999999883e-01 8.840000000000000635e-02 -9.999999999000000000e+09
1.202797100000000000e+03 0.000000000000000000e+00 9.641999999999999460e-01 9.149999999999999800e-02 -9.999999999000000000e+09
1.202826999999999998e+03 0.000000000000000000e+00 1.235999999999999988e+00 1.034999999999999948e-01 -9.999999999000000000e+09
1.202856899999999996e+03 0.000000000000000000e+00 1.008899999999999908e+00 9.370000000000000551e-02 -9.999999999000000000e+09
1.202886899999999969e+03 0.000000000000000000e+00 1.065299999999999914e+00 9.619999999999999385e-02 -9.999999999000000000e+09
1.202916799999999967e+03 0.000000000000000000e+00 1.133000000000000007e+00 9.919999999999999651e-02 -9.999999999000000000e+09
1.202946699999999964e+03 0.000000000000000000e+00 9.997000000000000330e-01 9.329999999999999405e-02 -9.999999999000000000e+09
1.202976599999999962e+03 0.000000000000000000e+00 9.997000000000000330e-01 9.329999999999999405e-02 -9.999999999000000000e+09
1.203006499999999960e+03 0.000000000000000000e+00 9.877000000000000224e-01 9.270000000000000462e-02 9.961445278146617843e-01
1.203036399999999958e+03 0.000000000000000000e+00 9.677000000000000046e-01 9.180000000000000659e-02 9.965081848224831562e-01
1.203066299999999956e+03 0.000000000000000000e+00 9.781999999999999584e-01 9.229999999999999316e-02 9.968398366694941615e-01
1.203096199999999953e+03 0.000000000000000000e+00 1.031500000000000083e+00 9.479999999999999538e-02 9.971433343455965437e-01
1.203126099999999951e+03 0.000000000000000000e+00 9.071000000000000174e-01 8.899999999999999578e-02 9.974220434235648858e-01
1.203155999999999949e+03 0.000000000000000000e+00 9.931999999999999718e-01 9.299999999999999933e-02 9.976787864334488720e-01
1.203185999999999922e+03 0.000000000000000000e+00 8.507000000000000117e-01 8.619999999999999885e-02 9.979159709335583273e-01
1.203215899999999920e+03 0.000000000000000000e+00 1.039299999999999891e+00 9.520000000000000684e-02 9.981356705419125452e-01
1.203245799999999917e+03 0.000000000000000000e+00 9.636000000000000121e-01 9.170000000000000373e-02 9.983396798159751562e-01
1.203275699999999915e+03 0.000000000000000000e+00 1.030100000000000016e+00 9.479999999999999538e-02 9.985295592728673508e-01
1.203305599999999913e+03 0.000000000000000000e+00 9.605000000000000204e-01 9.160000000000000087e-02 9.987066618072001356e-01
1.203335499999999911e+03 0.000000000000000000e+00 1.022499999999999964e+00 9.450000000000000067e-02 9.988718547983312934e-01
1.203365399999999909e+03 0.000000000000000000e+00 1.057500000000000107e+00 9.610000000000000486e-02 9.990252773255343666e-01
1.203395299999999907e+03 0.000000000000000000e+00 9.312000000000000277e-01 9.020000000000000240e-02 9.991669044696431801e-01
1.203425199999999904e+03 0.000000000000000000e+00 1.010000000000000009e+00 9.400000000000000022e-02 9.992967599877575768e-01
1.203455099999999902e+03 0.000000000000000000e+00 9.465000000000000080e-01 9.099999999999999756e-02 9.994148477623961968e-01
1.203485100000000102e+03 0.000000000000000000e+00 1.002799999999999914e+00 9.370000000000000551e-02 9.995211669576898883e-01
1.203515000000000100e+03 0.000000000000000000e+00 1.111099999999999977e+00 9.850000000000000422e-02 9.996157171446408141e-01
1.203544900000000098e+03 0.000000000000000000e+00 9.716000000000000192e-01 9.220000000000000417e-02 9.996984974512346245e-01
1.203574800000000096e+03 0.000000000000000000e+00 9.580999999999999517e-01 9.160000000000000087e-02 9.997695066879902503e-01
1.203604700000000093e+03 0.000000000000000000e+00 9.049000000000000377e-01 8.909999999999999865e-02 9.998287437327274541e-01
1.203634600000000091e+03 0.000000000000000000e+00 1.134100000000000108e+00 9.959999999999999409e-02 9.998762074761793350e-01
1.203664500000000089e+03 0.000000000000000000e+00 8.134000000000000119e-01 8.450000000000000566e-02 9.999118918156497671e-01
1.203694400000000087e+03 0.000000000000000000e+00 1.024199999999999999e+00 9.470000000000000639e-02 9.999357709132907779e-01
1.203724300000000085e+03 0.000000000000000000e+00 1.025800000000000045e+00 9.479999999999999538e-02 9.999478679911613099e-01
1.203754200000000083e+03 0.000000000000000000e+00 1.064400000000000013e+00 9.660000000000000531e-02 9.999495333066351632e-01
1.203784200000000055e+03 0.000000000000000000e+00 9.282000000000000250e-01 9.030000000000000526e-02 9.999484464154340113e-01
1.203814100000000053e+03 0.000000000000000000e+00 1.018399999999999972e+00 9.460000000000000353e-02 9.999473209499241122e-01
1.203844000000000051e+03 0.000000000000000000e+00 9.434000000000000163e-01 9.110000000000000042e-02 9.999461584093890520e-01
1.203873900000000049e+03 0.000000000000000000e+00 1.036899999999999933e+00 9.539999999999999869e-02 9.999449568342326788e-01
1.203903800000000047e+03 0.000000000000000000e+00 9.174999999999999822e-01 8.980000000000000482e-02 9.999437143259871652e-01
1.203933700000000044e+03 0.000000000000000000e+00 8.423000000000000487e-01 8.609999999999999598e-02 9.999424289550544742e-01
1.203963600000000042e+03 0.000000000000000000e+00 9.290000000000000480e-01 9.039999999999999425e-02 9.999410986780216115e-01
1.203993500000000040e+03 0.000000000000000000e+00 1.124800000000000022e+00 9.940000000000000224e-02 9.999397213127753092e-01
1.204023400000000038e+03 0.000000000000000000e+00 1.124000000000000110e+00 9.940000000000000224e-02 9.999382944499750625e-01
1.204053300000000036e+03 0.000000000000000000e+00 9.733000000000000540e-01 9.260000000000000175e-02 9.999368153205230314e-01
1.204083300000000008e+03 0.000000000000000000e+00 1.057299999999999907e+00 9.650000000000000244e-02 9.999352813956712271e-01
1.204113200000000006e+03 0.000000000000000000e+00 1.124500000000000055e+00 9.950000000000000511e-02 9.999336908350503483e-01
1.204143100000000004e+03 0.000000000000000000e+00 1.125699999999999923e+00 9.959999999999999409e-02 9.999320408724861053e-01
1.204173000000000002e+03 0.000000000000000000e+00 1.049700000000000077e+00 9.619999999999999385e-02 9.999303280379071568e-01
1.204202900000000000e+03 0.000000000000000000e+00 1.093900000000000095e+00 9.819999999999999563e-02 9.999285488739982908e-01
1.204232799999999997e+03 0.000000000000000000e+00 1.059299999999999908e+00 9.669999999999999429e-02 9.999266997994838979e-01
1.204262699999999995e+03 0.000000000000000000e+00 8.653999999999999471e-01 8.749999999999999445e-02 9.999247769837668054e-01
1.204292599999999993e+03 0.000000000000000000e+00 1.038499999999999979e+00 9.579999999999999627e-02 9.999227763005422709e-01
1.204322499999999991e+03 0.000000000000000000e+00 9.163000000000000034e-01 9.009999999999999953e-02 9.999206931863917625e-01
1.204352399999999989e+03 0.000000000000000000e+00 9.171000000000000263e-01 9.020000000000000240e-02 9.999185224324539378e-01
1.204382399999999961e+03 0.000000000000000000e+00 9.723000000000000531e-01 9.279999999999999361e-02 9.999162590437254972e-01
1.204412299999999959e+03 0.000000000000000000e+00 1.055299999999999905e+00 9.669999999999999429e-02 9.999138988794106231e-01
1.204442199999999957e+03 0.000000000000000000e+00 9.115999999999999659e-01 8.999999999999999667e-02 9.999114362751599927e-01
1.204472099999999955e+03 0.000000000000000000e+00 1.088100000000000067e+00 9.819999999999999563e-02 9.999088643331575099e-01
1.204501999999999953e+03 0.000000000000000000e+00 9.061000000000000165e-01 8.970000000000000195e-02 9.999061759350895695e-01
1.204531899999999951e+03 0.000000000000000000e+00 9.737999999999999989e-01 9.310000000000000220e-02 9.999033634987949393e-01
1.204561799999999948e+03 0.000000000000000000e+00 9.478999999999999648e-01 9.180000000000000659e-02 9.999004187265647658e-01
1.204591699999999946e+03 0.000000000000000000e+00 1.037800000000000056e+00 9.610000000000000486e-02 9.998973323973729954e-01
1.204621599999999944e+03 0.000000000000000000e+00 9.687999999999999945e-01 9.289999999999999647e-02 9.998940937682992969e-01
1.204651499999999942e+03 0.000000000000000000e+00 9.798999999999999932e-01 9.349999999999999978e-02 9.998906890266171521e-01
1.204681499999999915e+03 0.000000000000000000e+00 9.072999999999999954e-01 8.999999999999999667e-02 9.998870986144682282e-01
1.204711399999999912e+03 0.000000000000000000e+00 9.491000000000000547e-01 9.210000000000000131e-02 9.998832858038658733e-01
1.204741299999999910e+03 0.000000000000000000e+00 1.159299999999999997e+00 1.015999999999999959e-01 9.998791571887835072e-01
1.204771199999999908e+03 0.000000000000000000e+00 1.059500000000000108e+00 9.719999999999999474e-02 9.998744699533650415e-01
1.204801099999999906e+03 0.000000000000000000e+00 9.334999999999999964e-01 9.139999999999999514e-02 9.998686236694915852e-01
1.204830999999999904e+03 0.000000000000000000e+00 9.619999999999999662e-01 9.279999999999999361e-02 9.998602777872921399e-01
1.204860899999999901e+03 0.000000000000000000e+00 9.116999999999999549e-01 9.039999999999999425e-02 9.998469174601153364e-01
1.204890799999999899e+03 0.000000000000000000e+00 1.007700000000000040e+00 9.500000000000000111e-02 9.998249372477290287e-01
1.204920699999999897e+03 0.000000000000000000e+00 1.114700000000000024e+00 9.990000000000000269e-02 9.997908511073043680e-01
1.204950599999999895e+03 0.000000000000000000e+00 1.030000000000000027e+00 9.610000000000000486e-02 9.997426918176162136e-01
1.204980600000000095e+03 0.000000000000000000e+00 7.992000000000000215e-01 8.490000000000000324e-02 9.996798949159033665e-01
1.205010500000000093e+03 0.000000000000000000e+00 1.005300000000000082e+00 9.510000000000000397e-02 9.996023770113986462e-01
1.205040400000000091e+03 0.000000000000000000e+00 1.069299999999999917e+00 9.810000000000000664e-02 9.995101147022369403e-01
1.205070300000000088e+03 0.000000000000000000e+00 1.131499999999999950e+00 1.009000000000000036e-01 9.994030824171376004e-01
1.205100200000000086e+03 0.000000000000000000e+00 9.789999999999999813e-01 9.400000000000000022e-02 9.992812486455988630e-01
1.205130100000000084e+03 0.000000000000000000e+00 1.079900000000000082e+00 9.869999999999999607e-02 9.991445763152271287e-01
1.205160000000000082e+03 0.000000000000000000e+00 9.283000000000000140e-01 9.160000000000000087e-02 9.989930216306316391e-01
1.205189900000000080e+03 0.000000000000000000e+00 8.923999999999999710e-01 8.989999999999999380e-02 9.988265287431329353e-01
1.205219800000000077e+03 0.000000000000000000e+00 9.553000000000000380e-01 9.289999999999999647e-02 9.986450153153104692e-01
1.205249700000000075e+03 0.000000000000000000e+00 9.808999999999999941e-01 9.420000000000000595e-02 9.984483385516266241e-01
1.205279700000000048e+03 0.000000000000000000e+00 1.046200000000000019e+00 9.729999999999999760e-02 9.982362293469728698e-01
1.205309600000000046e+03 0.000000000000000000e+00 9.402000000000000357e-01 9.239999999999999603e-02 9.980081722548286294e-01
1.205339500000000044e+03 0.000000000000000000e+00 9.636000000000000121e-01 9.360000000000000264e-02 9.977632362805373134e-01
1.205369400000000041e+03 0.000000000000000000e+00 9.041000000000000147e-01 9.070000000000000284e-02 9.974999753570804595e-01
1.205399300000000039e+03 0.000000000000000000e+00 8.780999999999999917e-01 8.949999999999999623e-02 9.972164761844931613e-01
1.205429200000000037e+03 0.000000000000000000e+00 8.628000000000000114e-01 8.880000000000000393e-02 9.969105111056794088e-01
1.205459100000000035e+03 0.000000000000000000e+00 8.497999999999999998e-01 8.820000000000000062e-02 9.965797862054399658e-01
1.205489000000000033e+03 0.000000000000000000e+00 8.589999999999999858e-01 8.859999999999999820e-02 9.962220613416592485e-01
1.205518900000000031e+03 0.000000000000000000e+00 9.671999999999999487e-01 9.400000000000000022e-02 9.958347619802173645e-01
1.205548800000000028e+03 0.000000000000000000e+00 1.014599999999999946e+00 9.629999999999999671e-02 9.954144444194602537e-01
1.205578800000000001e+03 0.000000000000000000e+00 1.092799999999999994e+00 9.990000000000000269e-02 9.949565870986851746e-01
1.205608699999999999e+03 0.000000000000000000e+00 9.752999999999999448e-01 9.450000000000000067e-02 9.944555704710863475e-01
1.205638599999999997e+03 0.000000000000000000e+00 1.065399999999999903e+00 9.869999999999999607e-02 9.939045676563739162e-01
1.205668499999999995e+03 0.000000000000000000e+00 1.058300000000000018e+00 9.850000000000000422e-02 9.932953049369752652e-01
1.205698399999999992e+03 0.000000000000000000e+00 1.044100000000000028e+00 9.790000000000000091e-02 9.926176718695972623e-01
1.205728299999999990e+03 0.000000000000000000e+00 1.122600000000000042e+00 1.015000000000000069e-01 9.918591482488445799e-01
1.205758199999999988e+03 0.000000000000000000e+00 1.023900000000000032e+00 9.710000000000000575e-02 9.910039846160022536e-01
1.205788099999999986e+03 0.000000000000000000e+00 1.013099999999999890e+00 9.660000000000000531e-02 9.900320343351803887e-01
1.205817999999999984e+03 0.000000000000000000e+00 1.060899999999999954e+00 9.890000000000000180e-02 9.889170746624212915e-01
1.205847899999999981e+03 0.000000000000000000e+00 9.096999999999999531e-01 9.170000000000000373e-02 9.876243622551815760e-01
1.205877899999999954e+03 0.000000000000000000e+00 1.038200000000000012e+00 9.790000000000000091e-02 9.861070393959417979e-01
1.205907799999999952e+03 0.000000000000000000e+00 1.130700000000000038e+00 1.021999999999999992e-01 9.843006063484394108e-01
1.205937699999999950e+03 0.000000000000000000e+00 1.023700000000000054e+00 9.729999999999999760e-02 9.821139161514678140e-01
1.205967599999999948e+03 0.000000000000000000e+00 1.094200000000000061e+00 1.006999999999999978e-01 9.794142160958001497e-01
1.205997499999999945e+03 0.000000000000000000e+00 9.214999999999999858e-01 9.260000000000000175e-02 9.760015789788886176e-01
1.206027399999999943e+03 0.000000000000000000e+00 1.010899999999999910e+00 9.690000000000000002e-02 9.715637704274946440e-01
1.206057299999999941e+03 0.000000000000000000e+00 1.078799999999999981e+00 1.000999999999999945e-01 9.655931596896837332e-01
1.206087199999999939e+03 0.000000000000000000e+00 9.392000000000000348e-01 9.360000000000000264e-02 9.572256760640837081e-01
1.206117099999999937e+03 0.000000000000000000e+00 9.425000000000000044e-01 9.379999999999999449e-02 9.449108576311564534e-01
1.206146999999999935e+03 0.000000000000000000e+00 1.006599999999999939e+00 9.700000000000000289e-02 9.257356381802454015e-01
1.206176999999999907e+03 0.000000000000000000e+00 9.465999999999999970e-01 9.410000000000000309e-02 8.942292490132397464e-01
1.206206899999999905e+03 0.000000000000000000e+00 8.182000000000000384e-01 8.770000000000000018e-02 8.409988112503237190e-01
1.206236799999999903e+03 0.000000000000000000e+00 7.257000000000000117e-01 8.279999999999999860e-02 7.532302022126157182e-01
1.206266699999999901e+03 0.000000000000000000e+00 7.126000000000000112e-01 8.210000000000000631e-02 6.215763199094490599e-01
1.206296599999999899e+03 0.000000000000000000e+00 3.899000000000000243e-01 6.130000000000000032e-02 4.553075167735783357e-01
1.206326499999999896e+03 0.000000000000000000e+00 3.176999999999999824e-01 5.559999999999999665e-02 2.909614142137359472e-01
1.206356399999999894e+03 0.000000000000000000e+00 2.008000000000000063e-01 4.479999999999999954e-02 1.699215964829190462e-01
1.206386299999999892e+03 0.000000000000000000e+00 1.181999999999999995e-01 3.529999999999999805e-02 1.025285600863788948e-01
1.206416199999999890e+03 0.000000000000000000e+00 5.059999999999999915e-02 2.479999999999999913e-02 6.994731977332625805e-02
1.206446099999999888e+03 0.000000000000000000e+00 3.629999999999999893e-02 2.210000000000000159e-02 5.292165265748170755e-02
1.206476100000000088e+03 0.000000000000000000e+00 1.529999999999999936e-02 1.710000000000000062e-02 4.268367516608032042e-02
1.206506000000000085e+03 0.000000000000000000e+00 5.240000000000000213e-02 2.529999999999999957e-02 3.609809950060935413e-02
1.206535900000000083e+03 0.000000000000000000e+00 4.229999999999999732e-02 2.340000000000000066e-02 3.174506550330360999e-02
1.206565800000000081e+03 0.000000000000000000e+00 2.620000000000000107e-02 1.990000000000000102e-02 2.886832812539237916e-02
1.206595700000000079e+03 0.000000000000000000e+00 2.259999999999999856e-02 1.899999999999999953e-02 2.706087631809154029e-02
1.206625600000000077e+03 0.000000000000000000e+00 5.700000000000000205e-03 1.420000000000000082e-02 2.610820424040388374e-02
1.206655500000000075e+03 0.000000000000000000e+00 1.969999999999999876e-02 1.830000000000000029e-02 2.592273929918269271e-02
1.206685400000000072e+03 0.000000000000000000e+00 8.600000000000000006e-03 1.510000000000000057e-02 2.651871511495017611e-02
1.206715300000000070e+03 0.000000000000000000e+00 8.000000000000000167e-03 1.519999999999999997e-02 2.800631099219861794e-02
1.206745200000000068e+03 0.000000000000000000e+00 2.840000000000000163e-02 2.060000000000000026e-02 3.061860278792193427e-02
1.206775200000000041e+03 0.000000000000000000e+00 2.960000000000000131e-02 2.089999999999999844e-02 3.486223987096299243e-02
1.206805100000000039e+03 0.000000000000000000e+00 4.299999999999999656e-02 2.369999999999999885e-02 4.209968329616143451e-02
1.206835000000000036e+03 0.000000000000000000e+00 4.789999999999999813e-02 2.479999999999999913e-02 5.599122471912078292e-02
1.206864900000000034e+03 0.000000000000000000e+00 8.680000000000000215e-02 3.139999999999999736e-02 8.287972876388878529e-02
1.206894800000000032e+03 0.000000000000000000e+00 1.461999999999999966e-01 3.950000000000000039e-02 1.260768025515469071e-01
1.206924700000000030e+03 0.000000000000000000e+00 1.807999999999999885e-01 4.349999999999999700e-02 1.787398180874834319e-01
1.206954600000000028e+03 0.000000000000000000e+00 2.497999999999999943e-01 5.059999999999999915e-02 2.289438408167725481e-01
1.206984500000000025e+03 0.000000000000000000e+00 2.277000000000000135e-01 4.850000000000000144e-02 2.708662180365413175e-01
1.207014400000000023e+03 0.000000000000000000e+00 3.084000000000000075e-01 5.600000000000000117e-02 3.067283057675040392e-01
1.207044300000000021e+03 0.000000000000000000e+00 3.937999999999999834e-01 6.300000000000000044e-02 3.416715347647126810e-01
1.207074299999999994e+03 0.000000000000000000e+00 4.918000000000000149e-01 7.019999999999999851e-02 3.799075364602749194e-01
1.207104199999999992e+03 0.000000000000000000e+00 3.820000000000000062e-01 6.219999999999999835e-02 4.237444416307986073e-01
1.207134099999999989e+03 0.000000000000000000e+00 3.990000000000000213e-01 6.370000000000000662e-02 4.738125691046408128e-01
1.207163999999999987e+03 0.000000000000000000e+00 4.610000000000000209e-01 6.829999999999999960e-02 5.293884883183094248e-01
1.207193899999999985e+03 0.000000000000000000e+00 6.143999999999999462e-01 7.860000000000000320e-02 5.886769843052447326e-01
1.207223799999999983e+03 0.000000000000000000e+00 7.709000000000000297e-01 8.790000000000000591e-02 6.491568536618992358e-01
1.207253699999999981e+03 0.000000000000000000e+00 8.598999999999999977e-01 9.279999999999999361e-02 7.080145084091729046e-01
1.207283599999999979e+03 0.000000000000000000e+00 8.014999999999999902e-01 8.970000000000000195e-02 7.626135189239841017e-01
1.207313499999999976e+03 0.000000000000000000e+00 7.043000000000000371e-01 8.429999999999999993e-02 8.108936255875140997e-01
1.207343399999999974e+03 0.000000000000000000e+00 8.064999999999999947e-01 9.030000000000000526e-02 8.515963742280363569e-01
1.207373399999999947e+03 0.000000000000000000e+00 9.747000000000000108e-01 9.909999999999999365e-02 8.842594256393002672e-01
1.207403299999999945e+03 0.000000000000000000e+00 8.567000000000000171e-01 9.320000000000000506e-02 9.090350574330301470e-01
1.207433199999999943e+03 0.000000000000000000e+00 8.098999999999999533e-01 9.070000000000000284e-02 9.264523950924754558e-01
1.207463099999999940e+03 0.000000000000000000e+00 8.878000000000000336e-01 9.500000000000000111e-02 9.371173192070448854e-01
1.207492999999999938e+03 0.000000000000000000e+00 1.112500000000000044e+00 1.063000000000000056e-01 9.412665698581861307e-01
1.207522899999999936e+03 0.000000000000000000e+00 8.918000000000000371e-01 9.550000000000000155e-02 9.376231511007685482e-01
1.207552799999999934e+03 0.000000000000000000e+00 8.871999999999999886e-01 9.539999999999999869e-02 9.201936746728665018e-01
1.207582699999999932e+03 0.000000000000000000e+00 8.605000000000000426e-01 9.400000000000000022e-02 8.735503151556546220e-01
1.207612599999999929e+03 0.000000000000000000e+00 8.278999999999999693e-01 9.239999999999999603e-02 7.803999445082971942e-01
1.207642499999999927e+03 0.000000000000000000e+00 6.444999999999999618e-01 8.190000000000000058e-02 6.561064117334537427e-01
1.207672499999999900e+03 0.000000000000000000e+00 5.645999999999999908e-01 7.689999999999999614e-02 5.638155791603444156e-01
1.207702399999999898e+03 0.000000000000000000e+00 5.672000000000000375e-01 7.720000000000000473e-02 5.622473599164172775e-01
1.207732299999999896e+03 0.000000000000000000e+00 6.408000000000000362e-01 8.200000000000000344e-02 6.535663124291709591e-01
1.207762199999999893e+03 0.000000000000000000e+00 8.500999999999999668e-01 9.429999999999999494e-02 7.822592019017083897e-01
1.207792099999999891e+03 0.000000000000000000e+00 8.803999999999999604e-01 9.610000000000000486e-02 8.831955572974778956e-01
1.207821999999999889e+03 0.000000000000000000e+00 8.762999999999999678e-01 9.600000000000000200e-02 9.372779453970705443e-01
1.207851899999999887e+03 0.000000000000000000e+00 9.217999999999999527e-01 9.850000000000000422e-02 9.618907863739500907e-01
1.207881800000000112e+03 0.000000000000000000e+00 9.249000000000000554e-01 9.879999999999999893e-02 9.740912654627186251e-01
1.207911700000000110e+03 0.000000000000000000e+00 8.051000000000000378e-01 9.249999999999999889e-02 9.811253291799137966e-01
1.207941600000000108e+03 0.000000000000000000e+00 8.673999999999999488e-01 9.610000000000000486e-02 9.855623290213183507e-01
1.207971600000000080e+03 0.000000000000000000e+00 8.473000000000000531e-01 9.510000000000000397e-02 9.885471564978074444e-01
1.208001500000000078e+03 0.000000000000000000e+00 1.002899999999999903e+00 1.034999999999999948e-01 9.906632283335641276e-01
1.208031400000000076e+03 0.000000000000000000e+00 8.850000000000000089e-01 9.750000000000000333e-02 9.922294574446868243e-01
1.208061300000000074e+03 0.000000000000000000e+00 8.931000000000000050e-01 9.810000000000000664e-02 9.934314350823969519e-01
1.208091200000000072e+03 0.000000000000000000e+00 1.010599999999999943e+00 1.043000000000000038e-01 9.943815387597176869e-01
1.208121100000000069e+03 0.000000000000000000e+00 1.074799999999999978e+00 1.077000000000000041e-01 9.951506831162758582e-01
1.208151000000000067e+03 0.000000000000000000e+00 1.045299999999999896e+00 1.063999999999999946e-01 9.957854058678873299e-01
1.208180900000000065e+03 0.000000000000000000e+00 9.736000000000000210e-01 1.029000000000000054e-01 9.963173129214626389e-01
1.208210800000000063e+03 0.000000000000000000e+00 8.505000000000000338e-01 9.650000000000000244e-02 9.967685280138012249e-01
1.208240700000000061e+03 0.000000000000000000e+00 9.530999999999999472e-01 1.021999999999999992e-01 9.971549622879087860e-01
1.208270700000000033e+03 0.000000000000000000e+00 1.020599999999999952e+00 1.318999999999999895e-01 9.974850050335033469e-01
1.208300600000000031e+03 0.000000000000000000e+00 9.104999999999999760e-01 1.333999999999999908e-01 9.977579900368089838e-01
1.208330500000000029e+03 0.000000000000000000e+00 8.703999999999999515e-01 1.356999999999999873e-01 9.979790452487048436e-01
1.208360400000000027e+03 0.000000000000000000e+00 9.408999999999999586e-01 1.360000000000000098e-01 9.981537889283951248e-01
1.208390300000000025e+03 0.000000000000000000e+00 9.211000000000000298e-01 1.366999999999999882e-01 9.982869316695169859e-01
1.208420200000000023e+03 0.000000000000000000e+00 9.063999999999999835e-01 1.363000000000000045e-01 9.983822808467406329e-01
1.208450100000000020e+03 0.000000000000000000e+00 1.045099999999999918e+00 1.434999999999999887e-01 9.984427176016846817e-01
1.208480000000000018e+03 0.000000000000000000e+00 1.004599999999999937e+00 1.381999999999999895e-01 9.984704728970020815e-01
1.208509900000000016e+03 0.000000000000000000e+00 1.169899999999999940e+00 1.511000000000000121e-01 9.984673924240107246e-01
1.208539800000000014e+03 0.000000000000000000e+00 1.002199999999999980e+00 1.441999999999999948e-01 9.984351171763159449e-01
1.208569799999999987e+03 0.000000000000000000e+00 1.097900000000000098e+00 1.504999999999999949e-01 9.983751851982496373e-01
1.208599699999999984e+03 0.000000000000000000e+00 9.846000000000000307e-01 1.398999999999999966e-01 9.982890777185072784e-01
1.208629599999999982e+03 0.000000000000000000e+00 9.469999999999999529e-01 1.411000000000000032e-01 9.981782890607120429e-01
1.208659499999999980e+03 0.000000000000000000e+00 8.465000000000000302e-01 1.328000000000000014e-01 9.980444344219184805e-01
1.208689399999999978e+03 0.000000000000000000e+00 9.943999999999999506e-01 1.444000000000000006e-01 9.978892786831214945e-01
1.208719299999999976e+03 0.000000000000000000e+00 9.463000000000000300e-01 1.388000000000000067e-01 9.977144931142244433e-01
1.208749199999999973e+03 0.000000000000000000e+00 1.118600000000000039e+00 1.504999999999999949e-01 9.975206047199290937e-01
1.208779099999999971e+03 0.000000000000000000e+00 1.078500000000000014e+00 1.471999999999999975e-01 9.973071153334602812e-01
1.208808999999999969e+03 0.000000000000000000e+00 8.701999999999999735e-01 1.366999999999999882e-01 9.970728514981188617e-01
1.208838899999999967e+03 0.000000000000000000e+00 1.099399999999999933e+00 1.187000000000000000e-01 9.968160909086473120e-01
1.208868899999999940e+03 0.000000000000000000e+00 1.032000000000000028e+00 1.101000000000000034e-01 9.965346286127505504e-01
1.208898799999999937e+03 0.000000000000000000e+00 8.911000000000000032e-01 1.026999999999999996e-01 9.962257513054864067e-01
1.208928699999999935e+03 0.000000000000000000e+00 9.275999999999999801e-01 1.048999999999999932e-01 9.958861779895022970e-01
1.208958599999999933e+03 0.000000000000000000e+00 1.078600000000000003e+00 1.131999999999999951e-01 9.955119579683758824e-01
1.208988499999999931e+03 0.000000000000000000e+00 1.068699999999999983e+00 1.129000000000000004e-01 9.950982906785446058e-01
1.209018399999999929e+03 0.000000000000000000e+00 9.704000000000000403e-01 1.078999999999999959e-01 -9.999999999000000000e+09
1.209048299999999927e+03 0.000000000000000000e+00 8.984999999999999654e-01 1.040999999999999981e-01 -9.999999999000000000e+09
1.209078199999999924e+03 0.000000000000000000e+00 9.622000000000000552e-01 1.078999999999999959e-01 -9.999999999000000000e+09
1.209108099999999922e+03 0.000000000000000000e+00 9.438999999999999613e-01 1.071000000000000008e-01 -9.999999999000000000e+09
1.209137999999999920e+03 0.000000000000000000e+00 9.108000000000000540e-01 1.053999999999999937e-01 -9.999999999000000000e+09
1.209167999999999893e+03 0.000000000000000000e+00 9.736000000000000210e-01 1.092000000000000054e-01 -9.999999999000000000e+09
1.209197899999999890e+03 0.000000000000000000e+00 1.044399999999999995e+00 1.131999999999999951e-01 -9.999999999000000000e+09
1.209227799999999888e+03 0.000000000000000000e+00 1.005500000000000060e+00 1.113999999999999990e-01 -9.999999999000000000e+09
1.209257700000000114e+03 0.000000000000000000e+00 9.507999999999999785e-01 1.086000000000000021e-01 -9.999999999000000000e+09
1.209287600000000111e+03 0.000000000000000000e+00 1.117499999999999938e+00 1.179000000000000048e-01 -9.999999999000000000e+09
1.209317500000000109e+03 0.000000000000000000e+00 9.624000000000000332e-01 1.097999999999999948e-01 -9.999999999000000000e+09
1.209347400000000107e+03 0.000000000000000000e+00 8.726000000000000423e-01 1.048000000000000043e-01 -9.999999999000000000e+09
1.209377300000000105e+03 0.000000000000000000e+00 9.305999999999999828e-01 1.084999999999999992e-01 -9.999999999000000000e+09
1.209407200000000103e+03 0.000000000000000000e+00 1.127499999999999947e+00 1.194000000000000061e-01 -9.999999999000000000e+09
1.209437100000000100e+03 0.000000000000000000e+00 9.758999999999999897e-01 1.115000000000000019e-01 -9.999999999000000000e+09
1.209467100000000073e+03 0.000000000000000000e+00 1.007100000000000106e+00 1.134000000000000008e-01 -9.999999999000000000e+09
1.209497000000000071e+03 0.000000000000000000e+00 1.117199999999999971e+00 1.197000000000000008e-01 -9.999999999000000000e+09
1.209526900000000069e+03 0.000000000000000000e+00 1.058599999999999985e+00 1.168000000000000010e-01 -9.999999999000000000e+09
1.209556800000000067e+03 0.000000000000000000e+00 1.008899999999999908e+00 1.144000000000000017e-01 -9.999999999000000000e+09
1.209586700000000064e+03 0.000000000000000000e+00 1.031400000000000095e+00 1.159000000000000030e-01 -9.999999999000000000e+09
1.209616600000000062e+03 0.000000000000000000e+00 9.946000000000000396e-01 1.140999999999999931e-01 -9.999999999000000000e+09
1.209646500000000060e+03 0.000000000000000000e+00 9.074999999999999734e-01 1.093999999999999972e-01 -9.999999999000000000e+09
1.209676400000000058e+03 0.000000000000000000e+00 8.276999999999999913e-01 1.048999999999999932e-01 -9.999999999000000000e+09
