# Wave  Vhel  NormFlux  NormErr      Flux        Error       Continuum
1539.7573  -1635.61    0.9627    0.1374  4.1702e-15  5.9499e-16  4.3317e-15
1539.7940  -1628.51    0.9564    0.1370  4.1429e-15  5.9326e-16  4.3318e-15
1539.8307  -1621.40    0.8877    0.1321  3.8457e-15  5.7236e-16  4.3320e-15
1539.8673  -1614.30    1.0106    0.1407  4.3783e-15  6.0966e-16  4.3322e-15
1539.9040  -1607.19    0.7996    0.1257  3.4642e-15  5.4464e-16  4.3324e-15
1539.9407  -1600.09    0.9696    0.1380  4.2008e-15  5.9810e-16  4.3326e-15
1539.9774  -1592.99    0.7844    0.1247  3.3988e-15  5.4021e-16  4.3328e-15
1540.0141  -1585.88    0.9033    0.1335  3.9141e-15  5.7846e-16  4.3330e-15
1540.0508  -1578.78    0.9141    0.1343  3.9611e-15  5.8195e-16  4.3332e-15
1540.0875  -1571.67    0.8716    0.1313  3.7771e-15  5.6888e-16  4.3334e-15
1540.1242  -1564.57    1.0162    0.1414  4.4037e-15  6.1272e-16  4.3336e-15
1540.1609  -1557.46    1.0162    0.1414  4.4041e-15  6.1281e-16  4.3339e-15
1540.1976  -1550.36    1.1456    0.1498  4.9651e-15  6.4944e-16  4.3341e-15
1540.2342  -1543.25    1.1459    0.1498  4.9669e-15  6.4948e-16  4.3343e-15
1540.2709  -1536.15    0.9421    0.1363  4.0838e-15  5.9081e-16  4.3346e-15
1540.3076  -1529.04    0.7762    0.1242  3.3648e-15  5.3834e-16  4.3348e-15
1540.3443  -1521.94    0.9640    0.1379  4.1788e-15  5.9763e-16  4.3351e-15
1540.3810  -1514.83    1.0049    0.1406  4.3566e-15  6.0964e-16  4.3353e-15
1540.4177  -1507.73    0.9848    0.1393  4.2697e-15  6.0404e-16  4.3356e-15
1540.4544  -1500.63    0.9572    0.1374  4.1502e-15  5.9589e-16  4.3358e-15
1540.4911  -1493.52    0.9656    0.1380  4.1869e-15  5.9838e-16  4.3361e-15
1540.5278  -1486.42    0.7792    0.1245  3.3788e-15  5.3971e-16  4.3364e-15
1540.5645  -1479.31    0.9765    0.1388  4.2350e-15  6.0178e-16  4.3367e-15
1540.6011  -1472.21    0.9133    0.1344  3.9607e-15  5.8297e-16  4.3369e-15
1540.6378  -1465.10    1.0267    0.1422  4.4531e-15  6.1693e-16  4.3372e-15
1540.6745  -1458.00    0.9294    0.1355  4.0315e-15  5.8787e-16  4.3375e-15
1540.7112  -1450.89    0.8765    0.1318  3.8023e-15  5.7152e-16  4.3378e-15
1540.7479  -1443.79    1.0169    0.1415  4.4114e-15  6.1378e-16  4.3381e-15
1540.7846  -1436.68    1.0232    0.1419  4.4389e-15  6.1570e-16  4.3384e-15
1540.8213  -1429.58    0.8431    0.1292  3.6581e-15  5.6064e-16  4.3387e-15
1540.8580  -1422.48    0.9830    0.1392  4.2654e-15  6.0383e-16  4.3390e-15
1540.8947  -1415.37    0.8662    0.1308  3.7589e-15  5.6780e-16  4.3394e-15
1540.9314  -1408.27    0.8996    0.1333  3.9039e-15  5.7845e-16  4.3397e-15
1540.9680  -1401.16    0.9961    0.1400  4.3230e-15  6.0765e-16  4.3400e-15
1541.0047  -1394.06    0.8458    0.1293  3.6711e-15  5.6110e-16  4.3403e-15
1541.0414  -1386.95    1.0912    0.1463  4.7363e-15  6.3517e-16  4.3407e-15
1541.0781  -1379.85    0.8644    0.1306  3.7523e-15  5.6715e-16  4.3410e-15
1541.1148  -1372.74    0.8374    0.1287  3.6354e-15  5.5853e-16  4.3413e-15
1541.1515  -1365.64    1.0164    0.1413  4.4129e-15  6.1356e-16  4.3417e-15
1541.1882  -1358.53    0.9455    0.1364  4.1056e-15  5.9229e-16  4.3420e-15
1541.2249  -1351.43    0.7728    0.1237  3.3557e-15  5.3736e-16  4.3424e-15
1541.2616  -1344.32    1.0125    0.1410  4.3972e-15  6.1234e-16  4.3427e-15
1541.2983  -1337.22    0.9108    0.1339  3.9558e-15  5.8155e-16  4.3431e-15
1541.3349  -1330.12    0.7730    0.1237  3.3573e-15  5.3728e-16  4.3435e-15
1541.3716  -1323.01    0.7094    0.1186  3.0817e-15  5.1535e-16  4.3438e-15
1541.4083  -1315.91    0.9562    0.1370  4.1539e-15  5.9536e-16  4.3442e-15
1541.4450  -1308.80    1.0725    0.1449  4.6595e-15  6.2952e-16  4.3446e-15
1541.4817  -1301.70    0.9988    0.1400  4.3399e-15  6.0821e-16  4.3450e-15
1541.5184  -1294.59    1.0685    0.1447  4.6432e-15  6.2858e-16  4.3454e-15
1541.5551  -1287.49    1.0194    0.1414  4.4303e-15  6.1440e-16  4.3457e-15
1541.5918  -1280.38    0.8212    0.1274  3.5690e-15  5.5350e-16  4.3461e-15
1541.6285  -1273.28    1.1788    0.1518  5.1236e-15  6.5994e-16  4.3465e-15
1541.6652  -1266.17    0.9495    0.1366  4.1276e-15  5.9383e-16  4.3469e-15
1541.7018  -1259.07    0.9145    0.1341  3.9758e-15  5.8310e-16  4.3473e-15
1541.7385  -1251.96    0.9684    0.1380  4.2105e-15  6.0004e-16  4.3477e-15
1541.7752  -1244.86    1.0730    0.1451  4.6657e-15  6.3094e-16  4.3482e-15
1541.8119  -1237.76    0.9654    0.1378  4.1980e-15  5.9911e-16  4.3486e-15
1541.8486  -1230.65    0.9916    0.1396  4.3124e-15  6.0707e-16  4.3490e-15
1541.8853  -1223.55    1.0670    0.1446  4.6407e-15  6.2890e-16  4.3494e-15
1541.9220  -1216.44    1.0374    0.1427  4.5123e-15  6.2059e-16  4.3498e-15
1541.9587  -1209.34    0.8919    0.1326  3.8800e-15  5.7675e-16  4.3503e-15
1541.9954  -1202.23    0.8883    0.1324  3.8649e-15  5.7588e-16  4.3507e-15
1542.0321  -1195.13    0.8396    0.1288  3.6533e-15  5.6046e-16  4.3511e-15
1542.0687  -1188.02    0.9768    0.1387  4.2507e-15  6.0336e-16  4.3516e-15
1542.1054  -1180.92    1.0473    0.1434  4.5580e-15  6.2424e-16  4.3520e-15
1542.1421  -1173.81    1.0109    0.1410  4.3997e-15  6.1354e-16  4.3525e-15
1542.1788  -1166.71    1.0325    0.1424  4.4946e-15  6.2001e-16  4.3529e-15
1542.2155  -1159.60    0.7816    0.1244  3.4024e-15  5.4162e-16  4.3534e-15
1542.2522  -1152.50    0.8853    0.1322  3.8546e-15  5.7561e-16  4.3538e-15
1542.2889  -1145.40    0.9343    0.1357  4.0684e-15  5.9069e-16  4.3543e-15
1542.3256  -1138.29    0.9123    0.1342  3.9728e-15  5.8420e-16  4.3547e-15
1542.3623  -1131.19    0.6846    0.1168  2.9817e-15  5.0872e-16  4.3552e-15
1542.3990  -1124.08    1.0829    0.1458  4.7167e-15  6.3514e-16  4.3557e-15
1542.4356  -1116.98    1.0192    0.1416  4.4397e-15  6.1662e-16  4.3561e-15
1542.4723  -1109.87    0.8993    0.1332  3.9178e-15  5.8050e-16  4.3566e-15
1542.5090  -1102.77    0.9220    0.1349  4.0171e-15  5.8763e-16  4.3571e-15
1542.5457  -1095.66    0.9868    0.1394  4.3002e-15  6.0759e-16  4.3576e-15
1542.5824  -1088.56    1.0692    0.1450  4.6597e-15  6.3210e-16  4.3581e-15
1542.6191  -1081.45    0.8493    0.1297  3.7019e-15  5.6528e-16  4.3585e-15
1542.6558  -1074.35    1.2931    0.1591  5.6366e-15  6.9370e-16  4.3590e-15
1542.6925  -1067.24    1.0279    0.1423  4.4811e-15  6.2051e-16  4.3595e-15
1542.7292  -1060.14    1.0350    0.1428  4.5126e-15  6.2259e-16  4.3600e-15
1542.7659  -1053.04    0.9506    0.1370  4.1451e-15  5.9719e-16  4.3605e-15
1542.8025  -1045.93    1.2585    0.1570  5.4884e-15  6.8471e-16  4.3610e-15
1542.8392  -1038.83    1.0129    0.1412  4.4176e-15  6.1589e-16  4.3615e-15
1542.8759  -1031.72    0.8762    0.1317  3.8220e-15  5.7430e-16  4.3620e-15
1542.9126  -1024.62    0.9015    0.1334  3.9328e-15  5.8209e-16  4.3625e-15
1542.9493  -1017.51    1.2781    0.1582  5.5763e-15  6.9013e-16  4.3630e-15
1542.9860  -1010.41    1.0265    0.1422  4.4792e-15  6.2036e-16  4.3636e-15
1543.0227  -1003.30    1.0886    0.1463  4.7509e-15  6.3838e-16  4.3641e-15
1543.0594   -996.20    0.9766    0.1388  4.2625e-15  6.0562e-16  4.3646e-15
1543.0961   -989.09    0.9228    0.1350  4.0281e-15  5.8938e-16  4.3651e-15
1543.1328   -981.99    0.8777    0.1318  3.8316e-15  5.7530e-16  4.3656e-15
1543.1694   -974.88    0.9525    0.1371  4.1589e-15  5.9872e-16  4.3662e-15
1543.2061   -967.78    0.9516    0.1371  4.1553e-15  5.9864e-16  4.3667e-15
1543.2428   -960.68    0.9576    0.1375  4.1822e-15  6.0053e-16  4.3672e-15
1543.2795   -953.57    0.8687    0.1311  3.7944e-15  5.7274e-16  4.3678e-15
1543.3162   -946.47    0.9786    0.1389  4.2750e-15  6.0690e-16  4.3683e-15
1543.3529   -939.36    1.0037    0.1407  4.3850e-15  6.1457e-16  4.3688e-15
1543.3896   -932.26    1.1292    0.1490  4.9339e-15  6.5107e-16  4.3694e-15
1543.4263   -925.15    0.9000    0.1335  3.9329e-15  5.8324e-16  4.3699e-15
1543.4630   -918.05    1.0444    0.1435  4.5647e-15  6.2700e-16  4.3705e-15
1543.4997   -910.94    0.9157    0.1346  4.0025e-15  5.8826e-16  4.3710e-15
1543.5363   -903.84    1.0255    0.1422  4.4832e-15  6.2162e-16  4.3716e-15
1543.5730   -896.73    0.9987    0.1403  4.3665e-15  6.1360e-16  4.3721e-15
1543.6097   -889.63    1.0460    0.1435  4.5737e-15  6.2765e-16  4.3727e-15
1543.6464   -882.52    0.9489    0.1369  4.1499e-15  5.9858e-16  4.3733e-15
1543.6831   -875.42    0.8810    0.1320  3.8532e-15  5.7748e-16  4.3738e-15
1543.7198   -868.32    0.8337    0.1286  3.6469e-15  5.6252e-16  4.3744e-15
1543.7565   -861.21    0.8362    0.1288  3.6585e-15  5.6333e-16  4.3749e-15
1543.7932   -854.11    0.9925    0.1399  4.3426e-15  6.1196e-16  4.3755e-15
1543.8299   -847.00    0.7815    0.1246  3.4199e-15  5.4518e-16  4.3761e-15
1543.8666   -839.90    1.0531    0.1440  4.6091e-15  6.3017e-16  4.3766e-15
1543.9032   -832.79    0.8235    0.1277  3.6047e-15  5.5918e-16  4.3772e-15
1543.9399   -825.69    0.8684    0.1311  3.8015e-15  5.7415e-16  4.3778e-15
1543.9766   -818.58    0.9253    0.1353  4.0514e-15  5.9241e-16  4.3784e-15
1544.0133   -811.48    1.0646    0.1449  4.6616e-15  6.3433e-16  4.3790e-15
1544.0500   -804.37    0.8601    0.1306  3.7670e-15  5.7197e-16  4.3795e-15
1544.0867   -797.27    1.0463    0.1436  4.5830e-15  6.2914e-16  4.3801e-15
1544.1234   -790.16    1.0006    0.1406  4.3832e-15  6.1576e-16  4.3807e-15
1544.1601   -783.06    0.8706    0.1314  3.8145e-15  5.7571e-16  4.3813e-15
1544.1968   -775.96    0.9596    0.1378  4.2047e-15  6.0365e-16  4.3819e-15
1544.2335   -768.85    1.1919    0.1531  5.2235e-15  6.7097e-16  4.3825e-15
1544.2701   -761.75    0.8598    0.1307  3.7684e-15  5.7266e-16  4.3831e-15
1544.3068   -754.64    0.9936    0.1401  4.3557e-15  6.1430e-16  4.3836e-15
1544.3435   -747.54    0.7191    0.1199  3.1527e-15  5.2549e-16  4.3842e-15
1544.3802   -740.43    1.0383    0.1432  4.5527e-15  6.2784e-16  4.3848e-15
1544.4169   -733.33    0.8498    0.1299  3.7269e-15  5.6975e-16  4.3854e-15
1544.4536   -726.22    0.9391    0.1364  4.1188e-15  5.9814e-16  4.3860e-15
1544.4903   -719.12    1.1964    0.1534  5.2484e-15  6.7295e-16  4.3866e-15
1544.5270   -712.01    1.1614    0.1512  5.0955e-15  6.6352e-16  4.3872e-15
1544.5637   -704.91    1.0966    0.1471  4.8118e-15  6.4534e-16  4.3878e-15
1544.6004   -697.80    0.9705    0.1386  4.2588e-15  6.0816e-16  4.3885e-15
1544.6370   -690.70    1.0145    0.1416  4.4527e-15  6.2144e-16  4.3891e-15
1544.6737   -683.60    0.9687    0.1385  4.2521e-15  6.0802e-16  4.3897e-15
1544.7104   -676.49    1.1733    0.1520  5.1510e-15  6.6715e-16  4.3903e-15
1544.7471   -669.39    1.0194    0.1419  4.4759e-15  6.2326e-16  4.3909e-15
1544.7838   -662.28    1.0277    0.1425  4.5134e-15  6.2598e-16  4.3915e-15
1544.8205   -655.18    1.2157    0.1547  5.3395e-15  6.7936e-16  4.3921e-15
1544.8572   -648.07    1.1278    0.1491  4.9542e-15  6.5508e-16  4.3927e-15
1544.8939   -640.97    1.0185    0.1419  4.4745e-15  6.2339e-16  4.3934e-15
1544.9306   -633.86    0.8798    0.1322  3.8657e-15  5.8075e-16  4.3940e-15
1544.9673   -626.76    1.0200    0.1420  4.4826e-15  6.2384e-16  4.3946e-15
1545.0039   -619.65    1.0391    0.1433  4.5673e-15  6.2994e-16  4.3952e-15
1545.0406   -612.55    1.0329    0.1528  4.5403e-15  6.7173e-16  4.3958e-15
1545.0773   -605.44    0.9442    0.1847  4.1510e-15  8.1208e-16  4.3965e-15
1545.1140   -598.34    0.9498    0.1863  4.1764e-15  8.1928e-16  4.3971e-15
1545.1507   -591.24    1.0058    0.1790  4.4231e-15  7.8720e-16  4.3977e-15
1545.1874   -584.13    0.9595    0.1837  4.2202e-15  8.0812e-16  4.3983e-15
1545.2241   -577.03    0.9535    0.1836  4.1945e-15  8.0749e-16  4.3990e-15
1545.2608   -569.92    0.9329    0.1865  4.1042e-15  8.2056e-16  4.3996e-15
1545.2975   -562.82    0.8991    0.1806  3.9561e-15  7.9487e-16  4.4002e-15
1545.3342   -555.71    1.2160    0.2021  5.3515e-15  8.8958e-16  4.4008e-15
1545.3708   -548.61    0.9767    0.1879  4.2988e-15  8.2697e-16  4.4015e-15
1545.4075   -541.50    1.1217    0.2021  4.9380e-15  8.8958e-16  4.4021e-15
1545.4442   -534.40    1.0178    0.1862  4.4812e-15  8.1960e-16  4.4027e-15
1545.4809   -527.29    0.9783    0.1812  4.3080e-15  7.9795e-16  4.4034e-15
1545.5176   -520.19    0.9482    0.1802  4.1758e-15  7.9361e-16  4.4040e-15
1545.5543   -513.08    0.9108    0.1477  4.0119e-15  6.5061e-16  4.4046e-15
1545.5910   -505.98    1.0127    0.1417  4.4613e-15  6.2413e-16  4.4053e-15
1545.6277   -498.88    0.8913    0.1333  3.9268e-15  5.8709e-16  4.4059e-15
1545.6644   -491.77    1.1174    0.1487  4.9238e-15  6.5516e-16  4.4066e-15
1545.7011   -484.67    1.0651    0.1453  4.6939e-15  6.4019e-16  4.4072e-15
1545.7377   -477.56    1.0729    0.1458  4.7293e-15  6.4256e-16  4.4078e-15
1545.7744   -470.46    1.0917    0.1470  4.8129e-15  6.4802e-16  4.4085e-15
1545.8111   -463.35    0.9160    0.1350  4.0390e-15  5.9528e-16  4.4091e-15
1545.8478   -456.25    1.0344    0.1432  4.5617e-15  6.3147e-16  4.4098e-15
1545.8845   -449.14    1.0926    0.1470  4.8186e-15  6.4842e-16  4.4104e-15
1545.9212   -442.04    1.0076    0.1414  4.4444e-15  6.2365e-16  4.4110e-15
1545.9579   -434.93    1.2331    0.1560  5.4400e-15  6.8811e-16  4.4117e-15
1545.9946   -427.83    0.8794    0.1323  3.8803e-15  5.8389e-16  4.4123e-15
1546.0313   -420.73    1.0113    0.1416  4.4627e-15  6.2496e-16  4.4130e-15
1546.0680   -413.62    0.9542    0.1377  4.2115e-15  6.0785e-16  4.4136e-15
1546.1046   -406.52    1.1656    0.1517  5.1451e-15  6.6975e-16  4.4142e-15
1546.1413   -399.41    1.0591    0.1448  4.6760e-15  6.3936e-16  4.4149e-15
1546.1780   -392.31    0.9125    0.1348  4.0291e-15  5.9507e-16  4.4155e-15
1546.2147   -385.20    1.0611    0.1450  4.6860e-15  6.4048e-16  4.4162e-15
1546.2514   -378.10    1.0602    0.1450  4.6829e-15  6.4031e-16  4.4168e-15
1546.2881   -370.99    0.9440    0.1370  4.1699e-15  6.0532e-16  4.4175e-15
1546.3248   -363.89    0.9356    0.1364  4.1335e-15  6.0279e-16  4.4181e-15
1546.3615   -356.78    0.9045    0.1343  3.9967e-15  5.9326e-16  4.4188e-15
1546.3982   -349.68    1.0040    0.1412  4.4369e-15  6.2408e-16  4.4194e-15
1546.4349   -342.57    0.9316    0.1477  4.1179e-15  6.5275e-16  4.4201e-15
1546.4715   -335.47    0.9184    0.1727  4.0600e-15  7.6350e-16  4.4207e-15
1546.5082   -328.37    1.0811    0.1905  4.7799e-15  8.4217e-16  4.4213e-15
1546.5449   -321.26    1.1263    0.2043  4.9805e-15  9.0323e-16  4.4220e-15
1546.5816   -314.16    1.1327    0.2034  5.0094e-15  8.9953e-16  4.4226e-15
1546.6183   -307.05    1.2158    0.2089  5.3777e-15  9.2401e-16  4.4233e-15
1546.6550   -299.95    0.9023    0.1912  3.9918e-15  8.4572e-16  4.4239e-15
1546.6917   -292.84    1.2160    0.2117  5.3804e-15  9.3674e-16  4.4246e-15
1546.7284   -285.74    0.8228    0.1772  3.6413e-15  7.8436e-16  4.4252e-15
1546.7651   -278.63    0.9840    0.1866  4.3551e-15  8.2570e-16  4.4259e-15
1546.8018   -271.53    0.8366    0.1780  3.7031e-15  7.8774e-16  4.4265e-15
1546.8384   -264.42    0.8712    0.1757  3.8570e-15  7.7802e-16  4.4272e-15
1546.8751   -257.32    1.1246    0.2003  4.9796e-15  8.8707e-16  4.4278e-15
1546.9118   -250.21    0.9449    0.1867  4.1846e-15  8.2671e-16  4.4284e-15
1546.9485   -243.11    1.0273    0.1911  4.5499e-15  8.4639e-16  4.4291e-15
1546.9852   -236.01    0.8053    0.1697  3.5673e-15  7.5156e-16  4.4297e-15
1547.0219   -228.90    1.0626    0.1775  4.7077e-15  7.8640e-16  4.4304e-15
1547.0586   -221.80    1.0018    0.1422  4.4390e-15  6.3000e-16  4.4310e-15
1547.0953   -214.69    0.9052    0.1341  4.0113e-15  5.9445e-16  4.4317e-15
1547.1320   -207.59    1.0090    0.1414  4.4721e-15  6.2669e-16  4.4323e-15
1547.1687   -200.48    0.9500    0.1373  4.2111e-15  6.0860e-16  4.4329e-15
1547.2053   -193.38    0.8680    0.1315  3.8485e-15  5.8290e-16  4.4336e-15
1547.2420   -186.27    1.0181    0.1420  4.5143e-15  6.2964e-16  4.4342e-15
1547.2787   -179.17    1.1399    0.1500  5.0553e-15  6.6526e-16  4.4349e-15
1547.3154   -172.06    0.9339    0.1362  4.1425e-15  6.0415e-16  4.4355e-15
1547.3521   -164.96    0.9807    0.1394  4.3504e-15  6.1861e-16  4.4361e-15
1547.3888   -157.85    0.8184    0.1278  3.6312e-15  5.6689e-16  4.4368e-15
1547.4255   -150.75    0.8872    0.1328  3.9369e-15  5.8931e-16  4.4374e-15
1547.4622   -143.65    0.9011    0.1339  3.9992e-15  5.9408e-16  4.4381e-15
1547.4989   -136.54    0.9915    0.1402  4.4010e-15  6.2215e-16  4.4387e-15
1547.5356   -129.44    0.9732    0.1389  4.3202e-15  6.1672e-16  4.4393e-15
1547.5722   -122.33    0.9579    0.1379  4.2530e-15  6.1207e-16  4.4400e-15
1547.6089   -115.23    1.0101    0.1414  4.4857e-15  6.2804e-16  4.4406e-15
1547.6456   -108.12    0.8871    0.1328  3.9400e-15  5.8977e-16  4.4412e-15
1547.6823   -101.02    0.9214    0.1352  4.0925e-15  6.0075e-16  4.4419e-15
1547.7190    -93.91    0.9506    0.1373  4.2231e-15  6.0980e-16  4.4425e-15
1547.7557    -86.81    0.9183    0.1350  4.0800e-15  6.0003e-16  4.4431e-15
1547.7924    -79.70    0.9017    0.1339  4.0068e-15  5.9502e-16  4.4438e-15
1547.8291    -72.60    0.7856    0.1252  3.4917e-15  5.5656e-16  4.4444e-15
1547.8658    -65.49    0.8740    0.1319  3.8851e-15  5.8610e-16  4.4450e-15
1547.9025    -58.39    0.8415    0.1295  3.7411e-15  5.7559e-16  4.4456e-15
1547.9391    -51.29    1.0135    0.1416  4.5065e-15  6.2964e-16  4.4463e-15
1547.9758    -44.18    0.7105    0.1192  3.1595e-15  5.3027e-16  4.4469e-15
1548.0125    -37.08    0.6112    0.1110  2.7184e-15  4.9352e-16  4.4475e-15
1548.0492    -29.97    0.5390    0.1045  2.3976e-15  4.6475e-16  4.4481e-15
1548.0859    -22.87    0.5436    0.1049  2.4182e-15  4.6651e-16  4.4488e-15
1548.1226    -15.76    0.5611    0.1065  2.4964e-15  4.7382e-16  4.4494e-15
1548.1593     -8.66    0.5685    0.1072  2.5298e-15  4.7717e-16  4.4500e-15
1548.1960     -1.55    0.4272    0.0937  1.9012e-15  4.1706e-16  4.4506e-15
1548.2327      5.55    0.5380    0.1046  2.3947e-15  4.6540e-16  4.4512e-15
1548.2694     12.66    0.5262    0.1035  2.3424e-15  4.6056e-16  4.4519e-15
1548.3060     19.76    0.3275    0.0829  1.4582e-15  3.6896e-16  4.4525e-15
1548.3427     26.87    0.3359    0.0839  1.4957e-15  3.7359e-16  4.4531e-15
1548.3794     33.97    0.7072    0.1191  3.1495e-15  5.3057e-16  4.4537e-15
1548.4161     41.07    0.4549    0.0965  2.0263e-15  4.3000e-16  4.4543e-15
1548.4528     48.18    0.2777    0.0768  1.2369e-15  3.4219e-16  4.4549e-15
1548.4895     55.28    0.3821    0.0890  1.7026e-15  3.9655e-16  4.4555e-15
1548.5262     62.39    0.7776    0.1247  3.4650e-15  5.5566e-16  4.4561e-15
1548.5629     69.49    0.7095    0.1193  3.1621e-15  5.3182e-16  4.4567e-15
1548.5996     76.60    0.4617    0.0972  2.0579e-15  4.3342e-16  4.4573e-15
1548.6363     83.70    0.6220    0.1120  2.7731e-15  4.9934e-16  4.4579e-15
1548.6729     90.81    0.5755    0.1080  2.5660e-15  4.8153e-16  4.4585e-15
1548.7096     97.91    0.6085    0.1109  2.7134e-15  4.9466e-16  4.4591e-15
1548.7463    105.02    0.8410    0.1296  3.7506e-15  5.7779e-16  4.4597e-15
1548.7830    112.12    1.0092    0.1415  4.5012e-15  6.3129e-16  4.4603e-15
1548.8197    119.23    1.1001    0.1707  4.9075e-15  7.6164e-16  4.4609e-15
1548.8564    126.33    0.7754    0.1685  3.4593e-15  7.5180e-16  4.4615e-15
1548.8931    133.43    0.9181    0.1889  4.0968e-15  8.4286e-16  4.4621e-15
1548.9298    140.54    1.0072    0.1889  4.4947e-15  8.4282e-16  4.4627e-15
1548.9665    147.64    1.3353    0.2106  5.9597e-15  9.3999e-16  4.4633e-15
1549.0032    154.75    0.9295    0.1742  4.1493e-15  7.7760e-16  4.4639e-15
1549.0398    161.85    1.0070    0.1917  4.4957e-15  8.5586e-16  4.4645e-15
1549.0765    168.96    0.8219    0.1706  3.6697e-15  7.6164e-16  4.4650e-15
1549.1132    176.06    1.1154    0.1941  4.9810e-15  8.6688e-16  4.4656e-15
1549.1499    183.17    0.9318    0.1843  4.1616e-15  8.2326e-16  4.4662e-15
1549.1866    190.27    0.9778    0.1905  4.3678e-15  8.5101e-16  4.4668e-15
1549.2233    197.38    0.8235    0.1695  3.6789e-15  7.5723e-16  4.4673e-15
1549.2600    204.48    0.7143    0.1584  3.1912e-15  7.0789e-16  4.4679e-15
1549.2967    211.59    1.0064    0.1847  4.4969e-15  8.2531e-16  4.4685e-15
1549.3334    218.69    0.8725    0.1699  3.8993e-15  7.5941e-16  4.4691e-15
1549.3701    225.79    0.8463    0.1715  3.7827e-15  7.6634e-16  4.4696e-15
1549.4067    232.90    0.9050    0.1808  4.0456e-15  8.0810e-16  4.4702e-15
1549.4434    240.00    0.9785    0.1683  4.3748e-15  7.5248e-16  4.4707e-15
1549.4801    247.11    0.7773    0.1247  3.4755e-15  5.5778e-16  4.4713e-15
1549.5168    254.21    0.7526    0.1229  3.3657e-15  5.4969e-16  4.4719e-15
1549.5535    261.32    0.5858    0.1090  2.6200e-15  4.8764e-16  4.4724e-15
1549.5902    268.42    0.6114    0.1113  2.7346e-15  4.9764e-16  4.4730e-15
1549.6269    275.53    0.7392    0.1219  3.3067e-15  5.4511e-16  4.4735e-15
1549.6636    282.63    0.7263    0.1209  3.2497e-15  5.4080e-16  4.4741e-15
1549.7003    289.74    0.7936    0.1261  3.5511e-15  5.6445e-16  4.4746e-15
1549.7370    296.84    0.9031    0.1342  4.0416e-15  6.0069e-16  4.4751e-15
1549.7736    303.95    0.7342    0.1215  3.2860e-15  5.4380e-16  4.4757e-15
1549.8103    311.05    0.8121    0.1276  3.6351e-15  5.7096e-16  4.4762e-15
1549.8470    318.15    0.9264    0.1359  4.1473e-15  6.0837e-16  4.4768e-15
1549.8837    325.26    0.7133    0.1198  3.1939e-15  5.3622e-16  4.4773e-15
1549.9204    332.36    0.8820    0.1326  3.9496e-15  5.9387e-16  4.4778e-15
1549.9571    339.47    1.0800    0.1462  4.8365e-15  6.5495e-16  4.4784e-15
1549.9938    346.57    1.0453    0.1439  4.6816e-15  6.4469e-16  4.4789e-15
1550.0305    353.68    1.2061    0.1543  5.4024e-15  6.9127e-16  4.4794e-15
1550.0672    360.78    0.9588    0.1380  4.2951e-15  6.1838e-16  4.4799e-15
1550.1039    367.89    1.0597    0.1449  4.7477e-15  6.4921e-16  4.4804e-15
1550.1405    374.99    1.2094    0.1546  5.4193e-15  6.9262e-16  4.4810e-15
1550.1772    382.10    0.8902    0.1332  3.9892e-15  5.9687e-16  4.4815e-15
1550.2139    389.20    1.4167    0.1670  6.3497e-15  7.4864e-16  4.4820e-15
1550.2506    396.31    0.8403    0.1295  3.7669e-15  5.8047e-16  4.4825e-15
1550.2873    403.41    1.0349    0.1433  4.6394e-15  6.4235e-16  4.4830e-15
1550.3240    410.51    0.9936    0.1405  4.4550e-15  6.2993e-16  4.4835e-15
1550.3607    417.62    1.1293    0.1496  5.0637e-15  6.7073e-16  4.4840e-15
1550.3974    424.72    0.8295    0.1288  3.7199e-15  5.7747e-16  4.4845e-15
1550.4341    431.83    1.0084    0.1415  4.5228e-15  6.3473e-16  4.4850e-15
1550.4708    438.93    1.1324    0.1498  5.0792e-15  6.7173e-16  4.4855e-15
1550.5074    446.04    0.7086    0.1194  3.1788e-15  5.3546e-16  4.4860e-15
1550.5441    453.14    0.7865    0.1255  3.5286e-15  5.6318e-16  4.4864e-15
1550.5808    460.25    0.8162    0.1278  3.6621e-15  5.7345e-16  4.4869e-15
1550.6175    467.35    0.7460    0.1224  3.3475e-15  5.4924e-16  4.4874e-15
1550.6542    474.46    0.8405    0.1297  3.7720e-15  5.8192e-16  4.4879e-15
1550.6909    481.56    0.7254    0.1208  3.2559e-15  5.4240e-16  4.4883e-15
1550.7276    488.67    0.7154    0.1201  3.2114e-15  5.3890e-16  4.4888e-15
1550.7643    495.77    0.9268    0.1360  4.1606e-15  6.1040e-16  4.4893e-15
1550.8010    502.87    0.7984    0.1265  3.5844e-15  5.6810e-16  4.4897e-15
1550.8377    509.98    0.6411    0.1139  2.8786e-15  5.1131e-16  4.4902e-15
1550.8743    517.08    0.7463    0.1224  3.3514e-15  5.4976e-16  4.4906e-15
1550.9110    524.19    0.5858    0.1090  2.6309e-15  4.8940e-16  4.4911e-15
1550.9477    531.29    0.8900    0.1332  3.9976e-15  5.9838e-16  4.4916e-15
1550.9844    538.40    0.6339    0.1131  2.8476e-15  5.0801e-16  4.4920e-15
1551.0211    545.50    0.5686    0.1073  2.5543e-15  4.8208e-16  4.4924e-15
1551.0578    552.61    0.5854    0.1089  2.6300e-15  4.8919e-16  4.4929e-15
1551.0945    559.71    0.7109    0.1196  3.1942e-15  5.3718e-16  4.4933e-15
1551.1312    566.82    0.7365    0.1217  3.3096e-15  5.4679e-16  4.4937e-15
1551.1679    573.92    0.7305    0.1212  3.2828e-15  5.4463e-16  4.4942e-15
1551.2046    581.02    0.6953    0.1184  3.1252e-15  5.3231e-16  4.4946e-15
1551.2412    588.13    0.6202    0.1122  2.7876e-15  5.0421e-16  4.4950e-15
1551.2779    595.23    1.1100    0.1485  4.9900e-15  6.6751e-16  4.4954e-15
1551.3146    602.34    0.7406    0.1221  3.3296e-15  5.4894e-16  4.4959e-15
1551.3513    609.44    0.8316    0.1291  3.7389e-15  5.8054e-16  4.4963e-15
1551.3880    616.55    0.8400    0.1298  3.7774e-15  5.8364e-16  4.4967e-15
1551.4247    623.65    1.0840    0.1469  4.8748e-15  6.6048e-16  4.4971e-15
1551.4614    630.76    1.0911    0.1474  4.9070e-15  6.6287e-16  4.4975e-15
1551.4981    637.86    0.9838    0.1401  4.4251e-15  6.3020e-16  4.4979e-15
1551.5348    644.97    1.0347    0.1436  4.6544e-15  6.4599e-16  4.4983e-15
1551.5715    652.07    0.9278    0.1362  4.1739e-15  6.1286e-16  4.4987e-15
1551.6081    659.18    1.1148    0.1489  5.0155e-15  6.6979e-16  4.4990e-15
1551.6448    666.28    1.0391    0.1439  4.6755e-15  6.4746e-16  4.4994e-15
1551.6815    673.38    0.9210    0.1357  4.1443e-15  6.1071e-16  4.4998e-15
1551.7182    680.49    1.0218    0.1427  4.5981e-15  6.4221e-16  4.5002e-15
1551.7549    687.59    0.8085    0.1274  3.6385e-15  5.7348e-16  4.5005e-15
1551.7916    694.70    0.8502    0.1306  3.8265e-15  5.8763e-16  4.5009e-15
1551.8283    701.80    1.1011    0.1480  4.9565e-15  6.6617e-16  4.5013e-15
1551.8650    708.91    1.0661    0.1457  4.7990e-15  6.5570e-16  4.5016e-15
1551.9017    716.01    1.0009    0.1412  4.5058e-15  6.3575e-16  4.5020e-15
1551.9384    723.12    0.6465    0.1144  2.9109e-15  5.1506e-16  4.5023e-15
1551.9750    730.22    1.1051    0.1482  4.9757e-15  6.6748e-16  4.5027e-15
1552.0117    737.33    0.8205    0.1283  3.6946e-15  5.7770e-16  4.5030e-15
1552.0484    744.43    0.7576    0.1235  3.4117e-15  5.5604e-16  4.5034e-15
1552.0851    751.54    0.7028    0.1191  3.1652e-15  5.3635e-16  4.5037e-15
1552.1218    758.64    0.7262    0.1210  3.2710e-15  5.4497e-16  4.5040e-15
1552.1585    765.74    1.0586    0.1453  4.7684e-15  6.5426e-16  4.5044e-15
1552.1952    772.85    1.0257    0.1430  4.6203e-15  6.4426e-16  4.5047e-15
1552.2319    779.95    0.9039    0.1346  4.0719e-15  6.0615e-16  4.5050e-15
1552.2686    787.06    0.5853    0.1092  2.6368e-15  4.9196e-16  4.5053e-15
1552.3053    794.16    1.0538    0.1449  4.7480e-15  6.5291e-16  4.5056e-15
1552.3419    801.27    0.8813    0.1328  3.9711e-15  5.9830e-16  4.5059e-15
1552.3786    808.37    0.8634    0.1314  3.8906e-15  5.9225e-16  4.5062e-15
1552.4153    815.48    0.9099    0.1348  4.1005e-15  6.0743e-16  4.5065e-15
1552.4520    822.58    0.8686    0.1318  3.9146e-15  5.9382e-16  4.5068e-15
1552.4887    829.69    1.1168    0.1489  5.0335e-15  6.7114e-16  4.5071e-15
1552.5254    836.79    1.0470    0.1443  4.7190e-15  6.5028e-16  4.5074e-15
1552.5621    843.90    0.9643    0.1386  4.3468e-15  6.2480e-16  4.5077e-15
1552.5988    851.00    0.9095    0.1347  4.0999e-15  6.0702e-16  4.5079e-15
1552.6355    858.10    0.9664    0.1387  4.3569e-15  6.2547e-16  4.5082e-15
1552.6722    865.21    0.8621    0.1312  3.8866e-15  5.9169e-16  4.5085e-15
1552.7088    872.31    0.8937    0.1336  4.0296e-15  6.0231e-16  4.5087e-15
1552.7455    879.42    1.0392    0.1438  4.6855e-15  6.4827e-16  4.5090e-15
1552.7822    886.52    0.9409    0.1370  4.2426e-15  6.1776e-16  4.5092e-15
1552.8189    893.63    1.1064    0.1483  4.9892e-15  6.6860e-16  4.5095e-15
1552.8556    900.73    1.1800    0.1531  5.3217e-15  6.9024e-16  4.5097e-15
1552.8923    907.84    0.9862    0.1402  4.4478e-15  6.3250e-16  4.5099e-15
1552.9290    914.94    1.0488    0.1446  4.7301e-15  6.5229e-16  4.5102e-15
1552.9657    922.05    1.0806    0.1467  4.8739e-15  6.6173e-16  4.5104e-15
1553.0024    929.15    0.9924    0.1407  4.4761e-15  6.3480e-16  4.5106e-15
1553.0391    936.26    0.9027    0.1344  4.0720e-15  6.0645e-16  4.5108e-15
1553.0757    943.36    1.2449    0.1573  5.6158e-15  7.0940e-16  4.5111e-15
1553.1124    950.46    0.9374    0.1369  4.2286e-15  6.1779e-16  4.5113e-15
1553.1491    957.57    0.9954    0.1410  4.4908e-15  6.3607e-16  4.5115e-15
1553.1858    964.67    1.0791    0.1467  4.8686e-15  6.6170e-16  4.5117e-15
1553.2225    971.78    1.3232    0.1620  5.9701e-15  7.3113e-16  4.5119e-15
1553.2592    978.88    1.1194    0.1493  5.0509e-15  6.7380e-16  4.5120e-15
1553.2959    985.99    0.9792    0.1399  4.4182e-15  6.3131e-16  4.5122e-15
1553.3326    993.09    1.1006    0.1481  4.9665e-15  6.6832e-16  4.5124e-15
1553.3693   1000.20    0.9939    0.1409  4.4852e-15  6.3599e-16  4.5126e-15
1553.4060   1007.30    1.1179    0.1492  5.0448e-15  6.7349e-16  4.5127e-15
1553.4426   1014.41    0.8985    0.1342  4.0549e-15  6.0571e-16  4.5129e-15
1553.4793   1021.51    1.1291    0.1500  5.0959e-15  6.7697e-16  4.5131e-15
1553.5160   1028.62    1.0631    0.1457  4.7981e-15  6.5764e-16  4.5132e-15
1553.5527   1035.72    1.0610    0.1456  4.7886e-15  6.5712e-16  4.5134e-15
1553.5894   1042.82    1.2182    0.1558  5.4985e-15  7.0314e-16  4.5135e-15
1553.6261   1049.93    1.2758    0.1594  5.7587e-15  7.1941e-16  4.5136e-15
1553.6628   1057.03    1.1337    0.1505  5.1174e-15  6.7915e-16  4.5138e-15
1553.6995   1064.14    0.9890    0.1408  4.4642e-15  6.3563e-16  4.5139e-15
1553.7362   1071.24    0.9849    0.1406  4.4460e-15  6.3457e-16  4.5140e-15
1553.7729   1078.35    0.8536    0.1312  3.8532e-15  5.9203e-16  4.5141e-15
1553.8095   1085.45    0.9353    0.1372  4.2222e-15  6.1915e-16  4.5142e-15
1553.8462   1092.56    1.0458    0.1448  4.7212e-15  6.5362e-16  4.5143e-15
1553.8829   1099.66    0.8547    0.1313  3.8587e-15  5.9282e-16  4.5144e-15
1553.9196   1106.77    0.9752    0.1400  4.4024e-15  6.3184e-16  4.5145e-15
1553.9563   1113.87    1.0323    0.1439  4.6606e-15  6.4964e-16  4.5146e-15
1553.9930   1120.98    0.7817    0.1258  3.5291e-15  5.6792e-16  4.5147e-15
1554.0297   1128.08    0.9198    0.1361  4.1525e-15  6.1427e-16  4.5148e-15
1554.0664   1135.18    1.1126    0.1492  5.0232e-15  6.7348e-16  4.5148e-15
1554.1031   1142.29    0.9222    0.1362  4.1638e-15  6.1489e-16  4.5149e-15
1554.1398   1149.39    1.0149    0.1426  4.5820e-15  6.4388e-16  4.5150e-15
1554.1764   1156.50    1.0415    0.1445  4.7024e-15  6.5223e-16  4.5150e-15
1554.2131   1163.60    1.0227    0.1432  4.6174e-15  6.4655e-16  4.5151e-15
1554.2498   1170.71    0.9163    0.1357  4.1374e-15  6.1290e-16  4.5151e-15
1554.2865   1177.81    0.9551    0.1385  4.3123e-15  6.2527e-16  4.5151e-15
1554.3232   1184.92    0.9961    0.1413  4.4974e-15  6.3810e-16  4.5152e-15
1554.3599   1192.02    0.7461    0.1229  3.3689e-15  5.5480e-16  4.5152e-15
1554.3966   1199.13    1.0539    0.1453  4.7584e-15  6.5594e-16  4.5152e-15
1554.4333   1206.23    1.1428    0.1512  5.1600e-15  6.8269e-16  4.5152e-15
1554.4700   1213.34    1.0082    0.1423  4.5523e-15  6.4260e-16  4.5152e-15
1554.5067   1220.44    1.0282    0.1436  4.6424e-15  6.4861e-16  4.5152e-15
1554.5433   1227.54    1.0881    0.1477  4.9132e-15  6.6688e-16  4.5152e-15
1554.5800   1234.65    1.1876    0.1542  5.3621e-15  6.9606e-16  4.5152e-15
1554.6167   1241.75    1.0100    0.1425  4.5602e-15  6.4353e-16  4.5152e-15
1554.6534   1248.86    1.1428    0.1513  5.1601e-15  6.8326e-16  4.5152e-15
1554.6901   1255.96    1.1122    0.1494  5.0218e-15  6.7437e-16  4.5151e-15
1554.7268   1263.07    1.0581    0.1458  4.7773e-15  6.5819e-16  4.5151e-15
1554.7635   1270.17    1.1834    0.1539  5.3429e-15  6.9501e-16  4.5151e-15
1554.8002   1277.28    1.2182    0.1562  5.5000e-15  7.0508e-16  4.5150e-15
1554.8369   1284.38    0.8844    0.1337  3.9929e-15  6.0355e-16  4.5150e-15
1554.8736   1291.49    0.9406    0.1378  4.2468e-15  6.2206e-16  4.5149e-15
1554.9102   1298.59    0.9033    0.1351  4.0781e-15  6.1002e-16  4.5148e-15
1554.9469   1305.70    1.0944    0.1483  4.9408e-15  6.6945e-16  4.5148e-15
1554.9836   1312.80    0.9256    0.1367  4.1790e-15  6.1725e-16  4.5147e-15
1555.0203   1319.90    0.9039    0.1352  4.0810e-15  6.1016e-16  4.5146e-15
1555.0570   1327.01    1.0572    0.1458  4.7728e-15  6.5820e-16  4.5146e-15
1555.0937   1334.11    1.0861    0.1477  4.9034e-15  6.6681e-16  4.5145e-15
1555.1304   1341.22    1.1352    0.1509  5.1250e-15  6.8144e-16  4.5144e-15
1555.1671   1348.32    1.2350    0.1573  5.5753e-15  7.1023e-16  4.5143e-15
1555.2038   1355.43    0.8540    0.1315  3.8550e-15  5.9361e-16  4.5143e-15
1555.2405   1362.53    0.9894    0.1413  4.4661e-15  6.3769e-16  4.5142e-15
1555.2771   1369.64    1.0826    0.1476  4.8871e-15  6.6639e-16  4.5141e-15
1555.3138   1376.74    1.1851    0.1544  5.3494e-15  6.9679e-16  4.5140e-15
1555.3505   1383.85    1.0419    0.1450  4.7031e-15  6.5435e-16  4.5140e-15
1555.3872   1390.95    0.9525    0.1388  4.2996e-15  6.2659e-16  4.5139e-15
1555.4239   1398.06    1.0839    0.1479  4.8926e-15  6.6748e-16  4.5138e-15
1555.4606   1405.16    0.9796    0.1408  4.4216e-15  6.3562e-16  4.5137e-15
1555.4973   1412.26    0.9775    0.1407  4.4122e-15  6.3517e-16  4.5136e-15
1555.5340   1419.37    1.0059    0.1427  4.5401e-15  6.4430e-16  4.5136e-15
1555.5707   1426.47    1.0536    0.1460  4.7552e-15  6.5912e-16  4.5135e-15
1555.6074   1433.58    1.2360    0.1579  5.5784e-15  7.1258e-16  4.5134e-15
1555.6440   1440.68    1.4412    0.1702  6.5047e-15  7.6831e-16  4.5133e-15
1555.6807   1447.79    1.3662    0.1659  6.1660e-15  7.4874e-16  4.5132e-15
1555.7174   1454.89    1.0811    0.1482  4.8792e-15  6.6879e-16  4.5131e-15
1555.7541   1462.00    1.1152    0.1506  5.0328e-15  6.7955e-16  4.5130e-15
1555.7908   1469.10    1.0654    0.1473  4.8079e-15  6.6497e-16  4.5130e-15
1555.8275   1476.21    0.9595    0.1402  4.3302e-15  6.3254e-16  4.5129e-15
1555.8642   1483.31    0.9541    0.1397  4.3058e-15  6.3047e-16  4.5128e-15
1555.9009   1490.42    0.9394    0.1386  4.2390e-15  6.2568e-16  4.5127e-15
1555.9376   1497.52    0.9943    0.1424  4.4867e-15  6.4257e-16  4.5126e-15
1555.9743   1504.62    0.8753    0.1338  3.9500e-15  6.0395e-16  4.5125e-15
1556.0109   1511.73    1.0509    0.1461  4.7422e-15  6.5924e-16  4.5124e-15
1556.0476   1518.83    1.0392    0.1453  4.6891e-15  6.5566e-16  4.5123e-15
1556.0843   1525.94    1.1149    0.1503  5.0305e-15  6.7803e-16  4.5122e-15
1556.1210   1533.04    0.9292    0.1375  4.1926e-15  6.2062e-16  4.5121e-15
1556.1577   1540.15    0.8820    0.1342  3.9794e-15  6.0529e-16  4.5120e-15
1556.1944   1547.25    1.1062    0.1497  4.9910e-15  6.7549e-16  4.5119e-15
1556.2311   1554.36    0.8765    0.1338  3.9547e-15  6.0368e-16  4.5118e-15
1556.2678   1561.46    0.9086    0.1361  4.0992e-15  6.1416e-16  4.5117e-15
1556.3045   1568.57    0.7785    0.1264  3.5125e-15  5.7011e-16  4.5116e-15
1556.3412   1575.67    0.9151    0.1366  4.1286e-15  6.1636e-16  4.5115e-15
1556.3778   1582.77    0.8032    0.1283  3.6234e-15  5.7873e-16  4.5114e-15
1556.4145   1589.88    0.9229    0.1372  4.1634e-15  6.1874e-16  4.5113e-15
1556.4512   1596.98    0.9965    0.1424  4.4952e-15  6.4229e-16  4.5112e-15
1556.4879   1604.09    0.9347    0.1381  4.2167e-15  6.2280e-16  4.5111e-15
1556.5246   1611.19    0.7726    0.1258  3.4852e-15  5.6765e-16  4.5110e-15
1556.5613   1618.30    1.0052    0.1429  4.5342e-15  6.4476e-16  4.5109e-15
1556.5980   1625.40    0.9114    0.1363  4.1110e-15  6.1473e-16  4.5108e-15
1556.6347   1632.51    0.8280    0.1300  3.7346e-15  5.8661e-16  4.5107e-15
1556.6714   1639.61    0.9663    0.1402  4.3587e-15  6.3221e-16  4.5106e-15
1556.7081   1646.72    1.2416    0.1584  5.6000e-15  7.1442e-16  4.5105e-15
1556.7447   1653.82    1.1891    0.1888  5.3632e-15  8.5134e-16  4.5104e-15
1556.7814   1660.93    0.8776    0.1706  3.9581e-15  7.6945e-16  4.5102e-15
1556.8181   1668.03    0.9497    0.1851  4.2833e-15  8.3465e-16  4.5101e-15
1556.8548   1675.13    0.9405    0.1807  4.2415e-15  8.1512e-16  4.5100e-15
1556.8915   1682.24    1.0170    0.1893  4.5867e-15  8.5355e-16  4.5099e-15
1556.9282   1689.34    1.0737    0.1909  4.8421e-15  8.6108e-16  4.5098e-15
1556.9649   1696.45    0.9893    0.1909  4.4613e-15  8.6071e-16  4.5097e-15
1557.0016   1703.55    1.1500    0.2023  5.1859e-15  9.1213e-16  4.5096e-15
1557.0383   1710.66    0.9951    0.1855  4.4875e-15  8.3647e-16  4.5094e-15
1557.0750   1717.76    1.0704    0.1948  4.8268e-15  8.7824e-16  4.5093e-15
1557.1116   1724.87    1.1940    0.1991  5.3842e-15  8.9772e-16  4.5092e-15
1557.1483   1731.97    0.9350    0.1857  4.2159e-15  8.3749e-16  4.5091e-15
1557.1850   1739.08    0.9912    0.1937  4.4695e-15  8.7349e-16  4.5090e-15
1557.2217   1746.18    1.1041    0.2016  4.9783e-15  9.0884e-16  4.5088e-15
1557.2584   1753.29    1.1023    0.2089  4.9697e-15  9.4168e-16  4.5087e-15
1557.2951   1760.39    0.7789    0.1717  3.5116e-15  7.7421e-16  4.5086e-15
1557.3318   1767.49    0.7552    0.1538  3.4046e-15  6.9336e-16  4.5085e-15
1557.3685   1774.60    0.9783    0.1440  4.4106e-15  6.4933e-16  4.5084e-15
1557.4052   1781.70    0.8283    0.1305  3.7342e-15  5.8827e-16  4.5082e-15
1557.4419   1788.81    1.2259    0.1578  5.5266e-15  7.1160e-16  4.5081e-15
1557.4785   1795.91    0.8643    0.1333  3.8964e-15  6.0079e-16  4.5080e-15
1557.5152   1803.02    1.0494    0.1464  4.7308e-15  6.6015e-16  4.5079e-15
1557.5519   1810.12    0.7520    0.1247  3.3900e-15  5.6233e-16  4.5077e-15
1557.5886   1817.23    0.8389    0.1315  3.7816e-15  5.9265e-16  4.5076e-15
1557.6253   1824.33    1.2166    0.1574  5.4837e-15  7.0968e-16  4.5075e-15
1557.6620   1831.44    0.6579    0.1171  2.9652e-15  5.2781e-16  4.5073e-15
1557.6987   1838.54    1.2362    0.1587  5.5718e-15  7.1551e-16  4.5072e-15
1557.7354   1845.65    1.2369    0.1588  5.5748e-15  7.1594e-16  4.5071e-15
1557.7721   1852.75    1.1851    0.1556  5.3413e-15  7.0133e-16  4.5070e-15
1557.8088   1859.85    1.0344    0.1457  4.6617e-15  6.5664e-16  4.5068e-15
1557.8454   1866.96    0.9848    0.1424  4.4382e-15  6.4153e-16  4.5067e-15
1557.8821   1874.06    0.7052    0.1213  3.1779e-15  5.4660e-16  4.5066e-15
1557.9188   1881.17    0.9275    0.1384  4.1795e-15  6.2347e-16  4.5064e-15
1557.9555   1888.27    1.0243    0.1452  4.6159e-15  6.5410e-16  4.5063e-15
1557.9922   1895.38    0.8506    0.1328  3.8327e-15  5.9828e-16  4.5061e-15
1558.0289   1902.48    0.7860    0.1279  3.5416e-15  5.7617e-16  4.5060e-15
1558.0656   1909.59    0.9281    0.1385  4.1818e-15  6.2389e-16  4.5059e-15
1558.1023   1916.69    0.7393    0.1242  3.3313e-15  5.5950e-16  4.5057e-15
1558.1390   1923.80    0.9860    0.1426  4.4427e-15  6.4259e-16  4.5056e-15
1558.1757   1930.90    0.8801    0.1351  3.9655e-15  6.0856e-16  4.5055e-15
1558.2123   1938.01    1.0398    0.1464  4.6845e-15  6.5966e-16  4.5053e-15
1558.2490   1945.11    0.8785    0.1351  3.9578e-15  6.0849e-16  4.5052e-15
1558.2857   1952.21    0.7568    0.1258  3.4093e-15  5.6676e-16  4.5050e-15
1558.3224   1959.32    0.7438    0.1248  3.3507e-15  5.6212e-16  4.5049e-15
1558.3591   1966.42    1.0220    0.1453  4.6037e-15  6.5441e-16  4.5048e-15
1558.3958   1973.53    0.9323    0.1390  4.1995e-15  6.2616e-16  4.5046e-15
1558.4325   1980.63    0.8544    0.1331  3.8487e-15  5.9967e-16  4.5045e-15
1558.4692   1987.74    1.1360    0.2593  5.1168e-15  1.1679e-15  4.5043e-15
1558.5059   1994.84    0.7971    0.1709  3.5904e-15  7.6997e-16  4.5042e-15
1558.5426   2001.95    0.6478    0.1738  2.9177e-15  7.8265e-16  4.5040e-15
1558.5792   2009.05    0.7332    0.1787  3.3022e-15  8.0503e-16  4.5039e-15
1558.6159   2016.16    1.0749    0.2140  4.8409e-15  9.6381e-16  4.5037e-15
1558.6526   2023.26    1.1660    0.2225  5.2513e-15  1.0022e-15  4.5036e-15
1558.6893   2030.37    0.7110    0.1763  3.2018e-15  7.9378e-16  4.5034e-15
1558.7260   2037.47    0.9054    0.1974  4.0773e-15  8.8883e-16  4.5033e-15
1558.7627   2044.57    0.6831    0.1730  3.0763e-15  7.7906e-16  4.5032e-15
1558.7994   2051.68    0.6499    0.1690  2.9263e-15  7.6090e-16  4.5030e-15
1558.8361   2058.78    1.2903    0.2336  5.8102e-15  1.0517e-15  4.5029e-15
1558.8728   2065.89    1.1921    0.2248  5.3675e-15  1.0124e-15  4.5027e-15
1558.9095   2072.99    0.9719    0.2039  4.3760e-15  9.1794e-16  4.5026e-15
1558.9461   2080.10    1.0369    0.2103  4.6685e-15  9.4684e-16  4.5024e-15
1558.9828   2087.20    0.8166    0.1877  3.6765e-15  8.4527e-16  4.5022e-15
1559.0195   2094.31    0.7527    0.1807  3.3888e-15  8.1354e-16  4.5021e-15
1559.0562   2101.41    0.8237    0.1887  3.7082e-15  8.4939e-16  4.5019e-15
1559.0929   2108.52    1.5728    0.2571  7.0802e-15  1.1574e-15  4.5018e-15
1559.1296   2115.62    0.8089    0.2536  3.6415e-15  1.1418e-15  4.5016e-15
1559.1663   2122.73    1.1453    0.4416  5.1556e-15  1.9880e-15  4.5015e-15
1559.2030   2129.83    1.0518    0.4243  4.7345e-15  1.9097e-15  4.5013e-15
1559.2397   2136.93    1.3065    0.4707  5.8809e-15  2.1188e-15  4.5012e-15
1559.2764   2144.04    1.1897    0.4501  5.3551e-15  2.0260e-15  4.5010e-15
1559.3130   2151.14    1.0434    0.4230  4.6962e-15  1.9041e-15  4.5009e-15
1559.3497   2158.25    1.1135    0.4366  5.0117e-15  1.9650e-15  4.5007e-15
1559.3864   2165.35    1.0844    0.4309  4.8804e-15  1.9394e-15  4.5005e-15
1559.4231   2172.46    1.1235    0.4382  5.0564e-15  1.9719e-15  4.5004e-15
1559.4598   2179.56    1.3305    0.4751  5.9875e-15  2.1380e-15  4.5002e-15
1559.4965   2186.67    1.1467    0.4423  5.1601e-15  1.9903e-15  4.5001e-15
1559.5332   2193.77    1.0223    0.4188  4.6001e-15  1.8846e-15  4.4999e-15
1559.5699   2200.88    1.0126    0.4170  4.5564e-15  1.8766e-15  4.4997e-15
1559.6066   2207.98    1.2557    0.4621  5.6500e-15  2.0791e-15  4.4996e-15
1559.6433   2215.09    0.9761    0.4097  4.3917e-15  1.8434e-15  4.4994e-15
1559.6799   2222.19    0.8682    0.3877  3.9063e-15  1.7442e-15  4.4993e-15
1559.7166   2229.29    1.2607    0.4630  5.6719e-15  2.0830e-15  4.4991e-15
