# Wave  Vhel  NormFlux  NormErr      Flux        Error       Continuum
1250.8027  -2074.43    0.9201    0.1404  6.0197e-15  9.1869e-16  6.5426e-15
1250.8326  -2067.32    0.8132    0.1139  5.3196e-15  7.4517e-16  6.5416e-15
1250.8625  -2060.20    0.8606    0.1031  5.6288e-15  6.7460e-16  6.5406e-15
1250.8924  -2053.08    0.9316    0.1072  6.0925e-15  7.0073e-16  6.5397e-15
1250.9223  -2045.96    0.9506    0.1082  6.2159e-15  7.0780e-16  6.5387e-15
1250.9522  -2038.84    1.0461    0.1134  6.8388e-15  7.4148e-16  6.5377e-15
1250.9821  -2031.72    0.9801    0.1098  6.4068e-15  7.1792e-16  6.5367e-15
1251.0120  -2024.60    1.0736    0.1149  7.0168e-15  7.5081e-16  6.5358e-15
1251.0420  -2017.48    0.9837    0.1100  6.4282e-15  7.1883e-16  6.5348e-15
1251.0719  -2010.36    0.8435    0.1020  5.5112e-15  6.6665e-16  6.5338e-15
1251.1018  -2003.24    0.9182    0.1064  5.9984e-15  6.9484e-16  6.5328e-15
1251.1317  -1996.12    0.8975    0.1052  5.8624e-15  6.8702e-16  6.5318e-15
1251.1616  -1989.00    1.0480    0.1135  6.8442e-15  7.4118e-16  6.5308e-15
1251.1915  -1981.88    1.0282    0.1124  6.7140e-15  7.3413e-16  6.5299e-15
1251.2214  -1974.77    1.0760    0.1150  7.0249e-15  7.5053e-16  6.5289e-15
1251.2513  -1967.65    0.9263    0.1068  6.0468e-15  6.9719e-16  6.5279e-15
1251.2812  -1960.53    1.0534    0.1138  6.8752e-15  7.4271e-16  6.5269e-15
1251.3111  -1953.41    1.2305    0.1229  8.0304e-15  8.0185e-16  6.5259e-15
1251.3411  -1946.29    0.9918    0.1105  6.4717e-15  7.2097e-16  6.5249e-15
1251.3710  -1939.17    1.0966    0.1160  7.1540e-15  7.5704e-16  6.5239e-15
1251.4009  -1932.05    0.9635    0.1090  6.2845e-15  7.1100e-16  6.5229e-15
1251.4308  -1924.93    1.0194    0.1121  6.6482e-15  7.3085e-16  6.5219e-15
1251.4607  -1917.81    0.9549    0.1085  6.2268e-15  7.0773e-16  6.5209e-15
1251.4906  -1910.69    0.8417    0.1021  5.4877e-15  6.6536e-16  6.5199e-15
1251.5205  -1903.57    0.9165    0.1063  5.9749e-15  6.9319e-16  6.5189e-15
1251.5504  -1896.45    1.0500    0.1137  6.8438e-15  7.4095e-16  6.5179e-15
1251.5803  -1889.33    0.7972    0.0993  5.1955e-15  6.4703e-16  6.5169e-15
1251.6102  -1882.22    0.7869    0.0987  5.1270e-15  6.4322e-16  6.5159e-15
1251.6402  -1875.10    0.8716    0.1038  5.6783e-15  6.7607e-16  6.5148e-15
1251.6701  -1867.98    1.0937    0.1160  7.1239e-15  7.5545e-16  6.5138e-15
1251.7000  -1860.86    1.2360    0.1232  8.0496e-15  8.0223e-16  6.5128e-15
1251.7299  -1853.74    1.2198    0.1224  7.9432e-15  7.9677e-16  6.5118e-15
1251.7598  -1846.62    0.9579    0.1087  6.2368e-15  7.0751e-16  6.5108e-15
1251.7897  -1839.50    0.8068    0.0999  5.2521e-15  6.5012e-16  6.5098e-15
1251.8196  -1832.38    0.9501    0.1082  6.1840e-15  7.0451e-16  6.5087e-15
1251.8495  -1825.26    1.0327    0.1127  6.7203e-15  7.3359e-16  6.5077e-15
1251.8794  -1818.14    0.9820    0.1100  6.3893e-15  7.1555e-16  6.5067e-15
1251.9093  -1811.02    0.9112    0.1060  5.9278e-15  6.8974e-16  6.5057e-15
1251.9393  -1803.90    0.8313    0.1013  5.4071e-15  6.5918e-16  6.5047e-15
1251.9692  -1796.78    0.9218    0.1066  5.9951e-15  6.9342e-16  6.5036e-15
1251.9991  -1789.67    0.8547    0.1028  5.5576e-15  6.6861e-16  6.5026e-15
1252.0290  -1782.55    1.0361    0.1130  6.7360e-15  7.3457e-16  6.5016e-15
1252.0589  -1775.43    1.0686    0.1147  6.9465e-15  7.4568e-16  6.5005e-15
1252.0888  -1768.31    0.7346    0.0955  4.7745e-15  6.2052e-16  6.4995e-15
1252.1187  -1761.19    0.7199    0.0946  4.6779e-15  6.1450e-16  6.4985e-15
1252.1486  -1754.07    0.9111    0.1061  5.9197e-15  6.8957e-16  6.4974e-15
1252.1785  -1746.95    1.0005    0.1111  6.4999e-15  7.2198e-16  6.4964e-15
1252.2084  -1739.83    1.1168    0.1173  7.2537e-15  7.6180e-16  6.4954e-15
1252.2384  -1732.71    1.0494    0.1137  6.8151e-15  7.3867e-16  6.4943e-15
1252.2683  -1725.59    0.9241    0.1068  6.0002e-15  6.9381e-16  6.4933e-15
1252.2982  -1718.47    1.0211    0.1122  6.6294e-15  7.2866e-16  6.4922e-15
1252.3281  -1711.35    0.9224    0.1068  5.9874e-15  6.9308e-16  6.4912e-15
1252.3580  -1704.23    0.9550    0.1086  6.1981e-15  7.0505e-16  6.4901e-15
1252.3879  -1697.12    1.0370    0.1131  6.7289e-15  7.3370e-16  6.4891e-15
1252.4178  -1690.00    1.0000    0.1111  6.4883e-15  7.2101e-16  6.4881e-15
1252.4477  -1682.88    0.9632    0.1091  6.2481e-15  7.0777e-16  6.4870e-15
1252.4776  -1675.76    1.0233    0.1124  6.6373e-15  7.2871e-16  6.4860e-15
1252.5075  -1668.64    1.1042    0.1167  7.1605e-15  7.5651e-16  6.4849e-15
1252.5375  -1661.52    0.9434    0.1108  6.1166e-15  7.1816e-16  6.4838e-15
1252.5674  -1654.40    0.9224    0.1227  5.9796e-15  7.9527e-16  6.4828e-15
1252.5973  -1647.28    1.0635    0.1361  6.8936e-15  8.8219e-16  6.4817e-15
1252.6272  -1640.16    0.8220    0.1361  5.3271e-15  8.8179e-16  6.4807e-15
1252.6571  -1633.04    1.0192    0.1494  6.6041e-15  9.6832e-16  6.4796e-15
1252.6870  -1625.92    0.9825    0.1508  6.3652e-15  9.7704e-16  6.4786e-15
1252.7169  -1618.80    0.9615    0.1478  6.2278e-15  9.5756e-16  6.4775e-15
1252.7468  -1611.68    0.9056    0.1445  5.8650e-15  9.3564e-16  6.4764e-15
1252.7767  -1604.57    0.7605    0.1341  4.9246e-15  8.6824e-16  6.4754e-15
1252.8066  -1597.45    1.0811    0.1555  6.9995e-15  1.0070e-15  6.4743e-15
1252.8366  -1590.33    0.9231    0.1409  5.9755e-15  9.1197e-16  6.4732e-15
1252.8665  -1583.21    1.0137    0.1477  6.5608e-15  9.5592e-16  6.4722e-15
1252.8964  -1576.09    1.2458    0.1656  8.0617e-15  1.0718e-15  6.4711e-15
1252.9263  -1568.97    1.0875    0.1574  7.0360e-15  1.0186e-15  6.4700e-15
1252.9562  -1561.85    0.9939    0.1520  6.4296e-15  9.8345e-16  6.4690e-15
1252.9861  -1554.73    0.8520    0.1341  5.5107e-15  8.6718e-16  6.4679e-15
1253.0160  -1547.61    0.9198    0.1414  5.9482e-15  9.1473e-16  6.4668e-15
1253.0459  -1540.49    0.9556    0.1328  6.1786e-15  8.5876e-16  6.4658e-15
1253.0758  -1533.37    1.1072    0.1301  7.1574e-15  8.4085e-16  6.4647e-15
1253.1057  -1526.25    1.0454    0.1138  6.7570e-15  7.3524e-16  6.4636e-15
1253.1357  -1519.13    0.9229    0.1071  5.9643e-15  6.9186e-16  6.4625e-15
1253.1656  -1512.02    0.8975    0.1056  5.7990e-15  6.8201e-16  6.4614e-15
1253.1955  -1504.90    0.9091    0.1062  5.8732e-15  6.8618e-16  6.4604e-15
1253.2254  -1497.78    0.9249    0.1072  5.9742e-15  6.9223e-16  6.4593e-15
1253.2553  -1490.66    0.9969    0.1112  6.4384e-15  7.1791e-16  6.4582e-15
1253.2852  -1483.54    0.8728    0.1042  5.6361e-15  6.7278e-16  6.4571e-15
1253.3151  -1476.42    0.9964    0.1112  6.4330e-15  7.1763e-16  6.4560e-15
1253.3450  -1469.30    1.0858    0.1159  7.0085e-15  7.4817e-16  6.4550e-15
1253.3749  -1462.18    1.1336    0.1184  7.3161e-15  7.6423e-16  6.4539e-15
1253.4048  -1455.06    1.0465    0.1138  6.7529e-15  7.3463e-16  6.4528e-15
1253.4348  -1447.94    1.0394    0.1135  6.7057e-15  7.3226e-16  6.4517e-15
1253.4647  -1440.82    0.9533    0.1088  6.1492e-15  7.0179e-16  6.4506e-15
1253.4946  -1433.70    0.9982    0.1112  6.4378e-15  7.1727e-16  6.4495e-15
1253.5245  -1426.58    1.0468    0.1138  6.7502e-15  7.3406e-16  6.4484e-15
1253.5544  -1419.47    1.0007    0.1113  6.4520e-15  7.1785e-16  6.4473e-15
1253.5843  -1412.35    0.9030    0.1059  5.8211e-15  6.8234e-16  6.4462e-15
1253.6142  -1405.23    0.9565    0.1089  6.1645e-15  7.0189e-16  6.4451e-15
1253.6441  -1398.11    0.8604    0.1034  5.5446e-15  6.6607e-16  6.4440e-15
1253.6740  -1390.99    0.8844    0.1048  5.6984e-15  6.7511e-16  6.4429e-15
1253.7039  -1383.87    0.6707    0.0915  4.3204e-15  5.8955e-16  6.4418e-15
1253.7339  -1376.75    0.6776    0.0920  4.3640e-15  5.9254e-16  6.4407e-15
1253.7638  -1369.63    0.6225    0.0883  4.0089e-15  5.6842e-16  6.4396e-15
1253.7937  -1362.51    0.6021    0.0869  3.8765e-15  5.5929e-16  6.4385e-15
1253.8236  -1355.39    0.3937    0.0725  2.5345e-15  4.6666e-16  6.4374e-15
1253.8535  -1348.27    0.3068    0.0726  1.9744e-15  4.6703e-16  6.4363e-15
1253.8834  -1341.15    0.3821    0.0857  2.4590e-15  5.5177e-16  6.4352e-15
1253.9133  -1334.03    0.5577    0.1186  3.5883e-15  7.6297e-16  6.4341e-15
1253.9432  -1326.92    0.5366    0.1165  3.4522e-15  7.4920e-16  6.4330e-15
1253.9731  -1319.80    0.5436    0.1172  3.4964e-15  7.5364e-16  6.4319e-15
1254.0030  -1312.68    0.7250    0.1345  4.6624e-15  8.6519e-16  6.4308e-15
1254.0330  -1305.56    1.0086    0.1579  6.4848e-15  1.0154e-15  6.4297e-15
1254.0629  -1298.44    0.7233    0.1345  4.6499e-15  8.6438e-16  6.4286e-15
1254.0928  -1291.32    0.7173    0.1339  4.6105e-15  8.6075e-16  6.4275e-15
1254.1227  -1284.20    0.8080    0.1419  5.1928e-15  9.1158e-16  6.4264e-15
1254.1526  -1277.08    0.8150    0.1425  5.2369e-15  9.1530e-16  6.4252e-15
1254.1825  -1269.96    0.9189    0.1510  5.9029e-15  9.7004e-16  6.4241e-15
1254.2124  -1262.84    0.9196    0.1511  5.9067e-15  9.7032e-16  6.4230e-15
1254.2423  -1255.72    0.7521    0.1370  4.8302e-15  8.8002e-16  6.4219e-15
1254.2722  -1248.60    0.9199    0.1511  5.9066e-15  9.7010e-16  6.4208e-15
1254.3021  -1241.48    0.9897    0.1566  6.3532e-15  1.0052e-15  6.4197e-15
1254.3321  -1234.37    0.9141    0.1507  5.8673e-15  9.6707e-16  6.4185e-15
1254.3620  -1227.25    0.7797    0.1395  5.0034e-15  8.9504e-16  6.4174e-15
1254.3919  -1220.13    0.9555    0.1540  6.1306e-15  9.8789e-16  6.4163e-15
1254.4218  -1213.01    0.8302    0.1438  5.3257e-15  9.2267e-16  6.4152e-15
1254.4517  -1205.89    1.1498    0.1686  7.3749e-15  1.0811e-15  6.4141e-15
1254.4816  -1198.77    0.7743    0.1391  4.9657e-15  8.9209e-16  6.4129e-15
1254.5115  -1191.65    1.0726    0.1630  6.8774e-15  1.0452e-15  6.4118e-15
1254.5414  -1184.53    0.9489    0.1535  6.0829e-15  9.8435e-16  6.4107e-15
1254.5713  -1177.41    1.1077    0.1656  7.1001e-15  1.0613e-15  6.4096e-15
1254.6012  -1170.29    1.0734    0.1631  6.8789e-15  1.0450e-15  6.4084e-15
1254.6312  -1163.17    0.8086    0.1421  5.1809e-15  9.1056e-16  6.4073e-15
1254.6611  -1156.05    0.8721    0.1475  5.5869e-15  9.4466e-16  6.4062e-15
1254.6910  -1148.93    1.0192    0.1591  6.5282e-15  1.0189e-15  6.4050e-15
1254.7209  -1141.82    0.9692    0.1552  6.2067e-15  9.9404e-16  6.4039e-15
1254.7508  -1134.70    1.1832    0.1488  7.5757e-15  9.5299e-16  6.4028e-15
1254.7807  -1127.58    0.9334    0.1215  5.9751e-15  7.7799e-16  6.4017e-15
1254.8106  -1120.46    1.0261    0.1131  6.5676e-15  7.2413e-16  6.4005e-15
1254.8405  -1113.34    0.9779    0.1105  6.2578e-15  7.0717e-16  6.3994e-15
1254.8704  -1106.22    1.1241    0.1183  7.1923e-15  7.5666e-16  6.3982e-15
1254.9003  -1099.10    1.0539    0.1146  6.7420e-15  7.3305e-16  6.3971e-15
1254.9303  -1091.98    0.9996    0.1117  6.3932e-15  7.1443e-16  6.3960e-15
1254.9602  -1084.86    0.9692    0.1100  6.1979e-15  7.0324e-16  6.3948e-15
1254.9901  -1077.74    0.9781    0.1104  6.2534e-15  7.0609e-16  6.3937e-15
1255.0200  -1070.62    0.9510    0.1090  6.0792e-15  6.9682e-16  6.3926e-15
1255.0499  -1063.50    0.7964    0.0999  5.0898e-15  6.3847e-16  6.3914e-15
1255.0798  -1056.39    0.9768    0.1104  6.2422e-15  7.0579e-16  6.3903e-15
1255.1097  -1049.27    0.9770    0.1104  6.2424e-15  7.0565e-16  6.3891e-15
1255.1396  -1042.15    0.9280    0.1077  5.9280e-15  6.8811e-16  6.3880e-15
1255.1695  -1035.03    0.9086    0.1066  5.8031e-15  6.8074e-16  6.3869e-15
1255.1994  -1027.91    0.9468    0.1088  6.0461e-15  6.9500e-16  6.3857e-15
1255.2294  -1020.79    0.9018    0.1062  5.7578e-15  6.7800e-16  6.3846e-15
1255.2593  -1013.67    1.1328    0.1188  7.2313e-15  7.5842e-16  6.3834e-15
1255.2892  -1006.55    1.2031    0.1223  7.6787e-15  7.8078e-16  6.3823e-15
1255.3191   -999.43    0.9814    0.1108  6.2626e-15  7.0685e-16  6.3811e-15
1255.3490   -992.31    0.9150    0.1070  5.8380e-15  6.8259e-16  6.3800e-15
1255.3789   -985.19    1.0838    0.1163  6.9137e-15  7.4182e-16  6.3789e-15
1255.4088   -978.07    1.0471    0.1143  6.6778e-15  7.2874e-16  6.3777e-15
1255.4387   -970.95    1.1239    0.1183  7.1665e-15  7.5460e-16  6.3766e-15
1255.4686   -963.84    0.8920    0.1057  5.6866e-15  6.7372e-16  6.3754e-15
1255.4985   -956.72    0.8747    0.1047  5.5757e-15  6.6713e-16  6.3743e-15
1255.5285   -949.60    0.9273    0.1077  5.9100e-15  6.8637e-16  6.3731e-15
1255.5584   -942.48    1.1311    0.1188  7.2072e-15  7.5681e-16  6.3720e-15
1255.5883   -935.36    0.9908    0.1113  6.3119e-15  7.0893e-16  6.3708e-15
1255.6182   -928.24    1.0060    0.1121  6.4081e-15  7.1400e-16  6.3697e-15
1255.6481   -921.12    0.8068    0.1007  5.1379e-15  6.4116e-16  6.3685e-15
1255.6780   -914.00    0.9926    0.1114  6.3204e-15  7.0934e-16  6.3673e-15
1255.7079   -906.88    0.8603    0.1039  5.4765e-15  6.6129e-16  6.3662e-15
1255.7378   -899.76    0.9338    0.1081  5.9435e-15  6.8806e-16  6.3650e-15
1255.7677   -892.64    0.9318    0.1080  5.9296e-15  6.8705e-16  6.3639e-15
1255.7976   -885.52    1.0525    0.1147  6.6966e-15  7.2950e-16  6.3627e-15
1255.8276   -878.40    0.8691    0.1044  5.5288e-15  6.6405e-16  6.3616e-15
1255.8575   -871.29    0.8782    0.1050  5.5855e-15  6.6766e-16  6.3604e-15
1255.8874   -864.17    1.0331    0.1137  6.5698e-15  7.2279e-16  6.3593e-15
1255.9173   -857.05    0.6064    0.0876  3.8554e-15  5.5708e-16  6.3581e-15
1255.9472   -849.93    0.6675    0.0918  4.2433e-15  5.8378e-16  6.3569e-15
1255.9771   -842.81    0.6508    0.0907  4.1364e-15  5.7646e-16  6.3558e-15
1256.0070   -835.69    0.6055    0.0876  3.8476e-15  5.5641e-16  6.3546e-15
1256.0369   -828.57    0.5295    0.0821  3.3640e-15  5.2138e-16  6.3535e-15
1256.0668   -821.45    0.5757    0.0855  3.6572e-15  5.4287e-16  6.3523e-15
1256.0967   -814.33    0.5408    0.0830  3.4346e-15  5.2707e-16  6.3511e-15
1256.1267   -807.21    0.7147    0.0950  4.5384e-15  6.0328e-16  6.3500e-15
1256.1566   -800.09    0.7964    0.1001  5.0560e-15  6.3582e-16  6.3488e-15
1256.1865   -792.97    0.8457    0.1031  5.3682e-15  6.5467e-16  6.3477e-15
1256.2164   -785.85    0.9261    0.1078  5.8772e-15  6.8386e-16  6.3465e-15
1256.2463   -778.74    1.0578    0.1150  6.7122e-15  7.2982e-16  6.3453e-15
1256.2762   -771.62    0.9912    0.1114  6.2883e-15  7.0664e-16  6.3442e-15
1256.3061   -764.50    0.8679    0.1043  5.5050e-15  6.6172e-16  6.3430e-15
1256.3360   -757.38    1.1989    0.1224  7.6035e-15  7.7611e-16  6.3418e-15
1256.3659   -750.26    0.9649    0.1100  6.1183e-15  6.9739e-16  6.3407e-15
1256.3958   -743.14    0.9567    0.1095  6.0653e-15  6.9445e-16  6.3395e-15
1256.4258   -736.02    0.8645    0.1043  5.4798e-15  6.6086e-16  6.3383e-15
1256.4557   -728.90    1.1192    0.1183  7.0926e-15  7.4942e-16  6.3372e-15
1256.4856   -721.78    0.9312    0.1081  5.9001e-15  6.8494e-16  6.3360e-15
1256.5155   -714.66    0.9027    0.1065  5.7182e-15  6.7441e-16  6.3348e-15
1256.5454   -707.54    0.9212    0.1075  5.8346e-15  6.8099e-16  6.3337e-15
1256.5753   -700.42    1.1317    0.1190  7.1666e-15  7.5358e-16  6.3325e-15
1256.6052   -693.30    0.9050    0.1066  5.7301e-15  6.7506e-16  6.3313e-15
1256.6351   -686.19    0.9455    0.1089  5.9854e-15  6.8925e-16  6.3302e-15
1256.6650   -679.07    0.8969    0.1062  5.6764e-15  6.7185e-16  6.3290e-15
1256.6949   -671.95    0.7561    0.0976  4.7842e-15  6.1761e-16  6.3278e-15
1256.7249   -664.83    1.0615    0.1153  6.7158e-15  7.2968e-16  6.3266e-15
1256.7548   -657.71    0.9151    0.1072  5.7882e-15  6.7828e-16  6.3255e-15
1256.7847   -650.59    0.8884    0.1057  5.6182e-15  6.6858e-16  6.3243e-15
1256.8146   -643.47    0.7954    0.1001  5.0293e-15  6.3302e-16  6.3231e-15
1256.8445   -636.35    0.9427    0.1089  5.9599e-15  6.8825e-16  6.3220e-15
1256.8744   -629.23    0.8193    0.1017  5.1785e-15  6.4268e-16  6.3208e-15
1256.9043   -622.11    0.8026    0.1006  5.0719e-15  6.3571e-16  6.3196e-15
1256.9342   -614.99    0.7859    0.0996  4.9659e-15  6.2930e-16  6.3184e-15
1256.9641   -607.87    0.7943    0.1001  5.0176e-15  6.3224e-16  6.3173e-15
1256.9940   -600.75    0.7186    0.0953  4.5390e-15  6.0211e-16  6.3161e-15
1257.0240   -593.64    0.8106    0.1011  5.1191e-15  6.3853e-16  6.3149e-15
1257.0539   -586.52    0.8979    0.1064  5.6694e-15  6.7166e-16  6.3137e-15
1257.0838   -579.40    0.7388    0.0967  4.6637e-15  6.1051e-16  6.3126e-15
1257.1137   -572.28    0.7579    0.0980  4.7836e-15  6.1835e-16  6.3114e-15
1257.1436   -565.16    0.9746    0.1108  6.1500e-15  6.9898e-16  6.3102e-15
1257.1735   -558.04    1.0191    0.1132  6.4297e-15  7.1442e-16  6.3090e-15
1257.2034   -550.92    0.9513    0.1095  6.0005e-15  6.9048e-16  6.3079e-15
1257.2333   -543.80    1.0236    0.1135  6.4556e-15  7.1612e-16  6.3067e-15
1257.2632   -536.68    1.0239    0.1136  6.4560e-15  7.1613e-16  6.3055e-15
1257.2931   -529.56    1.2219    0.1239  7.7035e-15  7.8137e-16  6.3043e-15
1257.3231   -522.44    1.0639    0.1157  6.7061e-15  7.2939e-16  6.3032e-15
1257.3530   -515.32    1.0055    0.1125  6.3365e-15  7.0925e-16  6.3020e-15
1257.3829   -508.20    1.0680    0.1160  6.7293e-15  7.3071e-16  6.3008e-15
1257.4128   -501.09    1.0056    0.1126  6.3347e-15  7.0934e-16  6.2996e-15
1257.4427   -493.97    1.0432    0.1147  6.5708e-15  7.2270e-16  6.2984e-15
1257.4726   -486.85    0.8624    0.1045  5.4307e-15  6.5801e-16  6.2973e-15
1257.5025   -479.73    1.0897    0.1172  6.8609e-15  7.3790e-16  6.2961e-15
1257.5324   -472.61    0.8675    0.1048  5.4611e-15  6.5978e-16  6.2949e-15
1257.5623   -465.49    0.9482    0.1095  5.9678e-15  6.8895e-16  6.2937e-15
1257.5922   -458.37    1.0603    0.1157  6.6722e-15  7.2776e-16  6.2926e-15
1257.6222   -451.25    1.1680    0.1213  7.3484e-15  7.6315e-16  6.2914e-15
1257.6521   -444.13    1.0514    0.1152  6.6138e-15  7.2477e-16  6.2902e-15
1257.6820   -437.01    0.9344    0.1088  5.8761e-15  6.8394e-16  6.2890e-15
1257.7119   -429.89    0.9694    0.1107  6.0952e-15  6.9606e-16  6.2878e-15
1257.7418   -422.77    1.0722    0.1163  6.7409e-15  7.3134e-16  6.2867e-15
1257.7717   -415.65    1.0207    0.1136  6.4157e-15  7.1375e-16  6.2855e-15
1257.8016   -408.54    1.0794    0.1167  6.7835e-15  7.3341e-16  6.2843e-15
1257.8315   -401.42    1.1010    0.1179  6.9179e-15  7.4048e-16  6.2831e-15
1257.8614   -394.30    1.1012    0.1179  6.9177e-15  7.4061e-16  6.2819e-15
1257.8913   -387.18    0.9259    0.1083  5.8153e-15  6.8043e-16  6.2808e-15
1257.9213   -380.06    1.1392    0.1199  7.1535e-15  7.5263e-16  6.2796e-15
1257.9512   -372.94    0.9374    0.1089  5.8852e-15  6.8396e-16  6.2784e-15
1257.9811   -365.82    0.9973    0.1123  6.2600e-15  7.0505e-16  6.2772e-15
1258.0110   -358.70    1.0621    0.1159  6.6659e-15  7.2729e-16  6.2760e-15
1258.0409   -351.58    0.9947    0.1122  6.2417e-15  7.0424e-16  6.2748e-15
1258.0708   -344.46    1.2531    0.1258  7.8613e-15  7.8897e-16  6.2737e-15
1258.1007   -337.34    0.9476    0.1096  5.9438e-15  6.8774e-16  6.2725e-15
1258.1306   -330.22    0.8440    0.1036  5.2930e-15  6.4993e-16  6.2713e-15
1258.1605   -323.10    1.1604    0.1210  7.2757e-15  7.5888e-16  6.2701e-15
1258.1904   -315.99    1.0042    0.1128  6.2950e-15  7.0694e-16  6.2689e-15
1258.2204   -308.87    0.9551    0.1100  5.9866e-15  6.8970e-16  6.2678e-15
1258.2503   -301.75    0.8786    0.1056  5.5057e-15  6.6147e-16  6.2666e-15
1258.2802   -294.63    0.8882    0.1062  5.5647e-15  6.6522e-16  6.2654e-15
1258.3101   -287.51    0.9944    0.1123  6.2292e-15  7.0335e-16  6.2642e-15
1258.3400   -280.39    1.0987    0.1179  6.8815e-15  7.3852e-16  6.2630e-15
1258.3699   -273.27    0.9790    0.1114  6.1301e-15  6.9781e-16  6.2618e-15
1258.3998   -266.15    0.9740    0.1112  6.0981e-15  6.9621e-16  6.2607e-15
1258.4297   -259.03    0.8386    0.1033  5.2493e-15  6.4667e-16  6.2595e-15
1258.4596   -251.91    1.0696    0.1164  6.6938e-15  7.2848e-16  6.2583e-15
1258.4895   -244.79    1.1119    0.1187  6.9576e-15  7.4259e-16  6.2571e-15
1258.5195   -237.67    1.0311    0.1143  6.4507e-15  7.1523e-16  6.2559e-15
1258.5494   -230.55    1.1731    0.1218  7.3376e-15  7.6214e-16  6.2547e-15
1258.5793   -223.44    1.1806    0.1223  7.3829e-15  7.6473e-16  6.2536e-15
1258.6092   -216.32    0.9866    0.1119  6.1689e-15  6.9985e-16  6.2524e-15
1258.6391   -209.20    0.9540    0.1101  5.9637e-15  6.8818e-16  6.2512e-15
1258.6690   -202.08    0.9573    0.1103  5.9829e-15  6.8925e-16  6.2500e-15
1258.6989   -194.96    1.0770    0.1169  6.7300e-15  7.3036e-16  6.2488e-15
1258.7288   -187.84    1.0373    0.1224  6.4806e-15  7.6443e-16  6.2476e-15
1258.7587   -180.72    1.1148    0.1596  6.9635e-15  9.9692e-16  6.2465e-15
1258.7886   -173.60    1.0907    0.1582  6.8120e-15  9.8823e-16  6.2453e-15
1258.8186   -166.48    1.0102    0.1534  6.3079e-15  9.5756e-16  6.2441e-15
1258.8485   -159.36    0.9801    0.1509  6.1184e-15  9.4192e-16  6.2429e-15
1258.8784   -152.24    0.9102    0.1533  5.6811e-15  9.5673e-16  6.2417e-15
1258.9083   -145.12    1.2658    0.1710  7.8994e-15  1.0672e-15  6.2406e-15
1258.9382   -138.00    1.1638    0.1618  7.2614e-15  1.0097e-15  6.2394e-15
1258.9681   -130.89    1.2115    0.1650  7.5577e-15  1.0291e-15  6.2382e-15
1258.9980   -123.77    0.9850    0.1529  6.1435e-15  9.5364e-16  6.2370e-15
1259.0279   -116.65    1.0492    0.1567  6.5427e-15  9.7684e-16  6.2358e-15
1259.0578   -109.53    0.9896    0.1503  6.1698e-15  9.3705e-16  6.2346e-15
1259.0877   -102.41    0.9204    0.1461  5.7374e-15  9.1095e-16  6.2335e-15
1259.1177    -95.29    1.0601    0.1544  6.6068e-15  9.6201e-16  6.2323e-15
1259.1476    -88.17    1.0041    0.1491  6.2566e-15  9.2922e-16  6.2311e-15
1259.1775    -81.05    1.1117    0.1601  6.9259e-15  9.9758e-16  6.2299e-15
1259.2074    -73.93    0.9797    0.1497  6.1025e-15  9.3250e-16  6.2287e-15
1259.2373    -66.81    1.0100    0.1167  6.2899e-15  7.2658e-16  6.2276e-15
1259.2672    -59.69    0.9626    0.1108  5.9933e-15  6.8973e-16  6.2264e-15
1259.2971    -52.57    0.9222    0.1084  5.7409e-15  6.7504e-16  6.2252e-15
1259.3270    -45.46    0.9705    0.1113  6.0405e-15  6.9243e-16  6.2240e-15
1259.3569    -38.34    0.8428    0.1038  5.2444e-15  6.4565e-16  6.2228e-15
1259.3868    -31.22    0.9007    0.1073  5.6038e-15  6.6735e-16  6.2217e-15
1259.4168    -24.10    0.8448    0.1039  5.2551e-15  6.4643e-16  6.2205e-15
1259.4467    -16.98    0.7319    0.0969  4.5517e-15  6.0279e-16  6.2193e-15
1259.4766     -9.86    0.5567    0.0848  3.4619e-15  5.2748e-16  6.2181e-15
1259.5065     -2.74    0.3827    0.0708  2.3792e-15  4.4031e-16  6.2169e-15
1259.5364      4.38    0.2869    0.0618  1.7834e-15  3.8426e-16  6.2158e-15
1259.5663     11.50    0.3879    0.0713  2.4107e-15  4.4331e-16  6.2146e-15
1259.5962     18.62    0.5995    0.0880  3.7249e-15  5.4663e-16  6.2134e-15
1259.6261     25.74    0.7575    0.0986  4.7055e-15  6.1253e-16  6.2122e-15
1259.6560     32.86    0.5835    0.0869  3.6242e-15  5.3968e-16  6.2110e-15
1259.6859     39.98    0.6249    0.0898  3.8808e-15  5.5779e-16  6.2099e-15
1259.7159     47.09    0.8635    0.1051  5.3614e-15  6.5270e-16  6.2087e-15
1259.7458     54.21    0.7446    0.0978  4.6219e-15  6.0702e-16  6.2075e-15
1259.7757     61.33    0.6990    0.0949  4.3382e-15  5.8911e-16  6.2063e-15
1259.8056     68.45    0.8904    0.1068  5.5250e-15  6.6287e-16  6.2052e-15
1259.8355     75.57    0.8246    0.1029  5.1160e-15  6.3814e-16  6.2040e-15
1259.8654     82.69    0.7968    0.1012  4.9427e-15  6.2767e-16  6.2028e-15
1259.8953     89.81    0.7984    0.1013  4.9515e-15  6.2803e-16  6.2016e-15
1259.9252     96.93    0.8596    0.1050  5.3302e-15  6.5101e-16  6.2005e-15
1259.9551    104.05    0.8784    0.1061  5.4453e-15  6.5777e-16  6.1993e-15
1259.9850    111.17    0.9725    0.1116  6.0275e-15  6.9143e-16  6.1981e-15
1260.0150    118.29    0.9969    0.1129  6.1777e-15  6.9970e-16  6.1969e-15
1260.0449    125.41    0.8328    0.1034  5.1598e-15  6.4042e-16  6.1958e-15
1260.0748    132.53    0.8873    0.1066  5.4962e-15  6.6061e-16  6.1946e-15
1260.1047    139.64    0.8750    0.1059  5.4195e-15  6.5616e-16  6.1934e-15
1260.1346    146.76    0.8413    0.1040  5.2093e-15  6.4393e-16  6.1922e-15
1260.1645    153.88    0.9005    0.1075  5.5748e-15  6.6536e-16  6.1911e-15
1260.1944    161.00    0.6085    0.0888  3.7666e-15  5.4961e-16  6.1899e-15
1260.2243    168.12    0.5509    0.0847  3.4092e-15  5.2392e-16  6.1887e-15
1260.2542    175.24    0.2152    0.0542  1.3315e-15  3.3519e-16  6.1876e-15
1260.2841    182.36    0.1652    0.0480  1.0220e-15  2.9700e-16  6.1864e-15
1260.3141    189.48    0.0693    0.0332  4.2866e-16  2.0544e-16  6.1852e-15
1260.3440    196.60    0.0529    0.0299  3.2703e-16  1.8519e-16  6.1840e-15
1260.3739    203.72    0.0649    0.0324  4.0131e-16  2.0045e-16  6.1829e-15
1260.4038    210.84    0.0074    0.0180  4.5964e-17  1.1157e-16  6.1817e-15
1260.4337    217.96    0.0168    0.0212  1.0383e-16  1.3105e-16  6.1805e-15
1260.4636    225.08    0.0030    0.0168  1.8815e-17  1.0405e-16  6.1794e-15
1260.4935    232.19    0.0316    0.0252  1.9507e-16  1.5587e-16  6.1782e-15
1260.5234    239.31    0.0297    0.0245  1.8318e-16  1.5126e-16  6.1770e-15
1260.5533    246.43    0.0112    0.0193  6.9103e-17  1.1925e-16  6.1759e-15
1260.5832    253.55    0.0241    0.0231  1.4903e-16  1.4264e-16  6.1747e-15
1260.6132    260.67    0.0267    0.0237  1.6476e-16  1.4619e-16  6.1735e-15
1260.6431    267.79    0.0167    0.0208  1.0313e-16  1.2856e-16  6.1724e-15
1260.6730    274.91    0.0548    0.0302  3.3808e-16  1.8655e-16  6.1712e-15
1260.7029    282.03    0.0255    0.0234  1.5721e-16  1.4461e-16  6.1700e-15
1260.7328    289.15    0.0456    0.0282  2.8144e-16  1.7427e-16  6.1689e-15
1260.7627    296.27    0.0319    0.0251  1.9658e-16  1.5480e-16  6.1677e-15
1260.7926    303.39    0.0977    0.0382  6.0217e-16  2.3569e-16  6.1665e-15
1260.8225    310.51    0.1160    0.0411  7.1495e-16  2.5361e-16  6.1654e-15
1260.8524    317.63    0.2330    0.0563  1.4364e-15  3.4680e-16  6.1642e-15
1260.8823    324.74    0.3368    0.0669  2.0758e-15  4.1248e-16  6.1630e-15
1260.9123    331.86    0.2764    0.0610  1.7031e-15  3.7600e-16  6.1619e-15
1260.9422    338.98    0.3806    0.0760  2.3445e-15  4.6838e-16  6.1607e-15
1260.9721    346.10    0.6834    0.1053  4.2096e-15  6.4875e-16  6.1596e-15
1261.0020    353.22    0.5795    0.1079  3.5688e-15  6.6424e-16  6.1584e-15
1261.0319    360.34    0.6510    0.1280  4.0081e-15  7.8805e-16  6.1572e-15
1261.0618    367.46    0.5624    0.1211  3.4621e-15  7.4547e-16  6.1561e-15
1261.0917    374.58    0.6558    0.1233  4.0363e-15  7.5916e-16  6.1549e-15
1261.1216    381.70    0.7971    0.1349  4.9050e-15  8.3043e-16  6.1538e-15
1261.1515    388.82    0.8843    0.1461  5.4410e-15  8.9904e-16  6.1526e-15
1261.1814    395.94    0.9390    0.1506  5.7765e-15  9.2623e-16  6.1514e-15
1261.2114    403.06    1.0442    0.1538  6.4224e-15  9.4572e-16  6.1503e-15
1261.2413    410.18    0.9162    0.1462  5.6338e-15  8.9924e-16  6.1491e-15
1261.2712    417.29    0.9697    0.1486  5.9619e-15  9.1361e-16  6.1480e-15
1261.3011    424.41    1.0059    0.1506  6.1829e-15  9.2564e-16  6.1468e-15
1261.3310    431.53    0.8289    0.1414  5.0941e-15  8.6882e-16  6.1457e-15
1261.3609    438.65    1.2045    0.1663  7.4009e-15  1.0221e-15  6.1445e-15
1261.3908    445.77    1.1125    0.1555  6.8347e-15  9.5543e-16  6.1434e-15
1261.4207    452.89    1.0921    0.1570  6.7082e-15  9.6463e-16  6.1422e-15
1261.4506    460.01    1.0889    0.1584  6.6869e-15  9.7250e-16  6.1411e-15
1261.4805    467.13    0.8949    0.1480  5.4944e-15  9.0868e-16  6.1399e-15
1261.5105    474.25    1.0341    0.1540  6.3479e-15  9.4508e-16  6.1388e-15
1261.5404    481.37    0.9838    0.1466  6.0380e-15  9.0006e-16  6.1376e-15
1261.5703    488.49    0.9243    0.1501  5.6718e-15  9.2079e-16  6.1365e-15
1261.6002    495.61    1.0243    0.1538  6.2847e-15  9.4351e-16  6.1353e-15
1261.6301    502.73    1.0322    0.1546  6.3314e-15  9.4856e-16  6.1342e-15
1261.6600    509.84    0.9438    0.1505  5.7884e-15  9.2284e-16  6.1330e-15
1261.6899    516.96    1.0345    0.1554  6.3432e-15  9.5278e-16  6.1319e-15
1261.7198    524.08    0.8109    0.1377  4.9714e-15  8.4449e-16  6.1307e-15
1261.7497    531.20    0.9757    0.1530  5.9803e-15  9.3793e-16  6.1296e-15
1261.7796    538.32    0.9009    0.1430  5.5208e-15  8.7608e-16  6.1284e-15
1261.8096    545.44    1.0267    0.1575  6.2910e-15  9.6479e-16  6.1273e-15
1261.8395    552.56    1.0916    0.1584  6.6872e-15  9.7050e-16  6.1261e-15
1261.8694    559.68    1.1284    0.1629  6.9113e-15  9.9799e-16  6.1250e-15
1261.8993    566.80    1.1987    0.1657  7.3406e-15  1.0149e-15  6.1239e-15
1261.9292    573.92    0.9399    0.1450  5.7546e-15  8.8777e-16  6.1227e-15
1261.9591    581.04    1.2324    0.1665  7.5444e-15  1.0191e-15  6.1216e-15
1261.9890    588.16    1.0332    0.1524  6.3239e-15  9.3254e-16  6.1204e-15
1262.0189    595.28    0.9481    0.1450  5.8019e-15  8.8759e-16  6.1193e-15
1262.0488    602.39    0.8058    0.1398  4.9299e-15  8.5532e-16  6.1182e-15
1262.0787    609.51    0.8286    0.1363  5.0684e-15  8.3388e-16  6.1170e-15
1262.1087    616.63    0.8935    0.1446  5.4645e-15  8.8417e-16  6.1159e-15
1262.1386    623.75    1.0676    0.1620  6.5278e-15  9.9040e-16  6.1148e-15
1262.1685    630.87    1.0080    0.1521  6.1622e-15  9.3012e-16  6.1136e-15
1262.1984    637.99    1.0242    0.1548  6.2601e-15  9.4645e-16  6.1125e-15
1262.2283    645.11    1.0321    0.1537  6.3077e-15  9.3951e-16  6.1114e-15
1262.2582    652.23    1.0947    0.1611  6.6890e-15  9.8434e-16  6.1102e-15
1262.2881    659.35    1.0653    0.1552  6.5082e-15  9.4825e-16  6.1091e-15
1262.3180    666.47    0.9121    0.1456  5.5712e-15  8.8922e-16  6.1080e-15
1262.3479    673.59    0.8723    0.1437  5.3269e-15  8.7762e-16  6.1068e-15
1262.3778    680.71    1.0209    0.1549  6.2332e-15  9.4550e-16  6.1057e-15
1262.4078    687.83    0.8525    0.1414  5.2044e-15  8.6317e-16  6.1046e-15
1262.4377    694.94    0.8743    0.1413  5.3365e-15  8.6262e-16  6.1034e-15
1262.4676    702.06    1.0059    0.1514  6.1381e-15  9.2378e-16  6.1023e-15
1262.4975    709.18    1.0456    0.1553  6.3795e-15  9.4752e-16  6.1012e-15
1262.5274    716.30    0.9865    0.1516  6.0178e-15  9.2469e-16  6.1001e-15
1262.5573    723.42    0.9353    0.1507  5.7040e-15  9.1901e-16  6.0989e-15
1262.5872    730.54    1.0749    0.1574  6.5546e-15  9.6004e-16  6.0978e-15
1262.6171    737.66    1.0783    0.1546  6.5740e-15  9.4244e-16  6.0967e-15
1262.6470    744.78    1.0285    0.1529  6.2694e-15  9.3181e-16  6.0956e-15
1262.6769    751.90    1.0531    0.1554  6.4178e-15  9.4692e-16  6.0945e-15
1262.7069    759.02    1.0785    0.1526  6.5719e-15  9.2977e-16  6.0933e-15
1262.7368    766.14    0.8837    0.1413  5.3838e-15  8.6109e-16  6.0922e-15
1262.7667    773.26    0.8053    0.1458  4.9055e-15  8.8813e-16  6.0911e-15
1262.7966    780.38    0.9954    0.1546  6.0622e-15  9.4162e-16  6.0900e-15
1262.8265    787.49    0.8810    0.1466  5.3643e-15  8.9290e-16  6.0889e-15
1262.8564    794.61    0.9733    0.1538  5.9253e-15  9.3647e-16  6.0877e-15
1262.8863    801.73    0.8928    0.1433  5.4344e-15  8.7231e-16  6.0866e-15
1262.9162    808.85    0.8982    0.1453  5.4663e-15  8.8422e-16  6.0855e-15
1262.9461    815.97    1.1501    0.1569  6.9976e-15  9.5445e-16  6.0844e-15
1262.9760    823.09    1.0214    0.1413  6.2133e-15  8.5966e-16  6.0833e-15
1263.0060    830.21    1.0355    0.1299  6.2981e-15  7.9026e-16  6.0822e-15
1263.0359    837.33    1.0380    0.1162  6.3120e-15  7.0671e-16  6.0811e-15
1263.0658    844.45    1.0351    0.1161  6.2934e-15  7.0564e-16  6.0800e-15
1263.0957    851.57    1.1089    0.1200  6.7409e-15  7.2933e-16  6.0789e-15
1263.1256    858.69    0.9189    0.1094  5.5847e-15  6.6519e-16  6.0778e-15
1263.1555    865.81    1.0085    0.1146  6.1281e-15  6.9621e-16  6.0767e-15
1263.1854    872.93    1.2255    0.1404  7.4453e-15  8.5275e-16  6.0755e-15
1263.2153    880.04    0.8833    0.1222  5.3655e-15  7.4242e-16  6.0744e-15
1263.2452    887.16    0.9529    0.1447  5.7874e-15  8.7855e-16  6.0733e-15
1263.2751    894.28    1.1365    0.1640  6.9011e-15  9.9594e-16  6.0722e-15
1263.3051    901.40    0.8904    0.1423  5.4056e-15  8.6369e-16  6.0711e-15
1263.3350    908.52    0.7333    0.1321  4.4509e-15  8.0165e-16  6.0700e-15
1263.3649    915.64    0.8562    0.1342  5.1964e-15  8.1416e-16  6.0689e-15
1263.3948    922.76    0.5196    0.0940  3.1531e-15  5.7011e-16  6.0678e-15
1263.4247    929.88    0.3576    0.0709  2.1692e-15  4.3021e-16  6.0667e-15
1263.4546    937.00    0.3617    0.0698  2.1939e-15  4.2339e-16  6.0657e-15
1263.4845    944.12    0.4586    0.0781  2.7809e-15  4.7382e-16  6.0646e-15
1263.5144    951.24    0.7781    0.1011  4.7177e-15  6.1293e-16  6.0635e-15
1263.5443    958.36    0.6986    0.0959  4.2353e-15  5.8134e-16  6.0624e-15
1263.5742    965.47    0.3682    0.0704  2.2320e-15  4.2686e-16  6.0613e-15
1263.6042    972.59    0.1960    0.0525  1.1881e-15  3.1839e-16  6.0602e-15
1263.6341    979.71    0.2595    0.0597  1.5725e-15  3.6200e-16  6.0591e-15
1263.6640    986.83    0.2498    0.0587  1.5134e-15  3.5579e-16  6.0580e-15
1263.6939    993.95    0.1837    0.0510  1.1129e-15  3.0909e-16  6.0569e-15
1263.7238   1001.07    0.1903    0.0518  1.1523e-15  3.1340e-16  6.0558e-15
1263.7537   1008.19    0.4027    0.0735  2.4380e-15  4.4502e-16  6.0548e-15
1263.7836   1015.31    0.4485    0.0774  2.7150e-15  4.6843e-16  6.0537e-15
1263.8135   1022.43    0.5964    0.0888  3.6099e-15  5.3723e-16  6.0526e-15
1263.8434   1029.55    0.6695    0.0939  4.0513e-15  5.6803e-16  6.0515e-15
1263.8733   1036.67    0.7263    0.0977  4.3945e-15  5.9117e-16  6.0504e-15
1263.9033   1043.79    0.8581    0.1061  5.1908e-15  6.4154e-16  6.0494e-15
1263.9332   1050.91    0.9210    0.1098  5.5703e-15  6.6403e-16  6.0483e-15
1263.9631   1058.02    1.0332    0.1162  6.2481e-15  7.0274e-16  6.0472e-15
1263.9930   1065.14    0.9654    0.1124  5.8372e-15  6.7934e-16  6.0461e-15
1264.0229   1072.26    0.8412    0.1371  5.0850e-15  8.2865e-16  6.0451e-15
1264.0528   1079.38    0.9711    0.1552  5.8695e-15  9.3798e-16  6.0440e-15
1264.0827   1086.50    1.1108    0.1603  6.7125e-15  9.6872e-16  6.0429e-15
1264.1126   1093.62    0.9091    0.1503  5.4928e-15  9.0832e-16  6.0418e-15
1264.1425   1100.74    1.0620    0.1604  6.4153e-15  9.6879e-16  6.0408e-15
1264.1724   1107.86    0.9537    0.1489  5.7602e-15  8.9930e-16  6.0397e-15
1264.2024   1114.98    1.0824    0.1531  6.5362e-15  9.2458e-16  6.0386e-15
1264.2323   1122.10    0.8550    0.1447  5.1619e-15  8.7377e-16  6.0376e-15
1264.2622   1129.22    0.9978    0.1476  6.0232e-15  8.9078e-16  6.0365e-15
1264.2921   1136.34    1.0475    0.1546  6.3223e-15  9.3298e-16  6.0354e-15
1264.3220   1143.46    1.0363    0.1546  6.2537e-15  9.3320e-16  6.0344e-15
1264.3519   1150.57    0.8990    0.1447  5.4239e-15  8.7304e-16  6.0333e-15
1264.3818   1157.69    0.9870    0.1478  5.9539e-15  8.9174e-16  6.0323e-15
1264.4117   1164.81    1.0358    0.1524  6.2471e-15  9.1920e-16  6.0312e-15
1264.4416   1171.93    1.1629    0.1262  7.0122e-15  7.6093e-16  6.0302e-15
1264.4715   1179.05    1.0594    0.1179  6.3874e-15  7.1069e-16  6.0291e-15
1264.5015   1186.17    0.9952    0.1143  5.9992e-15  6.8910e-16  6.0280e-15
1264.5314   1193.29    1.0739    0.1186  6.4725e-15  7.1490e-16  6.0270e-15
1264.5613   1200.41    0.9594    0.1123  5.7810e-15  6.7687e-16  6.0259e-15
1264.5912   1207.53    0.9834    0.1137  5.9247e-15  6.8501e-16  6.0249e-15
1264.6211   1214.65    0.9724    0.1130  5.8574e-15  6.8090e-16  6.0238e-15
1264.6510   1221.77    1.0427    0.1170  6.2798e-15  7.0471e-16  6.0228e-15
1264.6809   1228.89    0.8370    0.1051  5.0402e-15  6.3259e-16  6.0217e-15
1264.7108   1236.01    0.9263    0.1104  5.5769e-15  6.6480e-16  6.0207e-15
1264.7407   1243.12    1.2329    0.1271  7.4216e-15  7.6533e-16  6.0197e-15
1264.7706   1250.24    1.1733    0.1241  7.0614e-15  7.4691e-16  6.0186e-15
1264.8006   1257.36    0.8859    0.1081  5.3310e-15  6.5024e-16  6.0176e-15
1264.8305   1264.48    1.0559    0.1178  6.3530e-15  7.0875e-16  6.0165e-15
1264.8604   1271.60    1.0998    0.1202  6.6160e-15  7.2307e-16  6.0155e-15
1264.8903   1278.72    0.9555    0.1122  5.7467e-15  6.7511e-16  6.0145e-15
1264.9202   1285.84    1.0607    0.1181  6.3785e-15  7.1038e-16  6.0134e-15
1264.9501   1292.96    0.9902    0.1142  5.9536e-15  6.8667e-16  6.0124e-15
1264.9800   1300.08    1.0170    0.1157  6.1138e-15  6.9553e-16  6.0114e-15
1265.0099   1307.20    0.8492    0.1060  5.1043e-15  6.3711e-16  6.0103e-15
1265.0398   1314.32    1.0371    0.1168  6.2319e-15  7.0205e-16  6.0093e-15
1265.0697   1321.44    1.0755    0.1190  6.4618e-15  7.1501e-16  6.0083e-15
1265.0997   1328.56    0.9792    0.1137  5.8824e-15  6.8286e-16  6.0072e-15
1265.1296   1335.67    1.0154    0.1157  6.0988e-15  6.9491e-16  6.0062e-15
1265.1595   1342.79    1.0699    0.1187  6.4250e-15  7.1305e-16  6.0052e-15
1265.1894   1349.91    0.8675    0.1071  5.2085e-15  6.4321e-16  6.0042e-15
1265.2193   1357.03    1.1684    0.1241  7.0141e-15  7.4474e-16  6.0032e-15
1265.2492   1364.15    1.0355    0.1169  6.2150e-15  7.0150e-16  6.0021e-15
1265.2791   1371.27    1.1095    0.1210  6.6584e-15  7.2605e-16  6.0011e-15
1265.3090   1378.39    0.9907    0.1144  5.9441e-15  6.8660e-16  6.0001e-15
1265.3389   1385.51    1.0657    0.1186  6.3934e-15  7.1135e-16  5.9991e-15
1265.3688   1392.63    1.0859    0.1196  6.5135e-15  7.1761e-16  5.9981e-15
1265.3988   1399.75    0.9978    0.1148  5.9838e-15  6.8842e-16  5.9971e-15
1265.4287   1406.87    1.1355    0.1224  6.8085e-15  7.3376e-16  5.9960e-15
1265.4586   1413.99    0.9874    0.1143  5.9197e-15  6.8540e-16  5.9950e-15
1265.4885   1421.11    1.1217    0.1216  6.7234e-15  7.2904e-16  5.9940e-15
1265.5184   1428.22    1.1005    0.1205  6.5954e-15  7.2206e-16  5.9930e-15
1265.5483   1435.34    1.1893    0.1252  7.1264e-15  7.5007e-16  5.9920e-15
1265.5782   1442.46    1.1359    0.1224  6.8049e-15  7.3347e-16  5.9910e-15
1265.6081   1449.58    0.9405    0.1116  5.6336e-15  6.6877e-16  5.9900e-15
1265.6380   1456.70    1.1189    0.1215  6.7014e-15  7.2775e-16  5.9890e-15
1265.6679   1463.82    1.1167    0.1214  6.6866e-15  7.2679e-16  5.9880e-15
1265.6979   1470.94    0.9662    0.1131  5.7849e-15  6.7716e-16  5.9870e-15
1265.7278   1478.06    0.8307    0.1051  4.9724e-15  6.2894e-16  5.9860e-15
1265.7577   1485.18    0.8261    0.1048  4.9443e-15  6.2724e-16  5.9850e-15
1265.7876   1492.30    1.0561    0.1182  6.3197e-15  7.0704e-16  5.9840e-15
1265.8175   1499.42    0.9926    0.1147  5.9388e-15  6.8621e-16  5.9830e-15
1265.8474   1506.54    1.0784    0.1194  6.4513e-15  7.1426e-16  5.9821e-15
1265.8773   1513.66    0.8983    0.1092  5.3731e-15  6.5333e-16  5.9811e-15
1265.9072   1520.77    0.8693    0.1075  5.1985e-15  6.4295e-16  5.9801e-15
1265.9371   1527.89    0.9754    0.1137  5.8319e-15  6.8006e-16  5.9791e-15
1265.9670   1535.01    1.0661    0.1189  6.3732e-15  7.1057e-16  5.9781e-15
1265.9970   1542.13    1.1237    0.1219  6.7164e-15  7.2882e-16  5.9771e-15
1266.0269   1549.25    1.1934    0.1257  7.1319e-15  7.5102e-16  5.9762e-15
1266.0568   1556.37    0.9440    0.1120  5.6405e-15  6.6916e-16  5.9752e-15
1266.0867   1563.49    0.9247    0.1109  5.5243e-15  6.6242e-16  5.9742e-15
1266.1166   1570.61    1.1294    0.1224  6.7463e-15  7.3085e-16  5.9732e-15
1266.1465   1577.73    0.9852    0.1145  5.8839e-15  6.8353e-16  5.9722e-15
1266.1764   1584.85    0.9990    0.1152  5.9651e-15  6.8793e-16  5.9713e-15
1266.2063   1591.97    0.8824    0.1084  5.2681e-15  6.4715e-16  5.9703e-15
1266.2362   1599.09    0.9657    0.1133  5.7644e-15  6.7642e-16  5.9693e-15
1266.2661   1606.21    0.9715    0.1136  5.7981e-15  6.7827e-16  5.9684e-15
1266.2961   1613.32    1.1089    0.1213  6.6175e-15  7.2358e-16  5.9674e-15
1266.3260   1620.44    1.0239    0.1165  6.1088e-15  6.9530e-16  5.9664e-15
1266.3559   1627.56    1.0308    0.1171  6.1495e-15  6.9829e-16  5.9655e-15
1266.3858   1634.68    1.0056    0.1157  5.9981e-15  6.9009e-16  5.9645e-15
1266.4157   1641.80    0.9431    0.1121  5.6243e-15  6.6826e-16  5.9636e-15
1266.4456   1648.92    0.9706    0.1136  5.7870e-15  6.7734e-16  5.9626e-15
1266.4755   1656.04    0.8769    0.1081  5.2276e-15  6.4456e-16  5.9617e-15
1266.5054   1663.16    0.9754    0.1139  5.8138e-15  6.7867e-16  5.9607e-15
1266.5353   1670.28    1.1349    0.1227  6.7638e-15  7.3134e-16  5.9597e-15
1266.5652   1677.40    1.1163    0.1217  6.6521e-15  7.2521e-16  5.9588e-15
1266.5952   1684.52    0.9752    0.1139  5.8100e-15  6.7861e-16  5.9579e-15
1266.6251   1691.64    0.9656    0.1134  5.7522e-15  6.7546e-16  5.9569e-15
1266.6550   1698.76    1.0073    0.1157  5.9993e-15  6.8915e-16  5.9560e-15
1266.6849   1705.87    0.9018    0.1097  5.3700e-15  6.5299e-16  5.9550e-15
1266.7148   1712.99    0.9062    0.1099  5.3958e-15  6.5457e-16  5.9541e-15
1266.7447   1720.11    0.9510    0.1125  5.6612e-15  6.6997e-16  5.9531e-15
1266.7746   1727.23    0.9080    0.1100  5.4044e-15  6.5492e-16  5.9522e-15
1266.8045   1734.35    0.8542    0.1068  5.0836e-15  6.3560e-16  5.9513e-15
1266.8344   1741.47    1.1510    0.1236  6.8488e-15  7.3545e-16  5.9503e-15
1266.8643   1748.59    1.0948    0.1207  6.5134e-15  7.1780e-16  5.9494e-15
1266.8943   1755.71    0.9330    0.1116  5.5501e-15  6.6372e-16  5.9485e-15
1266.9242   1762.83    0.9992    0.1154  5.9427e-15  6.8659e-16  5.9475e-15
1266.9541   1769.95    1.0761    0.1197  6.3990e-15  7.1175e-16  5.9466e-15
1266.9840   1777.07    1.0013    0.1155  5.9536e-15  6.8700e-16  5.9457e-15
1267.0139   1784.19    1.0924    0.1206  6.4939e-15  7.1702e-16  5.9448e-15
1267.0438   1791.31    1.0122    0.1162  6.0161e-15  6.9039e-16  5.9438e-15
1267.0737   1798.42    0.9337    0.1174  5.5492e-15  6.9759e-16  5.9429e-15
1267.1036   1805.54    0.8185    0.1445  4.8633e-15  8.5866e-16  5.9420e-15
1267.1335   1812.66    1.0282    0.1588  6.1086e-15  9.4330e-16  5.9411e-15
1267.1634   1819.78    0.9876    0.1536  5.8665e-15  9.1240e-16  5.9402e-15
1267.1934   1826.90    0.8027    0.1412  4.7677e-15  8.3883e-16  5.9393e-15
1267.2233   1834.02    0.8680    0.1488  5.1542e-15  8.8338e-16  5.9384e-15
1267.2532   1841.14    0.9501    0.1509  5.6414e-15  8.9583e-16  5.9374e-15
1267.2831   1848.26    0.9504    0.1525  5.6424e-15  9.0516e-16  5.9365e-15
1267.3130   1855.38    0.9947    0.1576  5.9041e-15  9.3558e-16  5.9356e-15
1267.3429   1862.50    0.8432    0.1466  5.0043e-15  8.7018e-16  5.9347e-15
1267.3728   1869.62    1.0718    0.1577  6.3601e-15  9.3571e-16  5.9338e-15
1267.4027   1876.74    1.0948    0.1622  6.4951e-15  9.6256e-16  5.9329e-15
1267.4326   1883.86    0.9990    0.1502  5.9262e-15  8.9084e-16  5.9320e-15
1267.4625   1890.97    1.0507    0.1591  6.2317e-15  9.4357e-16  5.9311e-15
1267.4925   1898.09    1.0847    0.1617  6.4326e-15  9.5870e-16  5.9303e-15
1267.5224   1905.21    0.9416    0.1503  5.5833e-15  8.9101e-16  5.9294e-15
1267.5523   1912.33    0.9270    0.1510  5.4957e-15  8.9491e-16  5.9285e-15
1267.5822   1919.45    0.9324    0.1480  5.5271e-15  8.7747e-16  5.9276e-15
1267.6121   1926.57    0.8615    0.1202  5.1060e-15  7.1229e-16  5.9267e-15
1267.6420   1933.69    1.0380    0.1179  6.1512e-15  6.9843e-16  5.9258e-15
1267.6719   1940.81    0.9737    0.1142  5.7691e-15  6.7676e-16  5.9249e-15
1267.7018   1947.93    0.9234    0.1113  5.4703e-15  6.5943e-16  5.9241e-15
1267.7317   1955.05    0.9244    0.1113  5.4757e-15  6.5954e-16  5.9232e-15
1267.7616   1962.17    0.9344    0.1119  5.5341e-15  6.6300e-16  5.9223e-15
1267.7916   1969.29    1.0125    0.1165  5.9954e-15  6.8963e-16  5.9214e-15
1267.8215   1976.40    0.8190    0.1050  4.8490e-15  6.2162e-16  5.9206e-15
1267.8514   1983.52    0.8888    0.1092  5.2614e-15  6.4664e-16  5.9197e-15
1267.8813   1990.64    0.9580    0.1133  5.6701e-15  6.7078e-16  5.9188e-15
1267.9112   1997.76    1.0279    0.1173  6.0833e-15  6.9398e-16  5.9180e-15
1267.9411   2004.88    1.0253    0.1171  6.0670e-15  6.9304e-16  5.9171e-15
1267.9710   2012.00    0.9450    0.1125  5.5908e-15  6.6553e-16  5.9162e-15
1268.0009   2019.12    1.1015    0.1213  6.5160e-15  7.1741e-16  5.9154e-15
1268.0308   2026.24    0.8787    0.1086  5.1971e-15  6.4226e-16  5.9145e-15
1268.0607   2033.36    1.2254    0.1278  7.2466e-15  7.5604e-16  5.9137e-15
1268.0907   2040.48    1.1083    0.1217  6.5534e-15  7.1936e-16  5.9128e-15
1268.1206   2047.60    0.9375    0.1121  5.5424e-15  6.6269e-16  5.9120e-15
1268.1505   2054.72    1.0010    0.1157  5.9172e-15  6.8396e-16  5.9111e-15
1268.1804   2061.84    1.0650    0.1193  6.2945e-15  7.0523e-16  5.9103e-15
1268.2103   2068.95    1.1599    0.1245  6.8544e-15  7.3551e-16  5.9094e-15
1268.2402   2076.07    1.0545    0.1188  6.2305e-15  7.0176e-16  5.9086e-15
1268.2701   2083.19    0.9396    0.1122  5.5509e-15  6.6266e-16  5.9077e-15
1268.3000   2090.31    1.0421    0.1181  6.1555e-15  6.9749e-16  5.9069e-15
1268.3299   2097.43    1.0927    0.1209  6.4535e-15  7.1399e-16  5.9061e-15
1268.3598   2104.55    0.9125    0.1107  5.3885e-15  6.5342e-16  5.9052e-15
1268.3898   2111.67    1.1351    0.1232  6.7020e-15  7.2723e-16  5.9044e-15
1268.4197   2118.79    0.9544    0.1131  5.6341e-15  6.6778e-16  5.9036e-15
1268.4496   2125.91    0.9960    0.1155  5.8792e-15  6.8191e-16  5.9027e-15
1268.4795   2133.03    1.0566    0.1189  6.2357e-15  7.0188e-16  5.9019e-15
1268.5094   2140.15    1.1520    0.1241  6.7981e-15  7.3218e-16  5.9011e-15
1268.5393   2147.27    1.0412    0.1181  6.1433e-15  6.9671e-16  5.9003e-15
1268.5692   2154.39    0.9409    0.1124  5.5510e-15  6.6282e-16  5.8995e-15
1268.5991   2161.50    0.9280    0.1116  5.4738e-15  6.5829e-16  5.8986e-15
1268.6290   2168.62    1.0466    0.1184  6.1729e-15  6.9818e-16  5.8978e-15
1268.6589   2175.74    1.0327    0.1176  6.0898e-15  6.9341e-16  5.8970e-15
1268.6889   2182.86    1.0962    0.1211  6.4632e-15  7.1400e-16  5.8962e-15
1268.7188   2189.98    1.1429    0.1237  6.7376e-15  7.2903e-16  5.8954e-15
1268.7487   2197.10    1.1181    0.1223  6.5909e-15  7.2080e-16  5.8946e-15
1268.7786   2204.22    1.1006    0.1213  6.4868e-15  7.1519e-16  5.8938e-15
1268.8085   2211.34    1.0247    0.1172  6.0384e-15  6.9072e-16  5.8930e-15
1268.8384   2218.46    1.0384    0.1179  6.1186e-15  6.9479e-16  5.8922e-15
1268.8683   2225.58    0.9010    0.1101  5.3083e-15  6.4844e-16  5.8914e-15
1268.8982   2232.70    0.9378    0.1122  5.5240e-15  6.6086e-16  5.8906e-15
1268.9281   2239.82    0.9941    0.1155  5.8550e-15  6.7999e-16  5.8898e-15
1268.9580   2246.94    0.8954    0.1097  5.2729e-15  6.4612e-16  5.8890e-15
1268.9880   2254.05    1.0916    0.1209  6.4273e-15  7.1209e-16  5.8882e-15
1269.0179   2261.17    1.0296    0.1175  6.0617e-15  6.9176e-16  5.8874e-15
1269.0478   2268.29    1.0549    0.1190  6.2099e-15  7.0043e-16  5.8866e-15
1269.0777   2275.41    1.0080    0.1163  5.9329e-15  6.8460e-16  5.8859e-15
1269.1076   2282.53    1.0555    0.1189  6.2116e-15  6.9988e-16  5.8851e-15
1269.1375   2289.65    1.1072    0.1218  6.5150e-15  7.1679e-16  5.8843e-15
1269.1674   2296.77    1.0647    0.1195  6.2643e-15  7.0318e-16  5.8835e-15
1269.1973   2303.89    1.0846    0.1206  6.3807e-15  7.0973e-16  5.8828e-15
1269.2272   2311.01    1.1269    0.1229  6.6285e-15  7.2317e-16  5.8820e-15
1269.2571   2318.13    1.0898    0.1209  6.4092e-15  7.1098e-16  5.8812e-15
1269.2871   2325.25    0.9146    0.1189  5.3781e-15  6.9918e-16  5.8805e-15
1269.3170   2332.37    0.9886    0.1332  5.8129e-15  7.8304e-16  5.8797e-15
1269.3469   2339.49    1.0616    0.1320  6.2412e-15  7.7584e-16  5.8789e-15
1269.3768   2346.60    1.0203    0.1440  5.9973e-15  8.4663e-16  5.8782e-15
1269.4067   2353.72    1.0677    0.1596  6.2752e-15  9.3811e-16  5.8774e-15
1269.4366   2360.84    1.1703    0.1649  6.8775e-15  9.6908e-16  5.8767e-15
1269.4665   2367.96    0.8527    0.1497  5.0104e-15  8.7956e-16  5.8759e-15
1269.4964   2375.08    1.0774    0.1603  6.3298e-15  9.4177e-16  5.8752e-15
1269.5263   2382.20    1.0276    0.1595  6.0366e-15  9.3707e-16  5.8744e-15
1269.5562   2389.32    1.0028    0.1538  5.8900e-15  9.0352e-16  5.8737e-15
1269.5862   2396.44    1.1311    0.1697  6.6431e-15  9.9676e-16  5.8729e-15
1269.6161   2403.56    0.8267    0.1428  4.8547e-15  8.3878e-16  5.8722e-15
1269.6460   2410.68    0.8046    0.1436  4.7242e-15  8.4325e-16  5.8715e-15
1269.6759   2417.80    1.1381    0.1675  6.6817e-15  9.8360e-16  5.8707e-15
1269.7058   2424.92    0.9644    0.1467  5.6608e-15  8.6133e-16  5.8700e-15
1269.7357   2432.04    1.0783    0.1518  6.3287e-15  8.9095e-16  5.8693e-15
1269.7656   2439.15    1.0725    0.1570  6.2937e-15  9.2120e-16  5.8685e-15
1269.7955   2446.27    1.0719    0.1617  6.2894e-15  9.4872e-16  5.8678e-15
1269.8254   2453.39    1.0363    0.1545  6.0800e-15  9.0644e-16  5.8671e-15
1269.8553   2460.51    1.0111    0.1322  5.9315e-15  7.7560e-16  5.8664e-15
1269.8853   2467.63    1.0144    0.1363  5.9503e-15  7.9950e-16  5.8657e-15
1269.9152   2474.75    0.9185    0.1189  5.3868e-15  6.9729e-16  5.8649e-15
1269.9451   2481.87    1.0289    0.1176  6.0336e-15  6.8955e-16  5.8642e-15
1269.9750   2488.99    0.8014    0.1040  4.6988e-15  6.0973e-16  5.8635e-15
1270.0049   2496.11    0.9196    0.1113  5.3917e-15  6.5282e-16  5.8628e-15
1270.0348   2503.23    1.0079    0.1164  5.9084e-15  6.8238e-16  5.8621e-15
1270.0647   2510.35    0.9569    0.1135  5.6088e-15  6.6541e-16  5.8614e-15
1270.0946   2517.47    1.0050    0.1163  5.8902e-15  6.8170e-16  5.8607e-15
1270.1245   2524.59    1.0076    0.1165  5.9046e-15  6.8246e-16  5.8600e-15
1270.1544   2531.70    0.8555    0.1075  5.0127e-15  6.2973e-16  5.8593e-15
1270.1844   2538.82    0.9278    0.1118  5.4354e-15  6.5507e-16  5.8586e-15
1270.2143   2545.94    0.9133    0.1110  5.3500e-15  6.5025e-16  5.8579e-15
1270.2442   2553.06    1.1427    0.1240  6.6929e-15  7.2603e-16  5.8572e-15
1270.2741   2560.18    0.8993    0.1102  5.2668e-15  6.4525e-16  5.8566e-15
1270.3040   2567.30    0.8700    0.1084  5.0946e-15  6.3479e-16  5.8559e-15
1270.3339   2574.42    0.9888    0.1155  5.7896e-15  6.7621e-16  5.8552e-15
1270.3638   2581.54    0.9507    0.1133  5.5661e-15  6.6312e-16  5.8545e-15
1270.3937   2588.66    0.8255    0.1057  4.8321e-15  6.1900e-16  5.8538e-15
1270.4236   2595.78    0.9735    0.1146  5.6978e-15  6.7062e-16  5.8532e-15
1270.4535   2602.90    1.2529    0.1297  7.3324e-15  7.5928e-16  5.8525e-15
1270.4835   2610.02    0.8854    0.1094  5.1813e-15  6.4017e-16  5.8518e-15
1270.5134   2617.14    0.9636    0.1141  5.6382e-15  6.6735e-16  5.8512e-15
1270.5433   2624.25    1.0284    0.1178  6.0167e-15  6.8896e-16  5.8505e-15
1270.5732   2631.37    1.0941    0.1214  6.4003e-15  7.1007e-16  5.8498e-15
1270.6031   2638.49    0.9863    0.1154  5.7693e-15  6.7487e-16  5.8492e-15
1270.6330   2645.61    1.1242    0.1230  6.5752e-15  7.1940e-16  5.8485e-15
1270.6629   2652.73    0.9907    0.1156  5.7934e-15  6.7615e-16  5.8479e-15
1270.6928   2659.85    0.9392    0.1126  5.4917e-15  6.5869e-16  5.8472e-15
1270.7227   2666.97    1.0878    0.1211  6.3599e-15  7.0822e-16  5.8466e-15
1270.7526   2674.09    0.9739    0.1148  5.6933e-15  6.7111e-16  5.8459e-15
