# Wave  Vhel  NormFlux  NormErr      Flux        Error       Continuum
1385.1584  -1850.21    0.9148    0.1519  7.4294e-15  1.2333e-15  8.1215e-15
1385.1883  -1843.78    0.8966    0.1483  7.2868e-15  1.2054e-15  8.1270e-15
1385.2182  -1837.35    0.9662    0.1548  7.8573e-15  1.2588e-15  8.1325e-15
1385.2481  -1830.91    1.0271    0.1567  8.3584e-15  1.2751e-15  8.1380e-15
1385.2780  -1824.48    0.9886    0.1542  8.0509e-15  1.2561e-15  8.1436e-15
1385.3079  -1818.05    0.8768    0.1438  7.1449e-15  1.1715e-15  8.1491e-15
1385.3379  -1811.61    0.9467    0.1511  7.7197e-15  1.2318e-15  8.1546e-15
1385.3678  -1805.18    0.9027    0.1530  7.3664e-15  1.2485e-15  8.1602e-15
1385.3977  -1798.75    0.9973    0.1567  8.1433e-15  1.2797e-15  8.1657e-15
1385.4276  -1792.31    0.8813    0.1476  7.2009e-15  1.2062e-15  8.1712e-15
1385.4575  -1785.88    1.0807    0.1599  8.8366e-15  1.3073e-15  8.1768e-15
1385.4874  -1779.45    1.2224    0.1737  1.0002e-14  1.4210e-15  8.1823e-15
1385.5173  -1773.01    0.8620    0.1247  7.0579e-15  1.0214e-15  8.1879e-15
1385.5472  -1766.58    0.8790    0.1097  7.2017e-15  8.9883e-16  8.1934e-15
1385.5771  -1760.14    0.9256    0.1124  7.5890e-15  9.2193e-16  8.1990e-15
1385.6070  -1753.71    0.7874    0.1039  6.4600e-15  8.5255e-16  8.2045e-15
1385.6370  -1747.28    0.7655    0.1024  6.2849e-15  8.4087e-16  8.2101e-15
1385.6669  -1740.84    0.8655    0.1086  7.1107e-15  8.9250e-16  8.2156e-15
1385.6968  -1734.41    0.9095    0.1113  7.4771e-15  9.1481e-16  8.2212e-15
1385.7267  -1727.98    0.9298    0.1124  7.6489e-15  9.2489e-16  8.2268e-15
1385.7566  -1721.54    0.9767    0.1151  8.0404e-15  9.4771e-16  8.2323e-15
1385.7865  -1715.11    0.9256    0.1121  7.6247e-15  9.2370e-16  8.2379e-15
1385.8164  -1708.68    1.1109    0.1226  9.1576e-15  1.0104e-15  8.2435e-15
1385.8463  -1702.24    1.0094    0.1170  8.3266e-15  9.6499e-16  8.2490e-15
1385.8762  -1695.81    1.0005    0.1164  8.2589e-15  9.6088e-16  8.2546e-15
1385.9061  -1689.38    0.9672    0.1145  7.9895e-15  9.4539e-16  8.2602e-15
1385.9361  -1682.94    1.1705    0.1256  9.6749e-15  1.0381e-15  8.2658e-15
1385.9660  -1676.51    1.0239    0.1176  8.4692e-15  9.7256e-16  8.2713e-15
1385.9959  -1670.08    1.0788    0.1206  8.9292e-15  9.9809e-16  8.2769e-15
1386.0258  -1663.64    0.8905    0.1098  7.3753e-15  9.0956e-16  8.2825e-15
1386.0557  -1657.21    0.8286    0.1060  6.8678e-15  8.7867e-16  8.2881e-15
1386.0856  -1650.77    1.0572    0.1193  8.7680e-15  9.8937e-16  8.2937e-15
1386.1155  -1644.34    0.9588    0.1137  7.9572e-15  9.4348e-16  8.2993e-15
1386.1454  -1637.91    0.9153    0.1111  7.6011e-15  9.2282e-16  8.3049e-15
1386.1753  -1631.47    0.8510    0.1072  7.0720e-15  8.9118e-16  8.3105e-15
1386.2052  -1625.04    0.7691    0.1021  6.3956e-15  8.4937e-16  8.3161e-15
1386.2352  -1618.61    0.8296    0.1059  6.9039e-15  8.8126e-16  8.3217e-15
1386.2651  -1612.17    1.1771    0.1255  9.8023e-15  1.0451e-15  8.3273e-15
1386.2950  -1605.74    0.9387    0.1123  7.8225e-15  9.3619e-16  8.3329e-15
1386.3249  -1599.31    0.9698    0.1141  8.0871e-15  9.5141e-16  8.3385e-15
1386.3548  -1592.87    0.8706    0.1082  7.2640e-15  9.0318e-16  8.3441e-15
1386.3847  -1586.44    1.0502    0.1186  8.7690e-15  9.9019e-16  8.3497e-15
1386.4146  -1580.01    0.8628    0.1077  7.2087e-15  8.9978e-16  8.3553e-15
1386.4445  -1573.57    0.9380    0.1121  7.8429e-15  9.3690e-16  8.3609e-15
1386.4744  -1567.14    0.9421    0.1123  7.8818e-15  9.3937e-16  8.3665e-15
1386.5043  -1560.71    0.9500    0.1127  7.9538e-15  9.4337e-16  8.3721e-15
1386.5343  -1554.27    0.9687    0.1137  8.1152e-15  9.5290e-16  8.3778e-15
1386.5642  -1547.84    0.8953    0.1094  7.5060e-15  9.1724e-16  8.3834e-15
1386.5941  -1541.40    1.0741    0.1196  9.0107e-15  1.0030e-15  8.3890e-15
1386.6240  -1534.97    0.9012    0.1098  7.5654e-15  9.2150e-16  8.3946e-15
1386.6539  -1528.54    0.8104    0.1042  6.8079e-15  8.7535e-16  8.4002e-15
1386.6838  -1522.10    0.9832    0.1144  8.2643e-15  9.6198e-16  8.4058e-15
1386.7137  -1515.67    0.9264    0.1111  7.7923e-15  9.3444e-16  8.4115e-15
1386.7436  -1509.24    0.8536    0.1067  7.1850e-15  8.9836e-16  8.4171e-15
1386.7735  -1502.80    0.9511    0.1125  8.0106e-15  9.4792e-16  8.4227e-15
1386.8034  -1496.37    1.0432    0.1177  8.7922e-15  9.9218e-16  8.4284e-15
1386.8334  -1489.94    0.7616    0.1009  6.4233e-15  8.5113e-16  8.4340e-15
1386.8633  -1483.50    0.8833    0.1084  7.4546e-15  9.1518e-16  8.4396e-15
1386.8932  -1477.07    0.7913    0.1027  6.6831e-15  8.6723e-16  8.4452e-15
1386.9231  -1470.64    0.9911    0.1146  8.3753e-15  9.6833e-16  8.4509e-15
1386.9530  -1464.20    0.9594    0.1128  8.1133e-15  9.5360e-16  8.4565e-15
1386.9829  -1457.77    0.8488    0.1062  7.1824e-15  8.9830e-16  8.4621e-15
1387.0128  -1451.34    0.8327    0.1051  7.0509e-15  8.8988e-16  8.4678e-15
1387.0427  -1444.90    0.8606    0.1068  7.2922e-15  9.0524e-16  8.4734e-15
1387.0726  -1438.47    1.0834    0.1195  9.1864e-15  1.0132e-15  8.4791e-15
1387.1025  -1432.03    1.0614    0.1182  9.0056e-15  1.0032e-15  8.4847e-15
1387.1325  -1425.60    0.8897    0.1085  7.5539e-15  9.2140e-16  8.4903e-15
1387.1624  -1419.17    0.9866    0.1140  8.3820e-15  9.6876e-16  8.4960e-15
1387.1923  -1412.73    1.0001    0.1147  8.5023e-15  9.7537e-16  8.5016e-15
1387.2222  -1406.30    0.8211    0.1042  6.9849e-15  8.8682e-16  8.5073e-15
1387.2521  -1399.87    0.9486    0.1118  8.0750e-15  9.5149e-16  8.5129e-15
1387.2820  -1393.43    0.9688    0.1129  8.2527e-15  9.6154e-16  8.5185e-15
1387.3119  -1387.00    0.7699    0.1009  6.5627e-15  8.6047e-16  8.5242e-15
1387.3418  -1380.57    0.8633    0.1066  7.3639e-15  9.0963e-16  8.5298e-15
1387.3717  -1374.13    0.8374    0.1063  7.1472e-15  9.0722e-16  8.5355e-15
1387.4016  -1367.70    0.7665    0.1143  6.5466e-15  9.7616e-16  8.5411e-15
1387.4316  -1361.27    0.9137    0.1257  7.8092e-15  1.0743e-15  8.5468e-15
1387.4615  -1354.83    0.9933    0.1482  8.4952e-15  1.2675e-15  8.5524e-15
1387.4914  -1348.40    0.9351    0.1523  8.0022e-15  1.3032e-15  8.5581e-15
1387.5213  -1341.97    1.0715    0.1605  9.1759e-15  1.3744e-15  8.5637e-15
1387.5512  -1335.53    1.1049    0.1599  9.4682e-15  1.3702e-15  8.5694e-15
1387.5811  -1329.10    1.0868    0.1578  9.3194e-15  1.3534e-15  8.5750e-15
1387.6110  -1322.67    0.9682    0.1513  8.3079e-15  1.2983e-15  8.5807e-15
1387.6409  -1316.23    0.9709    0.1503  8.3363e-15  1.2903e-15  8.5863e-15
1387.6708  -1309.80    0.9855    0.1518  8.4673e-15  1.3043e-15  8.5920e-15
1387.7007  -1303.36    0.9709    0.1484  8.3476e-15  1.2756e-15  8.5976e-15
1387.7307  -1296.93    0.9611    0.1466  8.2689e-15  1.2611e-15  8.6033e-15
1387.7606  -1290.50    0.8912    0.1430  7.6725e-15  1.2312e-15  8.6089e-15
1387.7905  -1284.06    0.9330    0.1460  8.0370e-15  1.2577e-15  8.6146e-15
1387.8204  -1277.63    0.8559    0.1442  7.3780e-15  1.2431e-15  8.6202e-15
1387.8503  -1271.20    0.9245    0.1477  7.9748e-15  1.2740e-15  8.6259e-15
1387.8802  -1264.76    1.0339    0.1580  8.9242e-15  1.3639e-15  8.6315e-15
1387.9101  -1258.33    1.0790    0.1564  9.3192e-15  1.3512e-15  8.6372e-15
1387.9400  -1251.90    0.8751    0.1397  7.5635e-15  1.2075e-15  8.6428e-15
1387.9699  -1245.46    0.9444    0.1484  8.1673e-15  1.2834e-15  8.6485e-15
1387.9998  -1239.03    1.0067    0.1339  8.7121e-15  1.1586e-15  8.6541e-15
1388.0298  -1232.60    0.9532    0.1293  8.2541e-15  1.1201e-15  8.6598e-15
1388.0597  -1226.16    0.7935    0.1045  6.8759e-15  9.0579e-16  8.6654e-15
1388.0896  -1219.73    0.9295    0.1097  8.0600e-15  9.5092e-16  8.6711e-15
1388.1195  -1213.30    0.9287    0.1132  8.0577e-15  9.8233e-16  8.6768e-15
1388.1494  -1206.86    0.9977    0.1108  8.6625e-15  9.6228e-16  8.6824e-15
1388.1793  -1200.43    0.9938    0.0771  8.6342e-15  6.6955e-16  8.6881e-15
1388.2092  -1193.99    0.9415    0.0743  8.1853e-15  6.4624e-16  8.6937e-15
1388.2391  -1187.56    0.7868    0.0683  6.8445e-15  5.9437e-16  8.6994e-15
1388.2690  -1181.13    0.8156    0.0696  7.1000e-15  6.0545e-16  8.7050e-15
1388.2989  -1174.69    0.9004    0.0739  7.8428e-15  6.4333e-16  8.7107e-15
1388.3289  -1168.26    0.8852    0.0720  7.7155e-15  6.2765e-16  8.7163e-15
1388.3588  -1161.83    0.9267    0.0741  8.0830e-15  6.4612e-16  8.7220e-15
1388.3887  -1155.39    0.9153    0.0728  7.9885e-15  6.3548e-16  8.7276e-15
1388.4186  -1148.96    0.8959    0.0720  7.8237e-15  6.2897e-16  8.7333e-15
1388.4485  -1142.53    0.9671    0.0761  8.4514e-15  6.6492e-16  8.7389e-15
1388.4784  -1136.09    0.8738    0.0722  7.6413e-15  6.3173e-16  8.7446e-15
1388.5083  -1129.66    0.8806    0.0723  7.7053e-15  6.3251e-16  8.7502e-15
1388.5382  -1123.23    0.8521    0.0711  7.4611e-15  6.2264e-16  8.7559e-15
1388.5681  -1116.79    0.8708    0.0714  7.6299e-15  6.2595e-16  8.7615e-15
1388.5980  -1110.36    1.0110    0.0780  8.8635e-15  6.8398e-16  8.7672e-15
1388.6280  -1103.93    0.8690    0.0719  7.6233e-15  6.3110e-16  8.7728e-15
1388.6579  -1097.49    0.8459    0.0712  7.4258e-15  6.2461e-16  8.7785e-15
1388.6878  -1091.06    0.9242    0.0739  8.1179e-15  6.4952e-16  8.7841e-15
1388.7177  -1084.62    0.9771    0.0765  8.5889e-15  6.7217e-16  8.7898e-15
1388.7476  -1078.19    0.8796    0.0726  7.7361e-15  6.3834e-16  8.7954e-15
1388.7775  -1071.76    0.9302    0.0751  8.1867e-15  6.6100e-16  8.8011e-15
1388.8074  -1065.32    0.9159    0.0737  8.0658e-15  6.4912e-16  8.8067e-15
1388.8373  -1058.89    0.9744    0.0755  8.5865e-15  6.6505e-16  8.8123e-15
1388.8672  -1052.46    1.0156    0.0764  8.9556e-15  6.7395e-16  8.8180e-15
1388.8971  -1046.02    1.0027    0.0768  8.8473e-15  6.7758e-16  8.8236e-15
1388.9271  -1039.59    1.0119    0.0776  8.9342e-15  6.8476e-16  8.8293e-15
1388.9570  -1033.16    0.8530    0.0711  7.5360e-15  6.2800e-16  8.8349e-15
1388.9869  -1026.72    0.9426    0.0741  8.3332e-15  6.5498e-16  8.8405e-15
1389.0168  -1020.29    0.8552    0.0708  7.5650e-15  6.2608e-16  8.8462e-15
1389.0467  -1013.86    0.8513    0.0704  7.5355e-15  6.2334e-16  8.8518e-15
1389.0766  -1007.42    0.9074    0.0718  8.0369e-15  6.3582e-16  8.8575e-15
1389.1065  -1000.99    0.9278    0.0732  8.2231e-15  6.4877e-16  8.8631e-15
1389.1364   -994.56    1.0958    0.0799  9.7187e-15  7.0868e-16  8.8687e-15
1389.1663   -988.12    0.8765    0.0707  7.7782e-15  6.2722e-16  8.8744e-15
1389.1962   -981.69    0.9787    0.0747  8.6910e-15  6.6370e-16  8.8800e-15
1389.2262   -975.25    0.8779    0.0720  7.8010e-15  6.3967e-16  8.8856e-15
1389.2561   -968.82    0.8520    0.0699  7.5754e-15  6.2187e-16  8.8913e-15
1389.2860   -962.39    0.8901    0.0724  7.9189e-15  6.4408e-16  8.8969e-15
1389.3159   -955.95    0.8426    0.0701  7.5010e-15  6.2398e-16  8.9025e-15
1389.3458   -949.52    0.8892    0.0717  7.9209e-15  6.3834e-16  8.9081e-15
1389.3757   -943.09    0.8350    0.0686  7.4431e-15  6.1133e-16  8.9138e-15
1389.4056   -936.65    0.9668    0.0739  8.6233e-15  6.5956e-16  8.9194e-15
1389.4355   -930.22    1.0605    0.0782  9.4649e-15  6.9792e-16  8.9250e-15
1389.4654   -923.79    1.0428    0.0773  9.3130e-15  6.9073e-16  8.9306e-15
1389.4953   -917.35    0.9348    0.0733  8.3534e-15  6.5543e-16  8.9363e-15
1389.5253   -910.92    0.9490    0.0729  8.4860e-15  6.5175e-16  8.9419e-15
1389.5552   -904.49    1.0256    0.0767  9.1769e-15  6.8612e-16  8.9475e-15
1389.5851   -898.05    0.9796    0.0753  8.7706e-15  6.7389e-16  8.9531e-15
1389.6150   -891.62    0.9357    0.0746  8.3824e-15  6.6846e-16  8.9587e-15
1389.6449   -885.19    0.9163    0.0725  8.2136e-15  6.5010e-16  8.9643e-15
1389.6748   -878.75    0.8705    0.0716  7.8086e-15  6.4201e-16  8.9699e-15
1389.7047   -872.32    0.9437    0.0734  8.4705e-15  6.5885e-16  8.9755e-15
1389.7346   -865.88    0.9624    0.0750  8.6433e-15  6.7383e-16  8.9812e-15
1389.7645   -859.45    0.9947    0.0760  8.9387e-15  6.8295e-16  8.9868e-15
1389.7944   -853.02    0.9851    0.0764  8.8580e-15  6.8683e-16  8.9924e-15
1389.8244   -846.58    1.0141    0.0760  9.1245e-15  6.8353e-16  8.9980e-15
1389.8543   -840.15    0.9154    0.0735  8.2416e-15  6.6164e-16  9.0036e-15
1389.8842   -833.72    0.9046    0.0722  8.1500e-15  6.5071e-16  9.0092e-15
1389.9141   -827.28    0.8925    0.0714  8.0461e-15  6.4343e-16  9.0148e-15
1389.9440   -820.85    0.9188    0.0730  8.2883e-15  6.5868e-16  9.0204e-15
1389.9739   -814.42    1.0355    0.0776  9.3465e-15  7.0018e-16  9.0259e-15
1390.0038   -807.98    0.9880    0.0752  8.9235e-15  6.7943e-16  9.0315e-15
1390.0337   -801.55    0.9181    0.0709  8.2974e-15  6.4081e-16  9.0371e-15
1390.0636   -795.12    1.0067    0.0747  9.1036e-15  6.7539e-16  9.0427e-15
1390.0935   -788.68    1.1091    0.0790  1.0035e-14  7.1478e-16  9.0483e-15
1390.1235   -782.25    1.1323    0.0796  1.0252e-14  7.2026e-16  9.0539e-15
1390.1534   -775.82    0.9992    0.0750  9.0523e-15  6.7941e-16  9.0595e-15
1390.1833   -769.38    1.0207    0.0758  9.2525e-15  6.8682e-16  9.0650e-15
1390.2132   -762.95    0.9829    0.0749  8.9152e-15  6.7974e-16  9.0706e-15
1390.2431   -756.51    0.8918    0.0709  8.0942e-15  6.4356e-16  9.0762e-15
1390.2730   -750.08    0.9908    0.0750  8.9979e-15  6.8151e-16  9.0818e-15
1390.3029   -743.65    0.9913    0.0746  9.0084e-15  6.7770e-16  9.0873e-15
1390.3328   -737.21    0.9131    0.0721  8.3027e-15  6.5590e-16  9.0929e-15
1390.3627   -730.78    0.9702    0.0737  8.8272e-15  6.7054e-16  9.0985e-15
1390.3926   -724.35    0.9245    0.0718  8.4171e-15  6.5402e-16  9.1040e-15
1390.4226   -717.91    0.9479    0.0732  8.6345e-15  6.6700e-16  9.1096e-15
1390.4525   -711.48    1.0294    0.0764  9.3833e-15  6.9631e-16  9.1152e-15
1390.4824   -705.05    0.9630    0.0739  8.7834e-15  6.7419e-16  9.1207e-15
1390.5123   -698.61    0.9649    0.0734  8.8059e-15  6.6955e-16  9.1263e-15
1390.5422   -692.18    1.0244    0.0748  9.3550e-15  6.8290e-16  9.1318e-15
1390.5721   -685.75    1.0767    0.0774  9.8380e-15  7.0745e-16  9.1374e-15
1390.6020   -679.31    1.0098    0.0754  9.2327e-15  6.8914e-16  9.1429e-15
1390.6319   -672.88    1.0695    0.0779  9.7847e-15  7.1260e-16  9.1485e-15
1390.6618   -666.45    1.0553    0.0766  9.6604e-15  7.0147e-16  9.1540e-15
1390.6917   -660.01    0.8253    0.0677  7.5591e-15  6.1982e-16  9.1595e-15
1390.7217   -653.58    0.8760    0.0698  8.0288e-15  6.3987e-16  9.1651e-15
1390.7516   -647.14    0.9910    0.0744  9.0876e-15  6.8198e-16  9.1706e-15
1390.7815   -640.71    0.9876    0.0741  9.0628e-15  6.7972e-16  9.1761e-15
1390.8114   -634.28    1.0406    0.0760  9.5546e-15  6.9782e-16  9.1817e-15
1390.8413   -627.84    1.0166    0.0763  9.3400e-15  7.0084e-16  9.1872e-15
1390.8712   -621.41    1.0319    0.0763  9.4856e-15  7.0186e-16  9.1927e-15
1390.9011   -614.98    0.9410    0.0724  8.6551e-15  6.6610e-16  9.1982e-15
1390.9310   -608.54    0.9713    0.0742  8.9394e-15  6.8337e-16  9.2038e-15
1390.9609   -602.11    0.9747    0.0739  8.9762e-15  6.8030e-16  9.2093e-15
1390.9908   -595.68    0.9527    0.0732  8.7792e-15  6.7469e-16  9.2148e-15
1391.0208   -589.24    1.0170    0.0754  9.3771e-15  6.9475e-16  9.2203e-15
1391.0507   -582.81    0.8926    0.0703  8.2348e-15  6.4817e-16  9.2258e-15
1391.0806   -576.38    0.9202    0.0716  8.4946e-15  6.6071e-16  9.2313e-15
1391.1105   -569.94    0.9417    0.0723  8.6986e-15  6.6804e-16  9.2368e-15
1391.1404   -563.51    0.8945    0.0708  8.2670e-15  6.5479e-16  9.2423e-15
1391.1703   -557.08    0.8982    0.0702  8.3061e-15  6.4954e-16  9.2478e-15
1391.2002   -550.64    0.9912    0.0739  9.1722e-15  6.8372e-16  9.2533e-15
1391.2301   -544.21    1.0074    0.0741  9.3277e-15  6.8587e-16  9.2588e-15
1391.2600   -537.77    0.9470    0.0724  8.7734e-15  6.7074e-16  9.2642e-15
1391.2899   -531.34    0.9418    0.0726  8.7305e-15  6.7260e-16  9.2697e-15
1391.3199   -524.91    1.0334    0.0765  9.5853e-15  7.0919e-16  9.2752e-15
1391.3498   -518.47    0.9282    0.0720  8.6148e-15  6.6835e-16  9.2807e-15
1391.3797   -512.04    0.9240    0.0720  8.5802e-15  6.6819e-16  9.2862e-15
1391.4096   -505.61    0.7948    0.0661  7.3850e-15  6.1436e-16  9.2916e-15
1391.4395   -499.17    0.8730    0.0692  8.1162e-15  6.4370e-16  9.2971e-15
1391.4694   -492.74    0.8970    0.0709  8.3442e-15  6.5988e-16  9.3025e-15
1391.4993   -486.31    0.9684    0.0726  9.0139e-15  6.7563e-16  9.3080e-15
1391.5292   -479.87    0.9123    0.0702  8.4968e-15  6.5387e-16  9.3135e-15
1391.5591   -473.44    0.9378    0.0777  8.7394e-15  7.2423e-16  9.3189e-15
1391.5890   -467.01    0.9676    0.0943  9.0222e-15  8.7919e-16  9.3244e-15
1391.6190   -460.57    1.0660    0.0989  9.9460e-15  9.2279e-16  9.3298e-15
1391.6489   -454.14    1.1112    0.1095  1.0374e-14  1.0226e-15  9.3352e-15
1391.6788   -447.71    1.0372    0.1219  9.6882e-15  1.1388e-15  9.3407e-15
1391.7087   -441.27    1.0909    0.1264  1.0196e-14  1.1810e-15  9.3461e-15
1391.7386   -434.84    1.0898    0.1263  1.0191e-14  1.1807e-15  9.3515e-15
1391.7685   -428.40    0.9492    0.1173  8.8819e-15  1.0980e-15  9.3570e-15
1391.7984   -421.97    0.9303    0.1163  8.7095e-15  1.0892e-15  9.3624e-15
1391.8283   -415.54    1.0436    0.1243  9.7760e-15  1.1644e-15  9.3678e-15
1391.8582   -409.10    1.0307    0.1226  9.6609e-15  1.1491e-15  9.3732e-15
1391.8881   -402.67    0.9340    0.1172  8.7592e-15  1.0989e-15  9.3786e-15
1391.9181   -396.24    0.9943    0.1200  9.3304e-15  1.1262e-15  9.3841e-15
1391.9480   -389.80    1.0373    0.1237  9.7392e-15  1.1611e-15  9.3895e-15
1391.9779   -383.37    0.9949    0.1201  9.3469e-15  1.1280e-15  9.3949e-15
1392.0078   -376.94    0.9445    0.1180  8.8783e-15  1.1095e-15  9.4003e-15
1392.0377   -370.50    0.9312    0.1156  8.7584e-15  1.0870e-15  9.4056e-15
1392.0676   -364.07    1.0171    0.1220  9.5722e-15  1.1484e-15  9.4110e-15
1392.0975   -357.64    1.1351    0.1099  1.0689e-14  1.0345e-15  9.4164e-15
1392.1274   -351.20    0.8934    0.0958  8.4174e-15  9.0297e-16  9.4218e-15
1392.1573   -344.77    0.9896    0.1001  9.3291e-15  9.4392e-16  9.4272e-15
1392.1872   -338.34    0.7986    0.0914  7.5324e-15  8.6260e-16  9.4325e-15
1392.2172   -331.90    0.8865    0.0955  8.3667e-15  9.0085e-16  9.4379e-15
1392.2471   -325.47    0.9964    0.0872  9.4090e-15  8.2351e-16  9.4433e-15
1392.2770   -319.03    0.8221    0.0679  7.7677e-15  6.4195e-16  9.4486e-15
1392.3069   -312.60    0.9430    0.0730  8.9152e-15  6.9025e-16  9.4540e-15
1392.3368   -306.17    0.9146    0.0719  8.6517e-15  6.8011e-16  9.4593e-15
1392.3667   -299.73    0.9927    0.0740  9.3959e-15  7.0077e-16  9.4647e-15
1392.3966   -293.30    0.8932    0.0698  8.4588e-15  6.6107e-16  9.4700e-15
1392.4265   -286.87    1.0671    0.0756  1.0111e-14  7.1595e-16  9.4754e-15
1392.4564   -280.43    1.0503    0.0753  9.9572e-15  7.1367e-16  9.4807e-15
1392.4863   -274.00    0.9918    0.0731  9.4085e-15  6.9341e-16  9.4860e-15
1392.5163   -267.57    0.9576    0.0714  9.0886e-15  6.7770e-16  9.4914e-15
1392.5462   -261.13    1.1974    0.0800  1.1371e-14  7.6015e-16  9.4967e-15
1392.5761   -254.70    1.0937    0.0764  1.0393e-14  7.2642e-16  9.5020e-15
1392.6060   -248.27    1.0194    0.0736  9.6920e-15  6.9987e-16  9.5073e-15
1392.6359   -241.83    1.0105    0.0740  9.6122e-15  7.0381e-16  9.5126e-15
1392.6658   -235.40    0.9914    0.0734  9.4359e-15  6.9850e-16  9.5179e-15
1392.6957   -228.97    0.9111    0.0702  8.6769e-15  6.6835e-16  9.5232e-15
1392.7256   -222.53    1.0914    0.0762  1.0400e-14  7.2581e-16  9.5285e-15
1392.7555   -216.10    0.9691    0.0717  9.2392e-15  6.8352e-16  9.5338e-15
1392.7854   -209.67    1.1197    0.0774  1.0681e-14  7.3798e-16  9.5391e-15
1392.8154   -203.23    1.1008    0.0773  1.0507e-14  7.3771e-16  9.5445e-15
1392.8453   -196.80    0.9874    0.0724  9.4295e-15  6.9130e-16  9.5498e-15
1392.8752   -190.36    1.0335    0.0737  9.8750e-15  7.0378e-16  9.5553e-15
1392.9051   -183.93    0.9598    0.0714  9.1765e-15  6.8286e-16  9.5608e-15
1392.9350   -177.50    1.0262    0.0744  9.8172e-15  7.1217e-16  9.5663e-15
1392.9649   -171.06    0.8652    0.0678  8.2814e-15  6.4905e-16  9.5719e-15
1392.9948   -164.63    1.0695    0.0760  1.0243e-14  7.2770e-16  9.5776e-15
1393.0247   -158.20    0.9823    0.0721  9.4134e-15  6.9098e-16  9.5833e-15
1393.0546   -151.76    0.9195    0.0704  8.8169e-15  6.7499e-16  9.5890e-15
1393.0845   -145.33    0.9456    0.0711  9.0724e-15  6.8175e-16  9.5948e-15
1393.1145   -138.90    1.0922    0.0760  1.0486e-14  7.2947e-16  9.6007e-15
1393.1444   -132.46    1.2181    0.0801  1.1702e-14  7.6942e-16  9.6066e-15
1393.1743   -126.03    0.9192    0.0703  8.8358e-15  6.7571e-16  9.6125e-15
1393.2042   -119.60    0.9667    0.0713  9.2987e-15  6.8616e-16  9.6185e-15
1393.2341   -113.16    1.0295    0.0732  9.9083e-15  7.0479e-16  9.6246e-15
1393.2640   -106.73    1.0677    0.0795  1.0283e-14  7.6582e-16  9.6307e-15
1393.2939   -100.30    1.0601    0.0817  1.0216e-14  7.8779e-16  9.6369e-15
1393.3238    -93.86    1.1281    0.0848  1.0878e-14  8.1758e-16  9.6430e-15
1393.3537    -87.43    1.1205    0.0888  1.0812e-14  8.5718e-16  9.6493e-15
1393.3836    -80.99    1.0459    0.0843  1.0099e-14  8.1361e-16  9.6556e-15
1393.4136    -74.56    1.1061    0.0865  1.0687e-14  8.3567e-16  9.6619e-15
1393.4435    -68.13    0.9617    0.0813  9.2984e-15  7.8635e-16  9.6683e-15
1393.4734    -61.69    0.9116    0.0792  8.8191e-15  7.6618e-16  9.6748e-15
1393.5033    -55.26    0.8163    0.0767  7.9024e-15  7.4239e-16  9.6813e-15
1393.5332    -48.83    0.7390    0.0729  7.1592e-15  7.0652e-16  9.6878e-15
1393.5631    -42.39    0.7187    0.0704  6.9673e-15  6.8219e-16  9.6944e-15
1393.5930    -35.96    0.5918    0.0647  5.7410e-15  6.2768e-16  9.7011e-15
1393.6229    -29.53    0.5403    0.0605  5.2453e-15  5.8780e-16  9.7077e-15
1393.6528    -23.09    0.5497    0.0610  5.3397e-15  5.9260e-16  9.7145e-15
1393.6827    -16.66    0.8092    0.0749  7.8660e-15  7.2764e-16  9.7213e-15
1393.7127    -10.23    0.6943    0.0671  6.7543e-15  6.5289e-16  9.7281e-15
1393.7426     -3.79    0.6771    0.0696  6.5914e-15  6.7783e-16  9.7350e-15
1393.7725      2.64    0.5766    0.0591  5.6173e-15  5.7620e-16  9.7419e-15
1393.8024      9.07    0.5678    0.0553  5.5352e-15  5.3938e-16  9.7489e-15
1393.8323     15.51    0.6105    0.0576  5.9560e-15  5.6213e-16  9.7559e-15
1393.8622     21.94    0.6079    0.0565  5.9350e-15  5.5200e-16  9.7630e-15
1393.8921     28.38    0.6015    0.0566  5.8764e-15  5.5329e-16  9.7701e-15
1393.9220     34.81    0.6347    0.0575  6.2057e-15  5.6215e-16  9.7773e-15
1393.9519     41.24    0.6671    0.0593  6.5271e-15  5.8055e-16  9.7845e-15
1393.9818     47.68    0.6752    0.0600  6.6112e-15  5.8745e-16  9.7918e-15
1394.0118     54.11    0.6022    0.0560  5.9009e-15  5.4872e-16  9.7991e-15
1394.0417     60.54    0.7475    0.0625  7.3299e-15  6.1268e-16  9.8064e-15
1394.0716     66.98    0.7670    0.0633  7.5274e-15  6.2150e-16  9.8138e-15
1394.1015     73.41    0.7524    0.0619  7.3894e-15  6.0829e-16  9.8213e-15
1394.1314     79.84    0.8785    0.0673  8.6345e-15  6.6195e-16  9.8288e-15
1394.1613     86.28    0.7731    0.0638  7.6045e-15  6.2733e-16  9.8363e-15
1394.1912     92.71    0.6977    0.0604  6.8684e-15  5.9416e-16  9.8439e-15
1394.2211     99.14    0.9592    0.0702  9.4496e-15  6.9114e-16  9.8515e-15
1394.2510    105.58    0.9038    0.0693  8.9107e-15  6.8299e-16  9.8592e-15
1394.2809    112.01    0.8429    0.0666  8.3164e-15  6.5744e-16  9.8670e-15
1394.3109    118.44    0.9639    0.0712  9.5181e-15  7.0283e-16  9.8747e-15
1394.3408    124.88    0.9495    0.0704  9.3831e-15  6.9553e-16  9.8826e-15
1394.3707    131.31    1.0303    0.0733  1.0190e-14  7.2461e-16  9.8904e-15
1394.4006    137.75    0.9415    0.0702  9.3189e-15  6.9518e-16  9.8983e-15
1394.4305    144.18    0.9692    0.0710  9.6016e-15  7.0374e-16  9.9063e-15
1394.4604    150.61    0.9882    0.0719  9.7977e-15  7.1300e-16  9.9143e-15
1394.4903    157.05    1.0689    0.0740  1.0606e-14  7.3440e-16  9.9224e-15
1394.5202    163.48    1.0943    0.0754  1.0867e-14  7.4871e-16  9.9305e-15
1394.5501    169.91    0.9695    0.0712  9.6350e-15  7.0725e-16  9.9386e-15
1394.5800    176.35    1.0681    0.0747  1.0624e-14  7.4255e-16  9.9468e-15
1394.6100    182.78    1.0534    0.0740  1.0486e-14  7.3693e-16  9.9550e-15
1394.6399    189.21    0.9898    0.0721  9.8621e-15  7.1814e-16  9.9633e-15
1394.6698    195.65    0.8566    0.0666  8.5412e-15  6.6400e-16  9.9716e-15
1394.6997    202.08    0.9614    0.0711  9.5950e-15  7.0996e-16  9.9800e-15
1394.7296    208.51    0.9468    0.0703  9.4571e-15  7.0205e-16  9.9884e-15
1394.7595    214.95    0.9509    0.0708  9.5064e-15  7.0780e-16  9.9969e-15
1394.7894    221.38    0.8673    0.0667  8.6778e-15  6.6729e-16  1.0005e-14
1394.8193    227.81    1.0189    0.0722  1.0203e-14  7.2305e-16  1.0014e-14
1394.8492    234.25    0.9801    0.0705  9.8233e-15  7.0615e-16  1.0023e-14
1394.8791    240.68    1.0962    0.0750  1.0996e-14  7.5196e-16  1.0031e-14
1394.9091    247.12    1.0697    0.0738  1.0740e-14  7.4078e-16  1.0040e-14
1394.9390    253.55    1.0395    0.0725  1.0446e-14  7.2879e-16  1.0049e-14
1394.9689    259.98    0.8805    0.0662  8.8559e-15  6.6613e-16  1.0057e-14
1394.9988    266.42    0.8738    0.0669  8.7954e-15  6.7361e-16  1.0066e-14
1395.0287    272.85    0.9049    0.0678  9.1167e-15  6.8262e-16  1.0075e-14
1395.0586    279.28    0.8368    0.0656  8.4385e-15  6.6116e-16  1.0084e-14
1395.0885    285.72    0.8692    0.0670  8.7726e-15  6.7639e-16  1.0093e-14
1395.1184    292.15    1.0453    0.0730  1.0560e-14  7.3778e-16  1.0102e-14
1395.1483    298.58    0.8921    0.0679  9.0202e-15  6.8638e-16  1.0111e-14
1395.1782    305.02    0.9455    0.0691  9.5681e-15  6.9968e-16  1.0120e-14
1395.2082    311.45    0.9496    0.0698  9.6186e-15  7.0706e-16  1.0129e-14
1395.2381    317.88    0.9608    0.0713  9.7405e-15  7.2322e-16  1.0138e-14
1395.2680    324.32    0.8481    0.0662  8.6058e-15  6.7148e-16  1.0147e-14
1395.2979    330.75    0.9896    0.0712  1.0051e-14  7.2329e-16  1.0157e-14
1395.3278    337.18    1.1020    0.0747  1.1203e-14  7.5949e-16  1.0166e-14
1395.3577    343.62    1.0600    0.0725  1.0786e-14  7.3821e-16  1.0175e-14
1395.3876    350.05    0.9429    0.0685  9.6033e-15  6.9805e-16  1.0185e-14
1395.4175    356.49    1.0764    0.0738  1.0973e-14  7.5204e-16  1.0194e-14
1395.4474    362.92    0.9620    0.0697  9.8159e-15  7.1079e-16  1.0204e-14
1395.4773    369.35    1.0910    0.0740  1.1143e-14  7.5555e-16  1.0213e-14
1395.5073    375.79    1.0951    0.0748  1.1195e-14  7.6468e-16  1.0223e-14
1395.5372    382.22    1.1583    0.0759  1.1852e-14  7.7672e-16  1.0232e-14
1395.5671    388.65    1.1007    0.0735  1.1273e-14  7.5317e-16  1.0242e-14
1395.5970    395.09    1.0524    0.0729  1.0789e-14  7.4722e-16  1.0252e-14
1395.6269    401.52    0.9987    0.0704  1.0248e-14  7.2209e-16  1.0261e-14
1395.6568    407.95    1.0651    0.0731  1.0940e-14  7.5103e-16  1.0271e-14
1395.6867    414.39    1.1076    0.0766  1.1387e-14  7.8702e-16  1.0281e-14
1395.7166    420.82    0.9149    0.0719  9.4150e-15  7.3999e-16  1.0291e-14
1395.7465    427.25    0.9027    0.0723  9.2985e-15  7.4494e-16  1.0301e-14
1395.7764    433.69    0.9079    0.0731  9.3612e-15  7.5392e-16  1.0311e-14
1395.8064    440.12    1.0623    0.0823  1.0963e-14  8.4986e-16  1.0320e-14
1395.8363    446.55    1.0291    0.0812  1.0632e-14  8.3862e-16  1.0330e-14
1395.8662    452.99    1.0546    0.0831  1.0905e-14  8.5917e-16  1.0341e-14
1395.8961    459.42    0.9487    0.0771  9.8193e-15  7.9780e-16  1.0351e-14
1395.9260    465.86    0.9871    0.0787  1.0227e-14  8.1559e-16  1.0361e-14
1395.9559    472.29    1.0870    0.0815  1.1273e-14  8.4516e-16  1.0371e-14
1395.9858    478.72    0.9474    0.0770  9.8356e-15  7.9912e-16  1.0381e-14
1396.0157    485.16    0.9712    0.0802  1.0092e-14  8.3311e-16  1.0391e-14
1396.0456    491.59    1.0902    0.0832  1.1340e-14  8.6529e-16  1.0402e-14
1396.0755    498.02    1.0989    0.0829  1.1442e-14  8.6267e-16  1.0412e-14
1396.1055    504.46    1.0763    0.0811  1.1218e-14  8.4497e-16  1.0422e-14
1396.1354    510.89    0.9940    0.0785  1.0370e-14  8.1945e-16  1.0433e-14
1396.1653    517.32    1.0026    0.0789  1.0471e-14  8.2426e-16  1.0443e-14
1396.1952    523.76    0.9491    0.0775  9.9217e-15  8.1034e-16  1.0454e-14
1396.2251    530.19    0.8956    0.0747  9.3716e-15  7.8218e-16  1.0464e-14
1396.2550    536.62    0.8572    0.0702  8.9791e-15  7.3577e-16  1.0475e-14
1396.2849    543.06    0.9844    0.0735  1.0322e-14  7.7121e-16  1.0486e-14
1396.3148    549.49    0.9466    0.0689  9.9353e-15  7.2270e-16  1.0496e-14
1396.3447    555.92    0.9298    0.0673  9.7695e-15  7.0665e-16  1.0507e-14
1396.3746    562.36    0.8771    0.0653  9.2252e-15  6.8664e-16  1.0518e-14
1396.4046    568.79    1.0542    0.0728  1.1099e-14  7.6663e-16  1.0528e-14
1396.4345    575.23    1.0411    0.0723  1.0972e-14  7.6238e-16  1.0539e-14
1396.4644    581.66    1.0360    0.0721  1.0929e-14  7.6049e-16  1.0550e-14
1396.4943    588.09    0.9482    0.0681  1.0014e-14  7.1888e-16  1.0561e-14
1396.5242    594.53    0.9041    0.0664  9.5579e-15  7.0215e-16  1.0572e-14
1396.5541    600.96    0.9158    0.0674  9.6913e-15  7.1297e-16  1.0583e-14
1396.5840    607.39    0.8527    0.0657  9.0337e-15  6.9553e-16  1.0594e-14
1396.6139    613.83    0.7631    0.0617  8.0924e-15  6.5460e-16  1.0605e-14
1396.6438    620.26    0.8245    0.0641  8.7527e-15  6.8063e-16  1.0616e-14
1396.6737    626.69    0.7568    0.0609  8.0426e-15  6.4766e-16  1.0627e-14
1396.7037    633.13    0.7124    0.0589  7.5790e-15  6.2679e-16  1.0638e-14
1396.7336    639.56    0.6545    0.0560  6.9698e-15  5.9665e-16  1.0650e-14
1396.7635    645.99    0.6761    0.0574  7.2073e-15  6.1184e-16  1.0661e-14
1396.7934    652.43    0.5824    0.0537  6.2159e-15  5.7262e-16  1.0672e-14
1396.8233    658.86    0.4382    0.0461  4.6819e-15  4.9303e-16  1.0683e-14
1396.8532    665.29    0.4458    0.0474  4.7675e-15  5.0651e-16  1.0695e-14
1396.8831    671.73    0.3845    0.0435  4.1168e-15  4.6585e-16  1.0706e-14
1396.9130    678.16    0.3507    0.0406  3.7587e-15  4.3563e-16  1.0718e-14
1396.9429    684.60    0.3941    0.0442  4.2283e-15  4.7397e-16  1.0729e-14
1396.9728    691.03    0.4103    0.0442  4.4066e-15  4.7496e-16  1.0741e-14
1397.0028    697.46    0.5429    0.0516  5.8377e-15  5.5473e-16  1.0752e-14
1397.0327    703.90    0.5169    0.0499  5.5639e-15  5.3709e-16  1.0764e-14
1397.0626    710.33    0.5911    0.0534  6.3697e-15  5.7534e-16  1.0775e-14
1397.0925    716.76    0.6927    0.0580  7.4725e-15  6.2581e-16  1.0787e-14
1397.1224    723.20    0.8052    0.0614  8.6947e-15  6.6292e-16  1.0799e-14
1397.1523    729.63    0.9169    0.0668  9.9121e-15  7.2213e-16  1.0810e-14
1397.1822    736.06    0.8518    0.0637  9.2188e-15  6.8956e-16  1.0822e-14
1397.2121    742.50    1.0376    0.0701  1.1241e-14  7.5941e-16  1.0834e-14
1397.2420    748.93    0.9461    0.0668  1.0261e-14  7.2473e-16  1.0846e-14
1397.2719    755.36    1.0457    0.0706  1.1354e-14  7.6644e-16  1.0858e-14
1397.3019    761.80    1.0627    0.0706  1.1552e-14  7.6749e-16  1.0870e-14
1397.3318    768.23    1.0066    0.0687  1.0953e-14  7.4778e-16  1.0882e-14
1397.3617    774.66    0.9535    0.0668  1.0387e-14  7.2716e-16  1.0894e-14
1397.3916    781.10    0.9562    0.0672  1.0428e-14  7.3295e-16  1.0906e-14
1397.4215    787.53    1.0145    0.0694  1.1076e-14  7.5747e-16  1.0918e-14
1397.4514    793.97    1.0647    0.0712  1.1637e-14  7.7864e-16  1.0930e-14
1397.4813    800.40    1.0012    0.0693  1.0955e-14  7.5868e-16  1.0942e-14
1397.5112    806.83    1.0242    0.0707  1.1219e-14  7.7454e-16  1.0954e-14
1397.5411    813.27    0.9918    0.0687  1.0877e-14  7.5324e-16  1.0966e-14
1397.5710    819.70    1.0609    0.0704  1.1647e-14  7.7242e-16  1.0979e-14
1397.6010    826.13    1.0282    0.0693  1.1301e-14  7.6165e-16  1.0991e-14
1397.6309    832.57    0.9414    0.0663  1.0359e-14  7.2928e-16  1.1003e-14
1397.6608    839.00    1.0072    0.0689  1.1095e-14  7.5876e-16  1.1016e-14
1397.6907    845.43    0.9564    0.0666  1.0547e-14  7.3477e-16  1.1028e-14
1397.7206    851.87    1.0676    0.0703  1.1787e-14  7.7616e-16  1.1040e-14
1397.7505    858.30    1.0025    0.0688  1.1081e-14  7.6054e-16  1.1053e-14
1397.7804    864.73    1.0761    0.0711  1.1907e-14  7.8651e-16  1.1065e-14
1397.8103    871.17    0.9149    0.0655  1.0135e-14  7.2585e-16  1.1078e-14
1397.8402    877.60    0.9525    0.0671  1.0564e-14  7.4437e-16  1.1090e-14
1397.8701    884.03    1.0168    0.0687  1.1289e-14  7.6300e-16  1.1103e-14
1397.9001    890.47    1.0599    0.0705  1.1782e-14  7.8404e-16  1.1116e-14
1397.9300    896.90    0.9889    0.0678  1.1005e-14  7.5503e-16  1.1128e-14
1397.9599    903.33    0.8627    0.0627  9.6110e-15  6.9890e-16  1.1141e-14
1397.9898    909.77    0.9530    0.0668  1.0630e-14  7.4469e-16  1.1154e-14
1398.0197    916.20    0.8013    0.0611  8.9482e-15  6.8247e-16  1.1167e-14
1398.0496    922.64    0.9229    0.0665  1.0318e-14  7.4293e-16  1.1179e-14
1398.0795    929.07    0.9279    0.0661  1.0385e-14  7.3936e-16  1.1192e-14
1398.1094    935.50    0.9146    0.0656  1.0248e-14  7.3506e-16  1.1205e-14
1398.1393    941.94    0.9191    0.0651  1.0311e-14  7.3022e-16  1.1218e-14
1398.1692    948.37    0.9329    0.0658  1.0478e-14  7.3932e-16  1.1231e-14
1398.1992    954.80    0.9351    0.0658  1.0514e-14  7.3951e-16  1.1244e-14
1398.2291    961.24    1.0595    0.0696  1.1927e-14  7.8364e-16  1.1257e-14
1398.2590    967.67    0.9502    0.0660  1.0709e-14  7.4417e-16  1.1270e-14
1398.2889    974.10    1.0115    0.0684  1.1413e-14  7.7188e-16  1.1283e-14
1398.3188    980.54    0.9142    0.0645  1.0327e-14  7.2875e-16  1.1296e-14
1398.3487    986.97    1.0652    0.0697  1.2047e-14  7.8873e-16  1.1309e-14
1398.3786    993.40    0.9854    0.0675  1.1157e-14  7.6431e-16  1.1322e-14
1398.4085    999.84    0.9557    0.0659  1.0833e-14  7.4715e-16  1.1336e-14
1398.4384   1006.27    0.9898    0.0674  1.1233e-14  7.6471e-16  1.1349e-14
1398.4683   1012.70    1.0264    0.0689  1.1662e-14  7.8244e-16  1.1362e-14
1398.4983   1019.14    0.9905    0.0671  1.1267e-14  7.6290e-16  1.1375e-14
1398.5282   1025.57    1.0857    0.0706  1.2365e-14  8.0378e-16  1.1389e-14
1398.5581   1032.01    0.9194    0.0647  1.0484e-14  7.3825e-16  1.1402e-14
1398.5880   1038.44    0.9849    0.0677  1.1243e-14  7.7275e-16  1.1416e-14
1398.6179   1044.87    1.0302    0.0686  1.1774e-14  7.8363e-16  1.1429e-14
1398.6478   1051.31    0.9664    0.0662  1.1058e-14  7.5779e-16  1.1443e-14
1398.6777   1057.74    0.8778    0.0632  1.0056e-14  7.2385e-16  1.1456e-14
1398.7076   1064.17    0.9652    0.0674  1.1071e-14  7.7323e-16  1.1470e-14
1398.7375   1070.61    0.9885    0.0751  1.1351e-14  8.6186e-16  1.1483e-14
1398.7674   1077.04    1.0910    0.0808  1.2543e-14  9.2848e-16  1.1497e-14
1398.7974   1083.47    1.0354    0.0776  1.1918e-14  8.9331e-16  1.1510e-14
1398.8273   1089.91    0.9143    0.0720  1.0537e-14  8.2961e-16  1.1524e-14
1398.8572   1096.34    1.0105    0.0759  1.1658e-14  8.7615e-16  1.1538e-14
1398.8871   1102.77    0.9362    0.0732  1.0814e-14  8.4588e-16  1.1551e-14
1398.9170   1109.21    1.0587    0.0790  1.2244e-14  9.1392e-16  1.1565e-14
1398.9469   1115.64    0.8977    0.0721  1.0394e-14  8.3433e-16  1.1579e-14
1398.9768   1122.07    0.9636    0.0743  1.1171e-14  8.6177e-16  1.1593e-14
1399.0067   1128.51    0.9100    0.0729  1.0563e-14  8.4596e-16  1.1607e-14
1399.0366   1134.94    0.8911    0.0729  1.0355e-14  8.4657e-16  1.1621e-14
1399.0665   1141.38    0.9815    0.0752  1.1419e-14  8.7459e-16  1.1634e-14
1399.0965   1147.81    0.9941    0.0763  1.1579e-14  8.8908e-16  1.1648e-14
1399.1264   1154.24    0.9446    0.0742  1.1016e-14  8.6566e-16  1.1662e-14
1399.1563   1160.68    0.9715    0.0759  1.1344e-14  8.8619e-16  1.1676e-14
1399.1862   1167.11    1.0179    0.0762  1.1900e-14  8.9063e-16  1.1690e-14
1399.2161   1173.54    0.9634    0.0743  1.1276e-14  8.6965e-16  1.1705e-14
1399.2460   1179.98    0.9745    0.0752  1.1420e-14  8.8163e-16  1.1719e-14
1399.2759   1186.41    0.9222    0.0722  1.0819e-14  8.4700e-16  1.1733e-14
1399.3058   1192.84    0.9727    0.0698  1.1426e-14  8.1938e-16  1.1747e-14
1399.3357   1199.28    1.0151    0.0675  1.1939e-14  7.9399e-16  1.1761e-14
1399.3656   1205.71    1.0283    0.0676  1.2109e-14  7.9653e-16  1.1775e-14
1399.3956   1212.14    0.9817    0.0658  1.1574e-14  7.7519e-16  1.1790e-14
1399.4255   1218.58    0.9881    0.0662  1.1663e-14  7.8130e-16  1.1804e-14
1399.4554   1225.01    0.9311    0.0641  1.1004e-14  7.5779e-16  1.1819e-14
1399.4853   1231.44    1.0812    0.0688  1.2795e-14  8.1449e-16  1.1833e-14
1399.5152   1237.88    0.9755    0.0661  1.1558e-14  7.8304e-16  1.1848e-14
1399.5451   1244.31    0.9324    0.0641  1.1061e-14  7.6089e-16  1.1863e-14
1399.5750   1250.75    0.9690    0.0655  1.1511e-14  7.7806e-16  1.1879e-14
1399.6049   1257.18    0.8949    0.0623  1.0644e-14  7.4159e-16  1.1894e-14
1399.6348   1263.61    1.0403    0.0672  1.2389e-14  8.0067e-16  1.1910e-14
1399.6647   1270.05    1.0548    0.0681  1.2579e-14  8.1226e-16  1.1925e-14
1399.6947   1276.48    0.9627    0.0656  1.1496e-14  7.8290e-16  1.1941e-14
1399.7246   1282.91    0.9729    0.0647  1.1633e-14  7.7371e-16  1.1957e-14
1399.7545   1289.35    0.9984    0.0661  1.1955e-14  7.9205e-16  1.1974e-14
1399.7844   1295.78    0.9782    0.0654  1.1729e-14  7.8421e-16  1.1990e-14
1399.8143   1302.21    0.9604    0.0646  1.1531e-14  7.7606e-16  1.2007e-14
1399.8442   1308.65    1.0740    0.0690  1.2913e-14  8.2942e-16  1.2023e-14
1399.8741   1315.08    1.0597    0.0680  1.2760e-14  8.1884e-16  1.2040e-14
1399.9040   1321.51    0.9799    0.0653  1.1815e-14  7.8773e-16  1.2058e-14
1399.9339   1327.95    0.9544    0.0643  1.1524e-14  7.7599e-16  1.2075e-14
1399.9638   1334.38    1.0491    0.0672  1.2686e-14  8.1266e-16  1.2092e-14
1399.9938   1340.81    1.0739    0.0681  1.3005e-14  8.2520e-16  1.2110e-14
1400.0237   1347.25    0.9680    0.0646  1.1739e-14  7.8384e-16  1.2128e-14
1400.0536   1353.68    0.8436    0.0601  1.0247e-14  7.3024e-16  1.2146e-14
1400.0835   1360.12    1.0487    0.0675  1.2757e-14  8.2115e-16  1.2164e-14
1400.1134   1366.55    1.0384    0.0670  1.2650e-14  8.1566e-16  1.2182e-14
1400.1433   1372.98    1.0266    0.0663  1.2526e-14  8.0839e-16  1.2201e-14
1400.1732   1379.42    1.0006    0.0658  1.2227e-14  8.0373e-16  1.2220e-14
1400.2031   1385.85    0.8698    0.0613  1.0645e-14  7.4990e-16  1.2239e-14
1400.2330   1392.28    1.0836    0.0681  1.3282e-14  8.3456e-16  1.2258e-14
1400.2629   1398.72    0.9696    0.0639  1.1904e-14  7.8489e-16  1.2277e-14
1400.2929   1405.15    1.0307    0.0658  1.2674e-14  8.0903e-16  1.2296e-14
1400.3228   1411.58    1.1130    0.0691  1.3708e-14  8.5059e-16  1.2316e-14
1400.3527   1418.02    1.0231    0.0660  1.2621e-14  8.1434e-16  1.2336e-14
1400.3826   1424.45    1.0495    0.0670  1.2967e-14  8.2802e-16  1.2356e-14
1400.4125   1430.88    1.0290    0.0660  1.2735e-14  8.1714e-16  1.2376e-14
1400.4424   1437.32    0.8784    0.0611  1.0889e-14  7.5770e-16  1.2397e-14
1400.4723   1443.75    0.9804    0.0651  1.2174e-14  8.0878e-16  1.2418e-14
1400.5022   1450.18    1.0085    0.0647  1.2544e-14  8.0454e-16  1.2439e-14
1400.5321   1456.62    1.0074    0.0651  1.2552e-14  8.1162e-16  1.2460e-14
1400.5620   1463.05    0.9997    0.0649  1.2478e-14  8.1040e-16  1.2481e-14
1400.5920   1469.49    1.0161    0.0653  1.2703e-14  8.1602e-16  1.2502e-14
1400.6219   1475.92    1.0349    0.0668  1.2961e-14  8.3645e-16  1.2524e-14
1400.6518   1482.35    0.9341    0.0625  1.1719e-14  7.8424e-16  1.2546e-14
1400.6817   1488.79    1.0831    0.0673  1.3612e-14  8.4635e-16  1.2568e-14
1400.7116   1495.22    1.0303    0.0656  1.2972e-14  8.2540e-16  1.2590e-14
1400.7415   1501.65    0.9988    0.0644  1.2597e-14  8.1219e-16  1.2613e-14
1400.7714   1508.09    1.0887    0.0677  1.3757e-14  8.5549e-16  1.2636e-14
1400.8013   1514.52    1.0730    0.0665  1.3582e-14  8.4121e-16  1.2659e-14
1400.8312   1520.95    1.0493    0.0652  1.3307e-14  8.2685e-16  1.2682e-14
1400.8611   1527.39    1.0619    0.0660  1.3492e-14  8.3862e-16  1.2705e-14
1400.8911   1533.82    0.9989    0.0644  1.2715e-14  8.1929e-16  1.2729e-14
1400.9210   1540.25    0.9705    0.0633  1.2377e-14  8.0708e-16  1.2753e-14
1400.9509   1546.69    0.9237    0.0617  1.1802e-14  7.8818e-16  1.2777e-14
1400.9808   1553.12    0.8632    0.0595  1.1050e-14  7.6121e-16  1.2801e-14
1401.0107   1559.55    0.9416    0.0623  1.2077e-14  7.9934e-16  1.2826e-14
1401.0406   1565.99    0.8694    0.0598  1.1173e-14  7.6871e-16  1.2850e-14
1401.0705   1572.42    0.8999    0.0609  1.1586e-14  7.8370e-16  1.2875e-14
1401.1004   1578.86    0.9842    0.0631  1.2696e-14  8.1356e-16  1.2900e-14
1401.1303   1585.29    0.8797    0.0597  1.1371e-14  7.7155e-16  1.2926e-14
1401.1602   1591.72    0.9229    0.0617  1.1952e-14  7.9912e-16  1.2951e-14
1401.1902   1598.16    0.9389    0.0615  1.2184e-14  7.9857e-16  1.2977e-14
1401.2201   1604.59    0.9446    0.0618  1.2284e-14  8.0369e-16  1.3003e-14
1401.2500   1611.02    0.9998    0.0641  1.3027e-14  8.3577e-16  1.3030e-14
1401.2799   1617.46    0.9136    0.0605  1.1928e-14  7.8966e-16  1.3056e-14
1401.3098   1623.89    0.8351    0.0583  1.0925e-14  7.6289e-16  1.3083e-14
1401.3397   1630.32    0.7797    0.0567  1.0221e-14  7.4276e-16  1.3110e-14
1401.3696   1636.76    0.8915    0.0602  1.1711e-14  7.9086e-16  1.3137e-14
1401.3995   1643.19    0.9142    0.0608  1.2035e-14  8.0018e-16  1.3165e-14
1401.4294   1649.62    0.7847    0.0559  1.0352e-14  7.3724e-16  1.3192e-14
1401.4593   1656.06    0.8180    0.0568  1.0815e-14  7.5157e-16  1.3220e-14
1401.4893   1662.49    0.8106    0.0560  1.0739e-14  7.4257e-16  1.3249e-14
1401.5192   1668.92    0.8809    0.0583  1.1695e-14  7.7453e-16  1.3277e-14
1401.5491   1675.36    0.8871    0.0584  1.1804e-14  7.7717e-16  1.3306e-14
1401.5790   1681.79    0.7765    0.0547  1.0354e-14  7.2942e-16  1.3335e-14
1401.6089   1688.23    0.7549    0.0575  1.0089e-14  7.6857e-16  1.3364e-14
1401.6388   1694.66    0.6463    0.0572  8.6567e-15  7.6601e-16  1.3393e-14
1401.6687   1701.09    0.6019    0.0557  8.0797e-15  7.4726e-16  1.3423e-14
1401.6986   1707.53    0.6070    0.0562  8.1666e-15  7.5569e-16  1.3453e-14
1401.7285   1713.96    0.6011    0.0554  8.1043e-15  7.4677e-16  1.3483e-14
1401.7584   1720.39    0.5506    0.0532  7.4409e-15  7.1908e-16  1.3514e-14
1401.7884   1726.83    0.4981    0.0500  6.7467e-15  6.7747e-16  1.3544e-14
1401.8183   1733.26    0.4652    0.0491  6.3146e-15  6.6627e-16  1.3575e-14
1401.8482   1739.69    0.4131    0.0452  5.6214e-15  6.1468e-16  1.3607e-14
1401.8781   1746.13    0.4521    0.0486  6.1664e-15  6.6262e-16  1.3638e-14
1401.9080   1752.56    0.4992    0.0500  6.8244e-15  6.8412e-16  1.3670e-14
1401.9379   1758.99    0.5143    0.0680  7.0467e-15  9.3120e-16  1.3702e-14
1401.9678   1765.43    0.4796    0.0662  6.5862e-15  9.0923e-16  1.3734e-14
1401.9977   1771.86    0.5572    0.0752  7.6703e-15  1.0346e-15  1.3767e-14
1402.0276   1778.29    0.5344    0.0737  7.3742e-15  1.0167e-15  1.3799e-14
1402.0575   1784.73    0.5524    0.0751  7.6416e-15  1.0383e-15  1.3832e-14
1402.0875   1791.16    0.6024    0.0790  8.3524e-15  1.0952e-15  1.3866e-14
1402.1174   1797.60    0.5122    0.0736  7.1197e-15  1.0225e-15  1.3899e-14
1402.1473   1804.03    0.5560    0.0640  7.7472e-15  8.9195e-16  1.3933e-14
1402.1772   1810.46    0.5735    0.0644  8.0102e-15  8.9963e-16  1.3967e-14
1402.2071   1816.90    0.5530    0.0633  7.7429e-15  8.8656e-16  1.4002e-14
1402.2370   1823.33    0.6944    0.0704  9.7471e-15  9.8814e-16  1.4036e-14
1402.2669   1829.76    0.6592    0.0681  9.2757e-15  9.5801e-16  1.4071e-14
1402.2968   1836.20    0.7232    0.0715  1.0201e-14  1.0091e-15  1.4107e-14
1402.3267   1842.63    0.7303    0.0721  1.0328e-14  1.0195e-15  1.4142e-14
1402.3566   1849.06    0.7715    0.0740  1.0938e-14  1.0485e-15  1.4178e-14
1402.3866   1855.50    0.9117    0.0792  1.2958e-14  1.1252e-15  1.4214e-14
1402.4165   1861.93    0.7429    0.0729  1.0586e-14  1.0396e-15  1.4250e-14
1402.4464   1868.36    0.8262    0.0760  1.1804e-14  1.0862e-15  1.4287e-14
1402.4763   1874.80    0.7993    0.0749  1.1449e-14  1.0731e-15  1.4324e-14
1402.5062   1881.23    0.7899    0.0743  1.1343e-14  1.0671e-15  1.4361e-14
1402.5361   1887.66    0.8119    0.0751  1.1690e-14  1.0811e-15  1.4398e-14
1402.5660   1894.10    0.7542    0.0698  1.0888e-14  1.0082e-15  1.4436e-14
1402.5959   1900.53    0.6285    0.0497  9.0974e-15  7.1866e-16  1.4474e-14
1402.6258   1906.96    0.7249    0.0511  1.0520e-14  7.4216e-16  1.4513e-14
1402.6557   1913.40    0.7274    0.0505  1.0584e-14  7.3542e-16  1.4551e-14
1402.6857   1919.83    0.7227    0.0504  1.0544e-14  7.3537e-16  1.4590e-14
1402.7156   1926.27    0.7812    0.0533  1.1429e-14  7.7980e-16  1.4629e-14
1402.7455   1932.70    0.8419    0.0553  1.2350e-14  8.1093e-16  1.4669e-14
1402.7754   1939.13    0.8365    0.0545  1.2304e-14  8.0231e-16  1.4709e-14
1402.8053   1945.57    0.8490    0.0549  1.2522e-14  8.0962e-16  1.4749e-14
1402.8352   1952.00    0.8393    0.0544  1.2412e-14  8.0469e-16  1.4789e-14
1402.8651   1958.43    0.7822    0.0530  1.1599e-14  7.8587e-16  1.4830e-14
1402.8950   1964.87    0.8194    0.0545  1.2185e-14  8.1100e-16  1.4871e-14
1402.9249   1971.30    0.7846    0.0528  1.1701e-14  7.8687e-16  1.4912e-14
1402.9548   1977.73    0.8386    0.0542  1.2540e-14  8.1001e-16  1.4954e-14
1402.9848   1984.17    0.8471    0.0547  1.2703e-14  8.2043e-16  1.4996e-14
1403.0147   1990.60    0.8835    0.0559  1.3286e-14  8.4046e-16  1.5038e-14
1403.0446   1997.03    0.8863    0.0564  1.3365e-14  8.5014e-16  1.5081e-14
1403.0745   2003.47    0.8634    0.0548  1.3058e-14  8.2823e-16  1.5124e-14
1403.1044   2009.90    0.8713    0.0552  1.3214e-14  8.3650e-16  1.5167e-14
1403.1343   2016.33    0.9049    0.0559  1.3764e-14  8.5094e-16  1.5210e-14
1403.1642   2022.77    0.8827    0.0551  1.3465e-14  8.4028e-16  1.5254e-14
1403.1941   2029.20    0.7926    0.0522  1.2125e-14  7.9905e-16  1.5298e-14
1403.2240   2035.64    0.9722    0.0578  1.4916e-14  8.8709e-16  1.5343e-14
1403.2539   2042.07    0.9808    0.0572  1.5091e-14  8.8002e-16  1.5387e-14
1403.2839   2048.50    1.0103    0.0580  1.5592e-14  8.9579e-16  1.5432e-14
1403.3138   2054.94    0.9334    0.0565  1.4446e-14  8.7375e-16  1.5478e-14
1403.3437   2061.37    0.9579    0.0574  1.4870e-14  8.9036e-16  1.5523e-14
1403.3736   2067.80    0.9505    0.0567  1.4798e-14  8.8353e-16  1.5569e-14
1403.4035   2074.24    0.9477    0.0567  1.4799e-14  8.8514e-16  1.5616e-14
1403.4334   2080.67    0.9937    0.0582  1.5564e-14  9.1193e-16  1.5662e-14
1403.4633   2087.10    1.0282    0.0584  1.6152e-14  9.1805e-16  1.5709e-14
1403.4932   2093.54    1.0730    0.0597  1.6907e-14  9.3998e-16  1.5757e-14
1403.5231   2099.97    1.0070    0.0587  1.5915e-14  9.2760e-16  1.5804e-14
1403.5530   2106.40    1.0393    0.0591  1.6475e-14  9.3763e-16  1.5852e-14
1403.5830   2112.84    0.9672    0.0562  1.5380e-14  8.9408e-16  1.5901e-14
1403.6129   2119.27    0.9742    0.0566  1.5537e-14  9.0318e-16  1.5949e-14
1403.6428   2125.70    1.0063    0.0576  1.6099e-14  9.2142e-16  1.5998e-14
1403.6727   2132.14    1.0182    0.0575  1.6339e-14  9.2254e-16  1.6048e-14
1403.7026   2138.57    1.0240    0.0578  1.6484e-14  9.2985e-16  1.6097e-14
1403.7325   2145.01    1.0361    0.0581  1.6730e-14  9.3876e-16  1.6147e-14
1403.7624   2151.44    1.0749    0.0589  1.7410e-14  9.5458e-16  1.6198e-14
1403.7923   2157.87    1.0657    0.0584  1.7316e-14  9.4907e-16  1.6248e-14
1403.8222   2164.31    0.9917    0.0562  1.6164e-14  9.1655e-16  1.6299e-14
1403.8521   2170.74    1.0768    0.0587  1.7606e-14  9.5913e-16  1.6351e-14
1403.8821   2177.17    0.9740    0.0560  1.5976e-14  9.1835e-16  1.6402e-14
1403.9120   2183.61    1.0220    0.0570  1.6816e-14  9.3770e-16  1.6454e-14
1403.9419   2190.04    1.0172    0.0576  1.6790e-14  9.5012e-16  1.6507e-14
1403.9718   2196.47    1.0015    0.0565  1.6585e-14  9.3532e-16  1.6559e-14
1404.0017   2202.91    1.1235    0.0593  1.8664e-14  9.8590e-16  1.6612e-14
1404.0316   2209.34    1.0120    0.0570  1.6866e-14  9.5011e-16  1.6666e-14
1404.0615   2215.77    0.9441    0.0561  1.5785e-14  9.3753e-16  1.6720e-14
1404.0914   2222.21    0.9390    0.0579  1.5750e-14  9.7047e-16  1.6774e-14
1404.1213   2228.64    0.9684    0.0587  1.6297e-14  9.8812e-16  1.6828e-14
1404.1512   2235.07    1.0078    0.0608  1.7015e-14  1.0260e-15  1.6883e-14
1404.1812   2241.51    0.8966    0.0597  1.5186e-14  1.0112e-15  1.6938e-14
1404.2111   2247.94    0.8843    0.0607  1.5027e-14  1.0311e-15  1.6993e-14
1404.2410   2254.38    0.9618    0.0624  1.6396e-14  1.0632e-15  1.7048e-14
1404.2709   2260.81    1.0705    0.0660  1.8308e-14  1.1294e-15  1.7103e-14
1404.3008   2267.24    1.0115    0.0637  1.7356e-14  1.0926e-15  1.7158e-14
1404.3307   2273.68    1.0010    0.0623  1.7230e-14  1.0723e-15  1.7213e-14
1404.3606   2280.11    1.0309    0.0631  1.7801e-14  1.0902e-15  1.7268e-14
1404.3905   2286.54    1.0556    0.0635  1.8286e-14  1.1000e-15  1.7323e-14
1404.4204   2292.98    0.9751    0.0615  1.6945e-14  1.0694e-15  1.7378e-14
1404.4503   2299.41    0.9578    0.0602  1.6697e-14  1.0490e-15  1.7433e-14
1404.4803   2305.84    0.9602    0.0602  1.6792e-14  1.0520e-15  1.7488e-14
1404.5102   2312.28    0.9562    0.0598  1.6775e-14  1.0489e-15  1.7543e-14
1404.5401   2318.71    1.0378    0.0626  1.8264e-14  1.1021e-15  1.7599e-14
1404.5700   2325.14    0.9326    0.0602  1.6463e-14  1.0622e-15  1.7654e-14
1404.5999   2331.58    0.9869    0.0586  1.7477e-14  1.0372e-15  1.7709e-14
1404.6298   2338.01    0.9484    0.0562  1.6848e-14  9.9905e-16  1.7765e-14
1404.6597   2344.44    0.9491    0.0537  1.6913e-14  9.5783e-16  1.7820e-14
1404.6896   2350.88    0.9687    0.0536  1.7315e-14  9.5847e-16  1.7876e-14
1404.7195   2357.31    1.0254    0.0551  1.8387e-14  9.8738e-16  1.7931e-14
1404.7494   2363.75    0.8926    0.0514  1.6055e-14  9.2486e-16  1.7987e-14
1404.7794   2370.18    0.9087    0.0518  1.6395e-14  9.3463e-16  1.8042e-14
1404.8093   2376.61    0.9184    0.0518  1.6621e-14  9.3671e-16  1.8098e-14
1404.8392   2383.05    0.9335    0.0521  1.6945e-14  9.4633e-16  1.8153e-14
1404.8691   2389.48    0.9707    0.0529  1.7676e-14  9.6347e-16  1.8209e-14
1404.8990   2395.91    1.0466    0.0549  1.9116e-14  1.0023e-15  1.8264e-14
1404.9289   2402.35    0.9970    0.0532  1.8266e-14  9.7492e-16  1.8320e-14
1404.9588   2408.78    1.0070    0.0536  1.8504e-14  9.8534e-16  1.8376e-14
1404.9887   2415.21    0.9002    0.0506  1.6591e-14  9.3209e-16  1.8432e-14
1405.0186   2421.65    0.9983    0.0534  1.8456e-14  9.8709e-16  1.8487e-14
1405.0485   2428.08    1.1064    0.0566  2.0516e-14  1.0487e-15  1.8543e-14
1405.0785   2434.51    1.0421    0.0548  1.9381e-14  1.0201e-15  1.8599e-14
1405.1084   2440.95    1.0466    0.0547  1.9524e-14  1.0205e-15  1.8655e-14
1405.1383   2447.38    0.9983    0.0534  1.8678e-14  9.9900e-16  1.8711e-14
