# Wave  Vhel  NormFlux  NormErr      Flux        Error       Continuum
1184.4922  -2210.21    1.0584    0.1237  8.8472e-15  1.0339e-15  8.3590e-15
1184.5221  -2202.70    0.9712    0.1186  8.1213e-15  9.9138e-16  8.3624e-15
1184.5520  -2195.18    1.0800    0.1249  9.0348e-15  1.0448e-15  8.3657e-15
1184.5819  -2187.67    0.8285    0.1096  6.9340e-15  9.1751e-16  8.3691e-15
1184.6118  -2180.15    0.8790    0.1128  7.3598e-15  9.4455e-16  8.3725e-15
1184.6418  -2172.64    1.0642    0.1238  8.9133e-15  1.0373e-15  8.3759e-15
1184.6717  -2165.12    0.9664    0.1180  8.0979e-15  9.8899e-16  8.3793e-15
1184.7016  -2157.61    1.0015    0.1202  8.3952e-15  1.0074e-15  8.3827e-15
1184.7315  -2150.10    0.9864    0.1192  8.2718e-15  9.9995e-16  8.3861e-15
1184.7614  -2142.58    0.9743    0.1184  8.1739e-15  9.9373e-16  8.3895e-15
1184.7913  -2135.07    0.9454    0.1167  7.9344e-15  9.7970e-16  8.3929e-15
1184.8212  -2127.55    1.0269    0.1216  8.6225e-15  1.0213e-15  8.3963e-15
1184.8511  -2120.04    1.1272    0.1273  9.4678e-15  1.0689e-15  8.3997e-15
1184.8810  -2112.52    1.2552    0.1341  1.0548e-14  1.1270e-15  8.4031e-15
1184.9109  -2105.01    1.0441    0.1223  8.7775e-15  1.0283e-15  8.4065e-15
1184.9409  -2097.50    1.0351    0.1218  8.7055e-15  1.0240e-15  8.4099e-15
1184.9708  -2089.98    1.1940    0.1307  1.0045e-14  1.0997e-15  8.4134e-15
1185.0007  -2082.47    1.1698    0.1293  9.8457e-15  1.0887e-15  8.4168e-15
1185.0306  -2074.95    1.0549    0.1230  8.8828e-15  1.0355e-15  8.4202e-15
1185.0605  -2067.44    0.9657    0.1176  8.1349e-15  9.9093e-16  8.4236e-15
1185.0904  -2059.92    1.0342    0.1215  8.7151e-15  1.0242e-15  8.4270e-15
1185.1203  -2052.41    0.8697    0.1116  7.3320e-15  9.4065e-16  8.4305e-15
1185.1502  -2044.89    1.0218    0.1207  8.6179e-15  1.0183e-15  8.4339e-15
1185.1801  -2037.38    0.8325    0.1092  7.0238e-15  9.2148e-16  8.4373e-15
1185.2100  -2029.87    0.9008    0.1140  7.6033e-15  9.6236e-16  8.4407e-15
1185.2400  -2022.35    0.8477    0.1263  7.1583e-15  1.0665e-15  8.4442e-15
1185.2699  -2014.84    0.9696    0.1384  8.1904e-15  1.1688e-15  8.4476e-15
1185.2998  -2007.32    0.9751    0.1536  8.2408e-15  1.2984e-15  8.4510e-15
1185.3297  -1999.81    1.1968    0.1718  1.0118e-14  1.4524e-15  8.4544e-15
1185.3596  -1992.29    0.8599    0.1417  7.2733e-15  1.1985e-15  8.4579e-15
1185.3895  -1984.78    0.9019    0.1484  7.6316e-15  1.2555e-15  8.4613e-15
1185.4194  -1977.27    0.9319    0.1538  7.8879e-15  1.3015e-15  8.4647e-15
1185.4493  -1969.75    0.8663    0.1477  7.3359e-15  1.2507e-15  8.4682e-15
1185.4792  -1962.24    0.7649    0.1397  6.4800e-15  1.1835e-15  8.4716e-15
1185.5091  -1954.72    1.1088    0.1693  9.3975e-15  1.4345e-15  8.4751e-15
1185.5391  -1947.21    1.0451    0.1612  8.8605e-15  1.3665e-15  8.4785e-15
1185.5690  -1939.69    1.0503    0.1624  8.9086e-15  1.3773e-15  8.4820e-15
1185.5989  -1932.18    1.0962    0.1633  9.3021e-15  1.3857e-15  8.4854e-15
1185.6288  -1924.67    0.8093    0.1450  6.8697e-15  1.2305e-15  8.4889e-15
1185.6587  -1917.15    1.1582    0.1710  9.8358e-15  1.4521e-15  8.4923e-15
1185.6886  -1909.64    0.9286    0.1563  7.8888e-15  1.3283e-15  8.4958e-15
1185.7185  -1902.12    1.0047    0.1559  8.5390e-15  1.3251e-15  8.4992e-15
1185.7484  -1894.61    0.8923    0.1275  7.5867e-15  1.0840e-15  8.5027e-15
1185.7783  -1887.09    0.9080    0.1173  7.7238e-15  9.9786e-16  8.5061e-15
1185.8082  -1879.58    1.0913    0.1239  9.2869e-15  1.0541e-15  8.5096e-15
1185.8382  -1872.06    1.1495    0.1271  9.7853e-15  1.0823e-15  8.5130e-15
1185.8681  -1864.55    1.0487    0.1215  8.9316e-15  1.0344e-15  8.5165e-15
1185.8980  -1857.04    0.9769    0.1173  8.3230e-15  9.9954e-16  8.5199e-15
1185.9279  -1849.52    1.1889    0.1291  1.0133e-14  1.1004e-15  8.5234e-15
1185.9578  -1842.01    1.1033    0.1244  9.4079e-15  1.0604e-15  8.5269e-15
1185.9877  -1834.49    0.9458    0.1153  8.0679e-15  9.8342e-16  8.5303e-15
1186.0176  -1826.98    1.0517    0.1214  8.9746e-15  1.0357e-15  8.5338e-15
1186.0475  -1819.46    1.0144    0.1192  8.6604e-15  1.0176e-15  8.5373e-15
1186.0774  -1811.95    1.0909    0.1233  9.3167e-15  1.0534e-15  8.5407e-15
1186.1073  -1804.44    0.8746    0.1108  7.4727e-15  9.4659e-16  8.5442e-15
1186.1373  -1796.92    0.8109    0.1067  6.9313e-15  9.1201e-16  8.5477e-15
1186.1672  -1789.41    0.8218    0.1073  7.0276e-15  9.1727e-16  8.5512e-15
1186.1971  -1781.89    1.0978    0.1237  9.3916e-15  1.0579e-15  8.5546e-15
1186.2270  -1774.38    1.1418    0.1260  9.7717e-15  1.0783e-15  8.5581e-15
1186.2569  -1766.86    1.1328    0.1255  9.6985e-15  1.0743e-15  8.5616e-15
1186.2868  -1759.35    0.8656    0.1099  7.4141e-15  9.4148e-16  8.5651e-15
1186.3167  -1751.84    0.8532    0.1090  7.3111e-15  9.3421e-16  8.5685e-15
1186.3466  -1744.32    0.9958    0.1176  8.5363e-15  1.0080e-15  8.5720e-15
1186.3765  -1736.81    1.0085    0.1183  8.6484e-15  1.0141e-15  8.5755e-15
1186.4064  -1729.29    0.9976    0.1176  8.5581e-15  1.0090e-15  8.5790e-15
1186.4364  -1721.78    0.9190    0.1130  7.8875e-15  9.6997e-16  8.5825e-15
1186.4663  -1714.26    0.8245    0.1070  7.0793e-15  9.1884e-16  8.5860e-15
1186.4962  -1706.75    0.8363    0.1077  7.1830e-15  9.2528e-16  8.5894e-15
1186.5261  -1699.23    1.0259    0.1191  8.8153e-15  1.0232e-15  8.5929e-15
1186.5560  -1691.72    1.0756    0.1218  9.2462e-15  1.0466e-15  8.5964e-15
1186.5859  -1684.21    1.0608    0.1209  9.1224e-15  1.0400e-15  8.5999e-15
1186.6158  -1676.69    0.9181    0.1126  7.8988e-15  9.6908e-16  8.6034e-15
1186.6457  -1669.18    1.1073    0.1235  9.5306e-15  1.0632e-15  8.6069e-15
1186.6756  -1661.66    0.9159    0.1125  7.8862e-15  9.6845e-16  8.6104e-15
1186.7055  -1654.15    0.9247    0.1129  7.9654e-15  9.7214e-16  8.6139e-15
1186.7355  -1646.63    0.8105    0.1059  6.9844e-15  9.1237e-16  8.6174e-15
1186.7654  -1639.12    0.9597    0.1150  8.2736e-15  9.9149e-16  8.6209e-15
1186.7953  -1631.61    1.0868    0.1221  9.3731e-15  1.0534e-15  8.6244e-15
1186.8252  -1624.09    1.0129    0.1180  8.7392e-15  1.0177e-15  8.6279e-15
1186.8551  -1616.58    1.0131    0.1180  8.7442e-15  1.0183e-15  8.6314e-15
1186.8850  -1609.06    1.0826    0.1218  9.3478e-15  1.0515e-15  8.6349e-15
1186.9149  -1601.55    0.8681    0.1093  7.4992e-15  9.4404e-16  8.6384e-15
1186.9448  -1594.03    0.9632    0.1149  8.3242e-15  9.9305e-16  8.6419e-15
1186.9747  -1586.52    1.0025    0.1171  8.6673e-15  1.0125e-15  8.6454e-15
1187.0046  -1579.01    0.9994    0.1169  8.6437e-15  1.0112e-15  8.6489e-15
1187.0346  -1571.49    0.9706    0.1153  8.3977e-15  9.9732e-16  8.6524e-15
1187.0645  -1563.98    0.9933    0.1164  8.5981e-15  1.0079e-15  8.6559e-15
1187.0944  -1556.46    1.1955    0.1276  1.0353e-14  1.1047e-15  8.6595e-15
1187.1243  -1548.95    0.9726    0.1153  8.4260e-15  9.9844e-16  8.6631e-15
1187.1542  -1541.43    0.9759    0.1153  8.4583e-15  9.9965e-16  8.6669e-15
1187.1841  -1533.92    0.9462    0.1136  8.2044e-15  9.8495e-16  8.6707e-15
1187.2140  -1526.40    1.0885    0.1217  9.4422e-15  1.0555e-15  8.6745e-15
1187.2439  -1518.89    0.8137    0.1054  7.0615e-15  9.1491e-16  8.6784e-15
1187.2738  -1511.38    0.8977    0.1105  7.7943e-15  9.5920e-16  8.6824e-15
1187.3037  -1503.86    0.9779    0.1152  8.4949e-15  1.0009e-15  8.6865e-15
1187.3337  -1496.35    0.9795    0.1153  8.5121e-15  1.0020e-15  8.6906e-15
1187.3636  -1488.83    0.9949    0.1162  8.6505e-15  1.0104e-15  8.6948e-15
1187.3935  -1481.32    1.1119    0.1225  9.6726e-15  1.0660e-15  8.6990e-15
1187.4234  -1473.80    1.0475    0.1189  9.1172e-15  1.0348e-15  8.7034e-15
1187.4533  -1466.29    1.0065    0.1165  8.7644e-15  1.0144e-15  8.7077e-15
1187.4832  -1458.78    0.8892    0.1096  7.7467e-15  9.5449e-16  8.7122e-15
1187.5131  -1451.26    1.0258    0.1176  8.9413e-15  1.0249e-15  8.7167e-15
1187.5430  -1443.75    0.9943    0.1157  8.6715e-15  1.0087e-15  8.7213e-15
1187.5729  -1436.23    1.0164    0.1167  8.8689e-15  1.0187e-15  8.7259e-15
1187.6028  -1428.72    0.9262    0.1117  8.0866e-15  9.7491e-16  8.7306e-15
1187.6328  -1421.20    1.1284    0.1230  9.8567e-15  1.0744e-15  8.7354e-15
1187.6627  -1413.69    1.0480    0.1184  9.1597e-15  1.0350e-15  8.7402e-15
1187.6926  -1406.18    1.0312    0.1175  9.0181e-15  1.0271e-15  8.7451e-15
1187.7225  -1398.66    0.9851    0.1149  8.6200e-15  1.0050e-15  8.7500e-15
1187.7524  -1391.15    1.0510    0.1185  9.2012e-15  1.0377e-15  8.7551e-15
1187.7823  -1383.63    1.1397    0.1234  9.9842e-15  1.0809e-15  8.7601e-15
1187.8122  -1376.12    0.9252    0.1112  8.1100e-15  9.7487e-16  8.7653e-15
1187.8421  -1368.60    0.9152    0.1106  8.0265e-15  9.7009e-16  8.7705e-15
1187.8720  -1361.09    1.0159    0.1164  8.9155e-15  1.0214e-15  8.7757e-15
1187.9019  -1353.57    1.0326    0.1172  9.0675e-15  1.0292e-15  8.7810e-15
1187.9319  -1346.06    1.1274    0.1224  9.9060e-15  1.0752e-15  8.7864e-15
1187.9618  -1338.55    1.0312    0.1170  9.0665e-15  1.0289e-15  8.7918e-15
1187.9917  -1331.03    0.9720    0.1136  8.5511e-15  9.9980e-16  8.7973e-15
1188.0216  -1323.52    0.9996    0.1152  8.7990e-15  1.0144e-15  8.8029e-15
1188.0515  -1316.00    1.0388    0.1173  9.1499e-15  1.0332e-15  8.8085e-15
1188.0814  -1308.49    1.0588    0.1185  9.3322e-15  1.0441e-15  8.8141e-15
1188.1113  -1300.97    0.7913    0.1026  6.9793e-15  9.0502e-16  8.8198e-15
1188.1412  -1293.46    1.1194    0.1216  9.8794e-15  1.0730e-15  8.8256e-15
1188.1711  -1285.95    0.9485    0.1120  8.3764e-15  9.8900e-16  8.8314e-15
1188.2010  -1278.43    1.0513    0.1179  9.2908e-15  1.0423e-15  8.8373e-15
1188.2310  -1270.92    0.9374    0.1112  8.2895e-15  9.8380e-16  8.8433e-15
1188.2609  -1263.40    1.1488    0.1228  1.0166e-14  1.0871e-15  8.8493e-15
1188.2908  -1255.89    1.0349    0.1166  9.1641e-15  1.0325e-15  8.8553e-15
1188.3207  -1248.37    0.9217    0.1103  8.1673e-15  9.7709e-16  8.8614e-15
1188.3506  -1240.86    0.8438    0.1054  7.4822e-15  9.3425e-16  8.8676e-15
1188.3805  -1233.35    1.0069    0.1149  8.9349e-15  1.0200e-15  8.8738e-15
1188.4104  -1225.83    0.8790    0.1076  7.8057e-15  9.5572e-16  8.8801e-15
1188.4403  -1218.32    0.9535    0.1119  8.4734e-15  9.9404e-16  8.8864e-15
1188.4702  -1210.80    0.9799    0.1134  8.7137e-15  1.0083e-15  8.8928e-15
1188.5001  -1203.29    1.1368    0.1218  1.0117e-14  1.0841e-15  8.8992e-15
1188.5301  -1195.77    1.1515    0.1226  1.0254e-14  1.0915e-15  8.9057e-15
1188.5600  -1188.26    0.8530    0.1058  7.6025e-15  9.4290e-16  8.9122e-15
1188.5899  -1180.74    0.7234    0.0976  6.4519e-15  8.7029e-16  8.9188e-15
1188.6198  -1173.23    0.8126    0.1032  7.2531e-15  9.2141e-16  8.9254e-15
1188.6497  -1165.72    0.7850    0.1013  7.0115e-15  9.0463e-16  8.9321e-15
1188.6796  -1158.20    0.9311    0.1102  8.3232e-15  9.8520e-16  8.9388e-15
1188.7095  -1150.69    0.7059    0.0961  6.3150e-15  8.5975e-16  8.9456e-15
1188.7394  -1143.17    0.8902    0.1076  7.9690e-15  9.6331e-16  8.9524e-15
1188.7693  -1135.66    0.6862    0.0947  6.1476e-15  8.4867e-16  8.9593e-15
1188.7992  -1128.14    0.7023    0.0957  6.2974e-15  8.5772e-16  8.9662e-15
1188.8292  -1120.63    0.8077    0.1024  7.2475e-15  9.1908e-16  8.9732e-15
1188.8591  -1113.12    0.7878    0.1010  7.0743e-15  9.0707e-16  8.9803e-15
1188.8890  -1105.60    1.0014    0.1137  9.0003e-15  1.0223e-15  8.9873e-15
1188.9189  -1098.09    0.9909    0.1130  8.9127e-15  1.0166e-15  8.9944e-15
1188.9488  -1090.57    0.8613    0.1055  7.7533e-15  9.4958e-16  9.0016e-15
1188.9787  -1083.06    0.9269    0.1091  8.3503e-15  9.8285e-16  9.0088e-15
1189.0086  -1075.54    0.9785    0.1122  8.8223e-15  1.0114e-15  9.0161e-15
1189.0385  -1068.03    1.0831    0.1178  9.7731e-15  1.0627e-15  9.0234e-15
1189.0684  -1060.52    0.8665    0.1055  7.8247e-15  9.5269e-16  9.0308e-15
1189.0983  -1053.00    0.8416    0.1038  7.6063e-15  9.3861e-16  9.0381e-15
1189.1283  -1045.49    0.9476    0.1101  8.5714e-15  9.9560e-16  9.0456e-15
1189.1582  -1037.97    1.0140    0.1136  9.1794e-15  1.0284e-15  9.0531e-15
1189.1881  -1030.46    0.9891    0.1122  8.9621e-15  1.0162e-15  9.0606e-15
1189.2180  -1022.94    1.0340    0.1146  9.3763e-15  1.0390e-15  9.0682e-15
1189.2479  -1015.43    0.9324    0.1090  8.4620e-15  9.8907e-16  9.0758e-15
1189.2778  -1007.91    0.9610    0.1105  8.7288e-15  1.0037e-15  9.0835e-15
1189.3077  -1000.40    1.0268    0.1141  9.3351e-15  1.0376e-15  9.0912e-15
1189.3376   -992.89    1.1077    0.1184  1.0079e-14  1.0772e-15  9.0989e-15
1189.3675   -985.37    1.0619    0.1158  9.6708e-15  1.0550e-15  9.1067e-15
1189.3974   -977.86    0.8776    0.1055  7.9987e-15  9.6170e-16  9.1145e-15
1189.4274   -970.34    0.7971    0.1006  7.2711e-15  9.1728e-16  9.1224e-15
1189.4573   -962.83    0.7947    0.1002  7.2558e-15  9.1486e-16  9.1303e-15
1189.4872   -955.31    1.1213    0.1186  1.0247e-14  1.0839e-15  9.1383e-15
1189.5171   -947.80    0.8955    0.1061  8.1905e-15  9.7038e-16  9.1463e-15
1189.5470   -940.29    0.8746    0.1050  8.0065e-15  9.6092e-16  9.1543e-15
1189.5769   -932.77    1.0931    0.1170  1.0015e-14  1.0716e-15  9.1624e-15
1189.6068   -925.26    1.1263    0.1185  1.0329e-14  1.0865e-15  9.1705e-15
1189.6367   -917.74    0.8864    0.1053  8.1361e-15  9.6645e-16  9.1786e-15
1189.6666   -910.23    0.8005    0.1001  7.3536e-15  9.1926e-16  9.1868e-15
1189.6965   -902.71    0.8237    0.1015  7.5741e-15  9.3356e-16  9.1951e-15
1189.7265   -895.20    0.6904    0.0932  6.3539e-15  8.5779e-16  9.2033e-15
1189.7564   -887.69    0.7229    0.0952  6.6595e-15  8.7687e-16  9.2116e-15
1189.7863   -880.17    0.7887    0.0992  7.2721e-15  9.1454e-16  9.2200e-15
1189.8162   -872.66    0.7917    0.0993  7.3061e-15  9.1657e-16  9.2283e-15
1189.8461   -865.14    0.5397    0.0823  4.9846e-15  7.6025e-16  9.2367e-15
1189.8760   -857.63    0.5947    0.0861  5.4984e-15  7.9647e-16  9.2452e-15
1189.9059   -850.11    0.5564    0.0836  5.1488e-15  7.7328e-16  9.2537e-15
1189.9358   -842.60    0.4714    0.0770  4.3666e-15  7.1289e-16  9.2622e-15
1189.9657   -835.08    0.4523    0.0751  4.1933e-15  6.9656e-16  9.2708e-15
1189.9956   -827.57    0.5157    0.0802  4.7853e-15  7.4399e-16  9.2793e-15
1190.0256   -820.06    0.4066    0.0714  3.7764e-15  6.6345e-16  9.2880e-15
1190.0555   -812.54    0.4544    0.0753  4.2244e-15  7.0025e-16  9.2966e-15
1190.0854   -805.03    0.4468    0.0747  4.1578e-15  6.9480e-16  9.3053e-15
1190.1153   -797.51    0.3907    0.0701  3.6393e-15  6.5301e-16  9.3140e-15
1190.1452   -790.00    0.3842    0.0693  3.5817e-15  6.4569e-16  9.3228e-15
1190.1751   -782.48    0.3853    0.0694  3.5951e-15  6.4726e-16  9.3316e-15
1190.2050   -774.97    0.4101    0.0714  3.8306e-15  6.6687e-16  9.3404e-15
1190.2349   -767.46    0.2093    0.0519  1.9570e-15  4.8531e-16  9.3492e-15
1190.2648   -759.94    0.1230    0.0407  1.1513e-15  3.8112e-16  9.3581e-15
1190.2947   -752.43    0.2174    0.0526  2.0367e-15  4.9277e-16  9.3670e-15
1190.3247   -744.91    0.1085    0.0385  1.0176e-15  3.6090e-16  9.3760e-15
1190.3546   -737.40    0.0945    0.0360  8.8681e-16  3.3795e-16  9.3850e-15
1190.3845   -729.88    0.0732    0.0325  6.8779e-16  3.0543e-16  9.3940e-15
1190.4144   -722.37    0.0222    0.0212  2.0890e-16  1.9973e-16  9.4030e-15
1190.4443   -714.86    0.0529    0.0285  4.9793e-16  2.6855e-16  9.4121e-15
1190.4742   -707.34    0.0517    0.0284  4.8746e-16  2.6799e-16  9.4212e-15
1190.5041   -699.83    0.0346    0.0247  3.2597e-16  2.3289e-16  9.4303e-15
1190.5340   -692.31    0.0575    0.0296  5.4307e-16  2.7974e-16  9.4394e-15
1190.5639   -684.80    0.0439    0.0267  4.1506e-16  2.5192e-16  9.4486e-15
1190.5938   -677.28    0.0949    0.0364  8.9708e-16  3.4389e-16  9.4578e-15
1190.6238   -669.77    0.2190    0.0528  2.0735e-15  4.9949e-16  9.4670e-15
1190.6537   -662.25    0.1493    0.0442  1.4151e-15  4.1925e-16  9.4763e-15
1190.6836   -654.74    0.1232    0.0409  1.1690e-15  3.8769e-16  9.4856e-15
1190.7135   -647.23    0.1389    0.0428  1.3187e-15  4.0592e-16  9.4949e-15
1190.7434   -639.71    0.1305    0.0415  1.2400e-15  3.9489e-16  9.5042e-15
1190.7733   -632.20    0.2767    0.0586  2.6323e-15  5.5765e-16  9.5136e-15
1190.8032   -624.68    0.3684    0.0671  3.5085e-15  6.3875e-16  9.5230e-15
1190.8331   -617.17    0.5436    0.0809  5.1819e-15  7.7144e-16  9.5324e-15
1190.8630   -609.65    0.7636    0.0953  7.2865e-15  9.0897e-16  9.5418e-15
1190.8929   -602.14    0.7355    0.0936  7.0247e-15  8.9428e-16  9.5513e-15
1190.9229   -594.63    0.6406    0.0874  6.1246e-15  8.3535e-16  9.5608e-15
1190.9528   -587.11    0.9040    0.1033  8.6516e-15  9.8886e-16  9.5703e-15
1190.9827   -579.60    0.8986    0.1030  8.6084e-15  9.8679e-16  9.5798e-15
1191.0126   -572.08    0.8832    0.1020  8.4692e-15  9.7820e-16  9.5894e-15
1191.0425   -564.57    0.9047    0.1032  8.6843e-15  9.9023e-16  9.5989e-15
1191.0724   -557.05    0.8833    0.1018  8.4874e-15  9.7811e-16  9.6085e-15
1191.1023   -549.54    0.9709    0.1066  9.3383e-15  1.0253e-15  9.6181e-15
1191.1322   -542.03    1.0352    0.1099  9.9667e-15  1.0585e-15  9.6278e-15
1191.1621   -534.51    0.8581    0.1001  8.2700e-15  9.6471e-16  9.6374e-15
1191.1920   -527.00    1.0348    0.1097  9.9824e-15  1.0588e-15  9.6471e-15
1191.2220   -519.48    1.0535    0.1107  1.0173e-14  1.0686e-15  9.6568e-15
1191.2519   -511.97    1.1899    0.1175  1.1503e-14  1.1362e-15  9.6665e-15
1191.2818   -504.45    1.0587    0.1109  1.0244e-14  1.0728e-15  9.6763e-15
1191.3117   -496.94    0.9845    0.1069  9.5364e-15  1.0356e-15  9.6860e-15
1191.3416   -489.42    0.7810    0.0955  7.5727e-15  9.2554e-16  9.6958e-15
1191.3715   -481.91    1.0548    0.1106  1.0237e-14  1.0738e-15  9.7056e-15
1191.4014   -474.40    1.0004    0.1315  9.7188e-15  1.2779e-15  9.7154e-15
1191.4313   -466.88    1.0826    0.1454  1.0529e-14  1.4142e-15  9.7252e-15
1191.4612   -459.37    1.0549    0.1485  1.0269e-14  1.4452e-15  9.7351e-15
1191.4911   -451.85    1.0043    0.1463  9.7865e-15  1.4253e-15  9.7449e-15
1191.5211   -444.34    1.0627    0.1494  1.0366e-14  1.4572e-15  9.7548e-15
1191.5510   -436.82    1.1500    0.1530  1.1229e-14  1.4940e-15  9.7647e-15
1191.5809   -429.31    1.0927    0.1495  1.0681e-14  1.4615e-15  9.7746e-15
1191.6108   -421.80    0.9652    0.1429  9.4442e-15  1.3987e-15  9.7845e-15
1191.6407   -414.28    0.9290    0.1407  9.0987e-15  1.3784e-15  9.7945e-15
1191.6706   -406.77    1.0393    0.1471  1.0190e-14  1.4421e-15  9.8044e-15
1191.7005   -399.25    0.9634    0.1406  9.4556e-15  1.3804e-15  9.8144e-15
1191.7304   -391.74    1.0796    0.1498  1.0607e-14  1.4718e-15  9.8244e-15
1191.7603   -384.22    1.2360    0.1580  1.2155e-14  1.5540e-15  9.8344e-15
1191.7902   -376.71    1.0855    0.1477  1.0686e-14  1.4540e-15  9.8444e-15
1191.8202   -369.20    0.9116    0.1388  8.9832e-15  1.3681e-15  9.8544e-15
1191.8501   -361.68    1.2738    0.1586  1.2565e-14  1.5646e-15  9.8645e-15
1191.8800   -354.17    1.1608    0.1516  1.1463e-14  1.4971e-15  9.8745e-15
1191.9099   -346.65    0.9985    0.1397  9.8701e-15  1.3810e-15  9.8846e-15
1191.9398   -339.14    0.9380    0.1412  9.2808e-15  1.3975e-15  9.8946e-15
1191.9697   -331.62    0.9850    0.1412  9.7562e-15  1.3982e-15  9.9047e-15
1191.9996   -324.11    1.1729    0.1501  1.1629e-14  1.4885e-15  9.9148e-15
1192.0295   -316.60    1.2304    0.1532  1.2211e-14  1.5209e-15  9.9249e-15
1192.0594   -309.08    1.0090    0.1235  1.0024e-14  1.2266e-15  9.9350e-15
1192.0893   -301.57    0.9315    0.1022  9.2640e-15  1.0166e-15  9.9451e-15
1192.1193   -294.05    0.9459    0.1028  9.4167e-15  1.0234e-15  9.9553e-15
1192.1492   -286.54    1.0814    0.1097  1.0777e-14  1.0931e-15  9.9654e-15
1192.1791   -279.02    1.2446    0.1176  1.2416e-14  1.1735e-15  9.9756e-15
1192.2090   -271.51    1.0279    0.1069  1.0265e-14  1.0678e-15  9.9857e-15
1192.2389   -263.99    1.1160    0.1113  1.1155e-14  1.1122e-15  9.9959e-15
1192.2688   -256.48    0.9377    0.1019  9.3826e-15  1.0199e-15  1.0006e-14
1192.2987   -248.97    1.0037    0.1054  1.0053e-14  1.0558e-15  1.0016e-14
1192.3286   -241.45    1.0018    0.1054  1.0044e-14  1.0565e-15  1.0026e-14
1192.3585   -233.94    0.8678    0.0980  8.7097e-15  9.8313e-16  1.0037e-14
1192.3884   -226.42    1.0302    0.1066  1.0350e-14  1.0710e-15  1.0047e-14
1192.4184   -218.91    1.1438    0.1122  1.1503e-14  1.1280e-15  1.0057e-14
1192.4483   -211.39    1.1207    0.1111  1.1282e-14  1.1183e-15  1.0067e-14
1192.4782   -203.88    0.9977    0.1047  1.0054e-14  1.0550e-15  1.0077e-14
1192.5081   -196.37    0.9754    0.1034  9.8396e-15  1.0435e-15  1.0088e-14
1192.5380   -188.85    0.9529    0.1023  9.6227e-15  1.0329e-15  1.0098e-14
1192.5679   -181.34    0.9540    0.1023  9.6434e-15  1.0340e-15  1.0108e-14
1192.5978   -173.82    1.1542    0.1122  1.1678e-14  1.1355e-15  1.0118e-14
1192.6277   -166.31    0.9723    0.1031  9.8481e-15  1.0446e-15  1.0129e-14
1192.6576   -158.79    1.0426    0.1066  1.0571e-14  1.0812e-15  1.0139e-14
1192.6875   -151.28    1.0291    0.1059  1.0444e-14  1.0745e-15  1.0149e-14
1192.7175   -143.77    1.0089    0.1047  1.0250e-14  1.0637e-15  1.0159e-14
1192.7474   -136.25    1.0162    0.1050  1.0334e-14  1.0678e-15  1.0170e-14
1192.7773   -128.74    0.9838    0.1033  1.0015e-14  1.0514e-15  1.0180e-14
1192.8072   -121.22    1.0667    0.1074  1.0870e-14  1.0945e-15  1.0190e-14
1192.8371   -113.71    1.0997    0.1090  1.1217e-14  1.1113e-15  1.0200e-14
1192.8670   -106.19    0.9982    0.1039  1.0192e-14  1.0609e-15  1.0211e-14
1192.8969    -98.68    1.0017    0.1039  1.0238e-14  1.0620e-15  1.0221e-14
1192.9268    -91.16    0.8706    0.0968  8.9070e-15  9.9086e-16  1.0231e-14
1192.9567    -83.65    0.9437    0.1008  9.6651e-15  1.0320e-15  1.0241e-14
1192.9866    -76.14    0.7467    0.0897  7.6551e-15  9.1981e-16  1.0252e-14
1193.0166    -68.62    0.9079    0.0988  9.3167e-15  1.0134e-15  1.0262e-14
1193.0465    -61.11    0.8823    0.0973  9.0626e-15  9.9930e-16  1.0272e-14
1193.0764    -53.59    0.7505    0.0898  7.7173e-15  9.2305e-16  1.0282e-14
1193.1063    -46.08    0.5756    0.0788  5.9239e-15  8.1117e-16  1.0292e-14
1193.1362    -38.56    0.4016    0.0663  4.1372e-15  6.8343e-16  1.0303e-14
1193.1661    -31.05    0.2833    0.0561  2.9221e-15  5.7858e-16  1.0313e-14
1193.1960    -23.54    0.0818    0.0320  8.4440e-16  3.3033e-16  1.0323e-14
1193.2259    -16.02    0.1362    0.0399  1.4075e-15  4.1280e-16  1.0333e-14
1193.2558     -8.51    0.1062    0.0358  1.0988e-15  3.7061e-16  1.0344e-14
1193.2857     -0.99    0.0364    0.0233  3.7675e-16  2.4126e-16  1.0354e-14
1193.3157      6.52    0.0506    0.0263  5.2395e-16  2.7222e-16  1.0364e-14
1193.3456     14.04    0.0353    0.0231  3.6572e-16  2.4001e-16  1.0374e-14
1193.3755     21.55    0.0323    0.0223  3.3513e-16  2.3182e-16  1.0384e-14
1193.4054     29.06    0.0213    0.0193  2.2128e-16  2.0092e-16  1.0395e-14
1193.4353     36.58    0.0654    0.0288  6.8084e-16  2.9920e-16  1.0405e-14
1193.4652     44.09    0.0299    0.0218  3.1159e-16  2.2701e-16  1.0415e-14
1193.4951     51.61    0.0589    0.0276  6.1377e-16  2.8812e-16  1.0425e-14
1193.5250     59.12    0.0645    0.0286  6.7279e-16  2.9842e-16  1.0435e-14
1193.5549     66.64    0.0366    0.0232  3.8280e-16  2.4182e-16  1.0446e-14
1193.5848     74.15    0.0888    0.0330  9.2866e-16  3.4468e-16  1.0456e-14
1193.6148     81.67    0.0936    0.0381  9.7931e-16  3.9866e-16  1.0466e-14
1193.6447     89.18    0.1321    0.0433  1.3840e-15  4.5404e-16  1.0476e-14
1193.6746     96.69    0.1917    0.0539  2.0100e-15  5.6555e-16  1.0486e-14
1193.7045    104.21    0.4456    0.0902  4.6770e-15  9.4694e-16  1.0496e-14
1193.7344    111.72    0.5164    0.0972  5.4259e-15  1.0213e-15  1.0506e-14
1193.7643    119.24    0.4932    0.0994  5.1864e-15  1.0454e-15  1.0516e-14
1193.7942    126.75    0.6428    0.1073  6.7661e-15  1.1291e-15  1.0526e-14
1193.8241    134.27    0.6068    0.1066  6.3932e-15  1.1234e-15  1.0537e-14
1193.8540    141.78    0.8456    0.1263  8.9186e-15  1.3316e-15  1.0547e-14
1193.8839    149.29    0.7784    0.1191  8.2177e-15  1.2570e-15  1.0557e-14
1193.9139    156.81    0.8762    0.1273  9.2587e-15  1.3451e-15  1.0567e-14
1193.9438    164.32    0.8067    0.1225  8.5317e-15  1.2953e-15  1.0577e-14
1193.9737    171.84    0.7885    0.1199  8.3480e-15  1.2697e-15  1.0587e-14
1194.0036    179.35    0.8947    0.1255  9.4811e-15  1.3297e-15  1.0597e-14
1194.0335    186.87    1.2192    0.1435  1.2932e-14  1.5216e-15  1.0607e-14
1194.0634    194.38    1.0955    0.1410  1.1631e-14  1.4966e-15  1.0617e-14
1194.0933    201.89    1.0613    0.1415  1.1278e-14  1.5041e-15  1.0627e-14
1194.1232    209.41    0.9706    0.1231  1.0323e-14  1.3089e-15  1.0637e-14
1194.1531    216.92    1.0145    0.1179  1.0801e-14  1.2551e-15  1.0646e-14
1194.1830    224.44    1.1208    0.1204  1.1944e-14  1.2826e-15  1.0656e-14
1194.2130    231.95    1.0611    0.1039  1.1318e-14  1.1083e-15  1.0666e-14
1194.2429    239.47    0.9569    0.0986  1.0216e-14  1.0530e-15  1.0676e-14
1194.2728    246.98    0.9770    0.0996  1.0441e-14  1.0641e-15  1.0686e-14
1194.3027    254.50    1.0200    0.1017  1.0909e-14  1.0874e-15  1.0696e-14
1194.3326    262.01    1.1225    0.1065  1.2017e-14  1.1396e-15  1.0706e-14
1194.3625    269.52    0.9899    0.1000  1.0607e-14  1.0718e-15  1.0716e-14
1194.3924    277.04    0.9248    0.0967  9.9189e-15  1.0369e-15  1.0725e-14
1194.4223    284.55    0.9336    0.0971  1.0022e-14  1.0422e-15  1.0735e-14
1194.4522    292.07    0.8687    0.0937  9.3342e-15  1.0065e-15  1.0745e-14
1194.4821    299.58    0.9924    0.0999  1.0672e-14  1.0743e-15  1.0755e-14
1194.5121    307.10    0.9237    0.0964  9.9429e-15  1.0376e-15  1.0764e-14
1194.5420    314.61    1.0745    0.1037  1.1577e-14  1.1168e-15  1.0774e-14
1194.5719    322.12    1.0860    0.1043  1.1711e-14  1.1247e-15  1.0784e-14
1194.6018    329.64    0.9661    0.0983  1.0427e-14  1.0607e-15  1.0793e-14
1194.6317    337.15    0.9152    0.0958  9.8872e-15  1.0344e-15  1.0803e-14
1194.6616    344.67    0.8971    0.0947  9.6998e-15  1.0238e-15  1.0813e-14
1194.6915    352.18    1.0280    0.1012  1.1125e-14  1.0952e-15  1.0822e-14
1194.7214    359.70    1.0970    0.1044  1.1882e-14  1.1307e-15  1.0832e-14
1194.7513    367.21    0.9776    0.0985  1.0599e-14  1.0684e-15  1.0841e-14
1194.7812    374.72    1.0104    0.1001  1.0963e-14  1.0864e-15  1.0851e-14
1194.8112    382.24    1.0736    0.1031  1.1660e-14  1.1192e-15  1.0860e-14
1194.8411    389.75    0.8758    0.1169  9.5200e-15  1.2706e-15  1.0870e-14
1194.8710    397.27    1.0109    0.1461  1.0998e-14  1.5897e-15  1.0879e-14
1194.9009    404.78    1.0667    0.1673  1.1615e-14  1.8212e-15  1.0889e-14
1194.9308    412.30    0.9916    0.1561  1.0807e-14  1.7013e-15  1.0898e-14
1194.9607    419.81    1.0503    0.1771  1.1457e-14  1.9314e-15  1.0908e-14
1194.9906    427.33    0.9506    0.1934  1.0378e-14  2.1115e-15  1.0917e-14
1195.0205    434.84    1.1439    0.2088  1.2499e-14  2.2811e-15  1.0926e-14
1195.0504    442.35    1.0968    0.1697  1.1995e-14  1.8558e-15  1.0936e-14
1195.0803    449.87    0.9565    0.1564  1.0469e-14  1.7114e-15  1.0945e-14
1195.1103    457.38    0.7856    0.1252  8.6058e-15  1.3712e-15  1.0954e-14
1195.1402    464.90    1.0101    0.1304  1.1074e-14  1.4297e-15  1.0963e-14
1195.1701    472.41    1.1378    0.1052  1.2485e-14  1.1546e-15  1.0973e-14
1195.2000    479.93    1.1058    0.1038  1.2144e-14  1.1394e-15  1.0982e-14
1195.2299    487.44    1.1388    0.1051  1.2517e-14  1.1555e-15  1.0991e-14
1195.2598    494.95    1.1002    0.1034  1.2102e-14  1.1369e-15  1.1000e-14
1195.2897    502.47    1.0058    0.0988  1.1072e-14  1.0878e-15  1.1009e-14
1195.3196    509.98    1.1326    0.1048  1.2479e-14  1.1543e-15  1.1018e-14
1195.3495    517.50    0.9012    0.0936  9.9380e-15  1.0321e-15  1.1027e-14
1195.3794    525.01    1.1133    0.1037  1.2286e-14  1.1443e-15  1.1036e-14
1195.4094    532.53    1.0087    0.0987  1.1142e-14  1.0907e-15  1.1045e-14
1195.4393    540.04    1.0056    0.0986  1.1116e-14  1.0894e-15  1.1054e-14
1195.4692    547.55    1.0164    0.0990  1.1244e-14  1.0956e-15  1.1063e-14
1195.4991    555.07    0.8964    0.0931  9.9249e-15  1.0308e-15  1.1072e-14
1195.5290    562.58    1.0835    0.1020  1.2006e-14  1.1307e-15  1.1081e-14
1195.5589    570.10    0.9828    0.0972  1.0899e-14  1.0776e-15  1.1090e-14
1195.5888    577.61    0.9477    0.0955  1.0518e-14  1.0596e-15  1.1099e-14
1195.6187    585.13    0.8845    0.0922  9.8246e-15  1.0243e-15  1.1107e-14
1195.6486    592.64    0.8869    0.0923  9.8587e-15  1.0256e-15  1.1116e-14
1195.6785    600.16    0.9956    0.0976  1.1076e-14  1.0859e-15  1.1125e-14
1195.7085    607.67    1.1191    0.1034  1.2459e-14  1.1509e-15  1.1133e-14
1195.7384    615.18    1.1916    0.1066  1.3277e-14  1.1873e-15  1.1142e-14
1195.7683    622.70    0.9572    0.0956  1.0674e-14  1.0663e-15  1.1151e-14
1195.7982    630.21    0.9766    0.0964  1.0898e-14  1.0755e-15  1.1159e-14
1195.8281    637.73    1.0703    0.1008  1.1952e-14  1.1258e-15  1.1168e-14
1195.8580    645.24    0.9875    0.0969  1.1037e-14  1.0825e-15  1.1176e-14
1195.8879    652.76    0.9376    0.0944  1.0487e-14  1.0563e-15  1.1185e-14
1195.9178    660.27    1.1128    0.1025  1.2456e-14  1.1475e-15  1.1193e-14
1195.9477    667.78    1.0552    0.0999  1.1820e-14  1.1193e-15  1.1201e-14
1195.9776    675.30    1.0028    0.0973  1.1241e-14  1.0908e-15  1.1210e-14
1196.0076    682.81    1.0293    0.0986  1.1546e-14  1.1060e-15  1.1218e-14
1196.0375    690.33    0.9743    0.0958  1.0938e-14  1.0758e-15  1.1226e-14
1196.0674    697.84    1.0602    0.0999  1.1911e-14  1.1224e-15  1.1235e-14
1196.0973    705.36    1.1257    0.1029  1.2656e-14  1.1573e-15  1.1243e-14
1196.1272    712.87    0.9025    0.0923  1.0154e-14  1.0380e-15  1.1251e-14
1196.1571    720.38    1.0299    0.0984  1.1595e-14  1.1078e-15  1.1259e-14
1196.1870    727.90    0.8962    0.0917  1.0097e-14  1.0334e-15  1.1267e-14
1196.2169    735.41    0.9099    0.0924  1.0259e-14  1.0414e-15  1.1275e-14
1196.2468    742.93    0.9549    0.0945  1.0774e-14  1.0668e-15  1.1283e-14
1196.2767    750.44    0.7896    0.0861  8.9154e-15  9.7265e-16  1.1291e-14
1196.3067    757.96    0.8761    0.0904  9.8988e-15  1.0211e-15  1.1299e-14
1196.3366    765.47    0.7471    0.0836  8.4469e-15  9.4488e-16  1.1307e-14
1196.3665    772.99    0.8398    0.0886  9.5017e-15  1.0019e-15  1.1315e-14
1196.3964    780.50    0.7664    0.0847  8.6772e-15  9.5924e-16  1.1323e-14
1196.4263    788.01    0.7322    0.0828  8.2963e-15  9.3768e-16  1.1330e-14
1196.4562    795.53    0.6982    0.0808  7.9162e-15  9.1565e-16  1.1338e-14
1196.4861    803.04    0.7152    0.0817  8.1148e-15  9.2660e-16  1.1346e-14
1196.5160    810.56    0.6314    0.0767  7.1688e-15  8.7096e-16  1.1353e-14
1196.5459    818.07    0.6777    0.0795  7.6994e-15  9.0326e-16  1.1361e-14
1196.5758    825.59    0.6614    0.0786  7.5193e-15  8.9335e-16  1.1368e-14
1196.6058    833.10    0.5943    0.0744  6.7606e-15  8.4609e-16  1.1376e-14
1196.6357    840.61    0.6644    0.0786  7.5630e-15  8.9502e-16  1.1383e-14
1196.6656    848.13    0.6385    0.0770  7.2730e-15  8.7741e-16  1.1391e-14
1196.6955    855.64    0.4737    0.0665  5.3991e-15  7.5791e-16  1.1398e-14
1196.7254    863.16    0.6047    0.0748  6.8974e-15  8.5357e-16  1.1405e-14
1196.7553    870.67    0.5910    0.0741  6.7453e-15  8.4559e-16  1.1413e-14
1196.7852    878.19    0.7760    0.0847  8.8622e-15  9.6677e-16  1.1420e-14
1196.8151    885.70    0.8060    0.0861  9.2105e-15  9.8352e-16  1.1427e-14
1196.8450    893.21    0.8727    0.0896  9.9786e-15  1.0248e-15  1.1434e-14
1196.8749    900.73    0.8825    0.0900  1.0096e-14  1.0295e-15  1.1441e-14
1196.9049    908.24    0.8831    0.0900  1.0110e-14  1.0308e-15  1.1448e-14
1196.9348    915.76    0.6826    0.0793  7.8192e-15  9.0828e-16  1.1455e-14
1196.9647    923.27    0.9527    0.0933  1.0920e-14  1.0697e-15  1.1462e-14
1196.9946    930.79    0.9210    0.0917  1.0563e-14  1.0518e-15  1.1469e-14
1197.0245    938.30    0.7525    0.0830  8.6356e-15  9.5252e-16  1.1476e-14
1197.0544    945.82    0.9665    0.0939  1.1098e-14  1.0780e-15  1.1483e-14
1197.0843    953.33    0.9502    0.0931  1.0917e-14  1.0696e-15  1.1490e-14
1197.1142    960.84    0.8599    0.0885  9.8855e-15  1.0172e-15  1.1496e-14
1197.1441    968.36    1.0162    0.0960  1.1689e-14  1.1039e-15  1.1503e-14
1197.1740    975.87    0.9491    0.0928  1.0924e-14  1.0682e-15  1.1509e-14
1197.2040    983.39    0.9462    0.0927  1.0896e-14  1.0676e-15  1.1516e-14
1197.2339    990.90    0.9384    0.0922  1.0812e-14  1.0624e-15  1.1522e-14
1197.2638    998.42    0.7586    0.0829  8.7456e-15  9.5606e-16  1.1529e-14
1197.2937   1005.93    0.8593    0.0883  9.9126e-15  1.0181e-15  1.1535e-14
1197.3236   1013.44    0.9739    0.0938  1.1240e-14  1.0831e-15  1.1542e-14
1197.3535   1020.96    0.9479    0.0924  1.0947e-14  1.0675e-15  1.1548e-14
1197.3834   1028.47    1.0727    0.0983  1.2395e-14  1.1352e-15  1.1554e-14
1197.4133   1035.99    0.9805    0.0940  1.1334e-14  1.0865e-15  1.1560e-14
1197.4432   1043.50    1.0211    0.0958  1.1810e-14  1.1079e-15  1.1566e-14
1197.4731   1051.02    1.0517    0.0973  1.2171e-14  1.1256e-15  1.1572e-14
1197.5031   1058.53    1.1336    0.1009  1.3125e-14  1.1679e-15  1.1578e-14
1197.5330   1066.04    0.9612    0.0930  1.1135e-14  1.0770e-15  1.1584e-14
1197.5629   1073.56    0.9743    0.0935  1.1292e-14  1.0832e-15  1.1590e-14
1197.5928   1081.07    0.9952    0.0943  1.1540e-14  1.0938e-15  1.1596e-14
1197.6227   1088.59    1.0402    0.0964  1.2069e-14  1.1189e-15  1.1602e-14
1197.6526   1096.10    0.9745    0.0933  1.1312e-14  1.0833e-15  1.1608e-14
1197.6825   1103.62    1.1572    0.1015  1.3438e-14  1.1793e-15  1.1613e-14
1197.7124   1111.13    1.1432    0.1009  1.3283e-14  1.1724e-15  1.1619e-14
1197.7423   1118.65    0.9915    0.0940  1.1526e-14  1.0922e-15  1.1625e-14
1197.7722   1126.16    0.9866    0.0936  1.1475e-14  1.0891e-15  1.1630e-14
1197.8022   1133.67    1.0385    0.0962  1.2083e-14  1.1189e-15  1.1635e-14
1197.8321   1141.19    0.9696    0.0928  1.1288e-14  1.0803e-15  1.1641e-14
1197.8620   1148.70    1.0260    0.0955  1.1949e-14  1.1119e-15  1.1646e-14
1197.8919   1156.22    1.0096    0.0947  1.1763e-14  1.1034e-15  1.1651e-14
1197.9218   1163.73    1.0345    0.0958  1.2058e-14  1.1169e-15  1.1657e-14
1197.9517   1171.25    0.9943    0.0939  1.1596e-14  1.0946e-15  1.1662e-14
1197.9816   1178.76    0.8733    0.0880  1.0189e-14  1.0270e-15  1.1667e-14
1198.0115   1186.27    0.9330    0.0911  1.0890e-14  1.0628e-15  1.1672e-14
1198.0414   1193.79    0.9882    0.0935  1.1539e-14  1.0922e-15  1.1677e-14
1198.0713   1201.30    1.0278    0.0953  1.2007e-14  1.1138e-15  1.1682e-14
1198.1013   1208.82    1.0185    0.0949  1.1903e-14  1.1085e-15  1.1687e-14
1198.1312   1216.33    0.9990    0.0940  1.1679e-14  1.0987e-15  1.1691e-14
1198.1611   1223.85    0.9643    0.0923  1.1278e-14  1.0795e-15  1.1696e-14
1198.1910   1231.36    1.0225    0.0949  1.1964e-14  1.1106e-15  1.1701e-14
1198.2209   1238.87    0.9408    0.0911  1.1013e-14  1.0663e-15  1.1705e-14
1198.2508   1246.39    1.1254    0.0995  1.3179e-14  1.1646e-15  1.1710e-14
1198.2807   1253.90    0.9871    0.0932  1.1564e-14  1.0917e-15  1.1714e-14
1198.3106   1261.42    0.9668    0.0922  1.1330e-14  1.0809e-15  1.1719e-14
1198.3405   1268.93    0.9458    0.0912  1.1088e-14  1.0686e-15  1.1723e-14
1198.3704   1276.45    1.1071    0.0986  1.2983e-14  1.1560e-15  1.1727e-14
1198.4004   1283.96    1.0950    0.0980  1.2846e-14  1.1498e-15  1.1731e-14
1198.4303   1291.48    0.9783    0.0927  1.1481e-14  1.0874e-15  1.1736e-14
1198.4602   1298.99    1.0274    0.0948  1.2061e-14  1.1134e-15  1.1740e-14
1198.4901   1306.50    1.1205    0.0990  1.3158e-14  1.1622e-15  1.1744e-14
1198.5200   1314.02    0.9281    0.0902  1.0903e-14  1.0597e-15  1.1748e-14
1198.5499   1321.53    0.9961    0.0934  1.1706e-14  1.0977e-15  1.1751e-14
1198.5798   1329.05    1.0478    0.0957  1.2317e-14  1.1253e-15  1.1755e-14
1198.6097   1336.56    0.9808    0.0927  1.1533e-14  1.0897e-15  1.1759e-14
1198.6396   1344.08    1.0156    0.0942  1.1947e-14  1.1080e-15  1.1763e-14
1198.6695   1351.59    1.0002    0.0935  1.1768e-14  1.0997e-15  1.1766e-14
1198.6995   1359.10    1.0219    0.0944  1.2027e-14  1.1113e-15  1.1770e-14
1198.7294   1366.62    0.9757    0.0922  1.1487e-14  1.0860e-15  1.1773e-14
1198.7593   1374.13    1.0235    0.0945  1.2053e-14  1.1129e-15  1.1777e-14
1198.7892   1381.65    1.0309    0.0948  1.2144e-14  1.1165e-15  1.1780e-14
1198.8191   1389.16    1.0278    0.0946  1.2110e-14  1.1151e-15  1.1783e-14
1198.8490   1396.68    0.9610    0.0915  1.1326e-14  1.0788e-15  1.1786e-14
1198.8789   1404.19    0.9406    0.0905  1.1089e-14  1.0671e-15  1.1789e-14
1198.9088   1411.70    1.0054    0.0935  1.1856e-14  1.1022e-15  1.1792e-14
1198.9387   1419.22    1.1234    0.0987  1.3251e-14  1.1643e-15  1.1795e-14
1198.9686   1426.73    1.1148    0.0984  1.3153e-14  1.1608e-15  1.1798e-14
1198.9986   1434.25    1.0295    0.0945  1.2148e-14  1.1153e-15  1.1800e-14
1199.0285   1441.76    1.0142    0.0938  1.1970e-14  1.1068e-15  1.1803e-14
1199.0584   1449.28    0.8579    0.0863  1.0127e-14  1.0194e-15  1.1805e-14
1199.0883   1456.79    0.8918    0.0880  1.0530e-14  1.0391e-15  1.1807e-14
1199.1182   1464.31    1.1044    0.0978  1.3042e-14  1.1546e-15  1.1809e-14
1199.1481   1471.82    1.2079    0.1022  1.4267e-14  1.2076e-15  1.1811e-14
1199.1780   1479.33    0.8532    0.0861  1.0079e-14  1.0173e-15  1.1813e-14
1199.2079   1486.85    1.0447    0.0951  1.2342e-14  1.1235e-15  1.1815e-14
1199.2378   1494.36    1.1633    0.1003  1.3746e-14  1.1852e-15  1.1816e-14
1199.2677   1501.88    1.0309    0.0945  1.2183e-14  1.1173e-15  1.1818e-14
1199.2977   1509.39    0.9333    0.0900  1.1030e-14  1.0633e-15  1.1819e-14
1199.3276   1516.91    1.1890    0.1014  1.4054e-14  1.1986e-15  1.1820e-14
1199.3575   1524.42    1.2039    0.1020  1.4232e-14  1.2061e-15  1.1821e-14
1199.3874   1531.93    1.0576    0.0956  1.2503e-14  1.1308e-15  1.1822e-14
1199.4173   1539.45    0.9661    0.0915  1.1422e-14  1.0819e-15  1.1823e-14
1199.4472   1546.96    0.8033    0.0836  9.4977e-15  9.8790e-16  1.1824e-14
1199.4771   1554.48    0.7278    0.0796  8.6059e-15  9.4137e-16  1.1824e-14
1199.5070   1561.99    0.5439    0.0690  6.4309e-15  8.1644e-16  1.1825e-14
1199.5369   1569.51    0.4636    0.0640  5.4822e-15  7.5674e-16  1.1825e-14
1199.5668   1577.02    0.3921    0.0589  4.6366e-15  6.9706e-16  1.1825e-14
1199.5968   1584.53    0.4368    0.0622  5.1654e-15  7.3547e-16  1.1826e-14
1199.6267   1592.05    0.4629    0.0640  5.4746e-15  7.5638e-16  1.1826e-14
1199.6566   1599.56    0.5371    0.0687  6.3514e-15  8.1266e-16  1.1826e-14
1199.6865   1607.08    0.8113    0.0840  9.5939e-15  9.9379e-16  1.1826e-14
1199.7164   1614.59    0.9303    0.0898  1.1001e-14  1.0621e-15  1.1825e-14
1199.7463   1622.11    0.9352    0.0899  1.1059e-14  1.0636e-15  1.1825e-14
1199.7762   1629.62    0.8766    0.0872  1.0365e-14  1.0306e-15  1.1825e-14
1199.8061   1637.14    0.7405    0.0885  8.7555e-15  1.0467e-15  1.1824e-14
1199.8360   1644.65    0.6924    0.0980  8.1864e-15  1.1583e-15  1.1823e-14
1199.8659   1652.16    0.9362    0.1152  1.1068e-14  1.3616e-15  1.1823e-14
1199.8959   1659.68    1.0603    0.1239  1.2535e-14  1.4649e-15  1.1822e-14
1199.9258   1667.19    1.0154    0.1206  1.2003e-14  1.4261e-15  1.1821e-14
1199.9557   1674.71    1.0173    0.1248  1.2024e-14  1.4757e-15  1.1820e-14
1199.9856   1682.22    1.2623    0.1370  1.4918e-14  1.6194e-15  1.1819e-14
1200.0155   1689.74    1.3476    0.1396  1.5926e-14  1.6502e-15  1.1817e-14
1200.0454   1697.25    1.3250    0.1393  1.5657e-14  1.6454e-15  1.1816e-14
1200.0753   1704.76    1.0900    0.1272  1.2878e-14  1.5023e-15  1.1815e-14
1200.1052   1712.28    1.0704    0.1261  1.2645e-14  1.4893e-15  1.1813e-14
1200.1351   1719.79    0.8567    0.1123  1.0119e-14  1.3265e-15  1.1812e-14
1200.1650   1727.31    0.8430    0.1122  9.9559e-15  1.3253e-15  1.1810e-14
1200.1950   1734.82    0.5340    0.0881  6.3053e-15  1.0406e-15  1.1808e-14
1200.2249   1742.34    0.5052    0.0840  5.9640e-15  9.9165e-16  1.1806e-14
1200.2548   1749.85    0.4220    0.0777  4.9818e-15  9.1715e-16  1.1804e-14
1200.2847   1757.36    0.5359    0.0850  6.3248e-15  1.0033e-15  1.1802e-14
1200.3146   1764.88    0.4417    0.0786  5.2124e-15  9.2698e-16  1.1800e-14
1200.3445   1772.39    0.5061    0.0851  5.9711e-15  1.0045e-15  1.1798e-14
1200.3744   1779.91    0.7868    0.1055  9.2812e-15  1.2446e-15  1.1796e-14
1200.4043   1787.42    0.8447    0.1109  9.9616e-15  1.3081e-15  1.1793e-14
1200.4342   1794.94    0.8007    0.0964  9.4415e-15  1.1365e-15  1.1791e-14
1200.4641   1802.45    0.5962    0.0721  7.0284e-15  8.5010e-16  1.1788e-14
1200.4941   1809.97    0.5438    0.0690  6.4088e-15  8.1288e-16  1.1786e-14
1200.5240   1817.48    0.7675    0.0815  9.0433e-15  9.6083e-16  1.1783e-14
1200.5539   1824.99    0.8445    0.0854  9.9490e-15  1.0066e-15  1.1780e-14
1200.5838   1832.51    0.7016    0.0780  8.2634e-15  9.1866e-16  1.1778e-14
1200.6137   1840.02    0.7061    0.0783  8.3146e-15  9.2152e-16  1.1775e-14
1200.6436   1847.54    0.7557    0.0809  8.8962e-15  9.5256e-16  1.1772e-14
1200.6735   1855.05    0.4990    0.0661  5.8720e-15  7.7809e-16  1.1769e-14
1200.7034   1862.57    0.3915    0.0588  4.6068e-15  6.9229e-16  1.1766e-14
1200.7333   1870.08    0.3485    0.0557  4.0993e-15  6.5467e-16  1.1762e-14
1200.7632   1877.59    0.4294    0.0615  5.0496e-15  7.2354e-16  1.1759e-14
1200.7932   1885.11    0.4235    0.0611  4.9792e-15  7.1794e-16  1.1756e-14
1200.8231   1892.62    0.6156    0.0732  7.2342e-15  8.6023e-16  1.1752e-14
1200.8530   1900.14    0.5368    0.0685  6.3071e-15  8.0452e-16  1.1749e-14
1200.8829   1907.65    0.7889    0.0826  9.2656e-15  9.6989e-16  1.1745e-14
1200.9128   1915.17    0.6511    0.0752  7.6450e-15  8.8265e-16  1.1742e-14
1200.9427   1922.68    0.7898    0.0827  9.2713e-15  9.7019e-16  1.1738e-14
1200.9726   1930.19    0.6346    0.0742  7.4473e-15  8.7103e-16  1.1735e-14
1201.0025   1937.71    0.6142    0.0731  7.2046e-15  8.5763e-16  1.1731e-14
1201.0324   1945.22    0.8828    0.0873  1.0352e-14  1.0233e-15  1.1727e-14
1201.0623   1952.74    0.9030    0.0882  1.0586e-14  1.0341e-15  1.1723e-14
1201.0923   1960.25    0.7936    0.0828  9.2999e-15  9.7050e-16  1.1719e-14
1201.1222   1967.77    0.9591    0.0909  1.1237e-14  1.0647e-15  1.1715e-14
1201.1521   1975.28    0.9280    0.0894  1.0868e-14  1.0471e-15  1.1711e-14
1201.1820   1982.80    0.8473    0.0855  9.9193e-15  1.0009e-15  1.1707e-14
1201.2119   1990.31    1.0009    0.0928  1.1713e-14  1.0864e-15  1.1703e-14
1201.2418   1997.82    1.0231    0.0939  1.1969e-14  1.0980e-15  1.1699e-14
1201.2717   2005.34    0.8624    0.0863  1.0086e-14  1.0087e-15  1.1694e-14
1201.3016   2012.85    1.0513    0.0951  1.2289e-14  1.1114e-15  1.1690e-14
1201.3315   2020.37    0.9779    0.0918  1.1428e-14  1.0723e-15  1.1686e-14
1201.3614   2027.88    1.0609    0.0956  1.2392e-14  1.1166e-15  1.1681e-14
1201.3914   2035.40    0.9490    0.0904  1.1081e-14  1.0560e-15  1.1677e-14
1201.4213   2042.91    0.9244    0.0893  1.0791e-14  1.0419e-15  1.1673e-14
1201.4512   2050.42    0.9721    0.0915  1.1342e-14  1.0678e-15  1.1668e-14
1201.4811   2057.94    1.0383    0.0946  1.2111e-14  1.1030e-15  1.1663e-14
1201.5110   2065.45    1.0042    0.0931  1.1708e-14  1.0851e-15  1.1659e-14
1201.5409   2072.97    1.0196    0.0937  1.1883e-14  1.0923e-15  1.1654e-14
1201.5708   2080.48    1.0207    0.0938  1.1891e-14  1.0925e-15  1.1649e-14
1201.6007   2088.00    0.8967    0.0880  1.0442e-14  1.0246e-15  1.1645e-14
1201.6306   2095.51    0.8578    0.0861  9.9853e-15  1.0017e-15  1.1640e-14
1201.6605   2103.02    0.9620    0.0910  1.1193e-14  1.0591e-15  1.1635e-14
1201.6905   2110.54    0.9897    0.0923  1.1510e-14  1.0738e-15  1.1630e-14
1201.7204   2118.05    0.9010    0.0882  1.0474e-14  1.0251e-15  1.1625e-14
1201.7503   2125.57    0.9686    0.0914  1.1255e-14  1.0616e-15  1.1620e-14
1201.7802   2133.08    0.9212    0.0891  1.0700e-14  1.0354e-15  1.1615e-14
1201.8101   2140.60    0.9796    0.0919  1.1374e-14  1.0672e-15  1.1610e-14
1201.8400   2148.11    1.0496    0.0951  1.2181e-14  1.1035e-15  1.1605e-14
1201.8699   2155.63    0.9086    0.0886  1.0540e-14  1.0274e-15  1.1600e-14
1201.8998   2163.14    1.0814    0.0966  1.2540e-14  1.1196e-15  1.1595e-14
1201.9297   2170.65    0.9472    0.0904  1.0979e-14  1.0481e-15  1.1590e-14
1201.9596   2178.17    0.9336    0.0898  1.0816e-14  1.0401e-15  1.1585e-14
1201.9896   2185.68    0.9469    0.0904  1.0965e-14  1.0472e-15  1.1580e-14
1202.0195   2193.20    0.9383    0.0900  1.0860e-14  1.0417e-15  1.1575e-14
1202.0494   2200.71    0.8014    0.0841  9.2714e-15  9.7283e-16  1.1570e-14
1202.0793   2208.23    1.0160    0.1060  1.1749e-14  1.2264e-15  1.1564e-14
1202.1092   2215.74    1.1655    0.1148  1.3472e-14  1.3268e-15  1.1559e-14
1202.1391   2223.25    0.8742    0.1033  1.0101e-14  1.1933e-15  1.1554e-14
1202.1690   2230.77    1.0134    0.1237  1.1703e-14  1.4283e-15  1.1548e-14
1202.1989   2238.28    1.0405    0.1267  1.2011e-14  1.4621e-15  1.1543e-14
1202.2288   2245.80    0.9512    0.1209  1.0974e-14  1.3946e-15  1.1538e-14
1202.2587   2253.31    0.9604    0.1233  1.1076e-14  1.4222e-15  1.1532e-14
1202.2887   2260.83    1.1054    0.1325  1.2742e-14  1.5275e-15  1.1527e-14
1202.3186   2268.34    1.0090    0.1254  1.1625e-14  1.4451e-15  1.1522e-14
1202.3485   2275.85    0.8608    0.1178  9.9129e-15  1.3563e-15  1.1516e-14
1202.3784   2283.37    1.2124    0.1357  1.3955e-14  1.5622e-15  1.1511e-14
1202.4083   2290.88    0.9869    0.1255  1.1354e-14  1.4441e-15  1.1505e-14
1202.4382   2298.40    1.0866    0.1294  1.2496e-14  1.4882e-15  1.1500e-14
1202.4681   2305.91    0.9307    0.1174  1.0698e-14  1.3498e-15  1.1495e-14
1202.4980   2313.43    0.9518    0.1248  1.0936e-14  1.4344e-15  1.1489e-14
1202.5279   2320.94    0.8254    0.1121  9.4782e-15  1.2873e-15  1.1484e-14
1202.5578   2328.46    0.9059    0.1221  1.0398e-14  1.4020e-15  1.1478e-14
1202.5878   2335.97    0.9926    0.1252  1.1388e-14  1.4368e-15  1.1473e-14
1202.6177   2343.48    1.0073    0.1131  1.1551e-14  1.2964e-15  1.1467e-14
1202.6476   2351.00    0.9714    0.1048  1.1133e-14  1.2006e-15  1.1462e-14
1202.6775   2358.51    1.0052    0.1007  1.1516e-14  1.1533e-15  1.1456e-14
1202.7074   2366.03    0.9264    0.0897  1.0608e-14  1.0271e-15  1.1451e-14
1202.7373   2373.54    1.0543    0.0956  1.2066e-14  1.0946e-15  1.1445e-14
1202.7672   2381.06    0.8993    0.0884  1.0288e-14  1.0116e-15  1.1440e-14
1202.7971   2388.57    0.9642    0.0915  1.1025e-14  1.0467e-15  1.1434e-14
1202.8270   2396.08    1.2360    0.1035  1.4126e-14  1.1832e-15  1.1429e-14
1202.8569   2403.60    1.0089    0.0937  1.1526e-14  1.0700e-15  1.1423e-14
1202.8869   2411.11    1.0653    0.0962  1.2163e-14  1.0988e-15  1.1418e-14
1202.9168   2418.63    1.1330    0.0992  1.2930e-14  1.1320e-15  1.1412e-14
1202.9467   2426.14    0.9997    0.0933  1.1403e-14  1.0639e-15  1.1407e-14
1202.9766   2433.66    0.9997    0.0933  1.1398e-14  1.0641e-15  1.1402e-14
1203.0065   2441.17    0.9877    0.0927  1.1256e-14  1.0566e-15  1.1396e-14
1203.0364   2448.68    0.9677    0.0918  1.1023e-14  1.0460e-15  1.1391e-14
1203.0663   2456.20    0.9782    0.0923  1.1137e-14  1.0510e-15  1.1385e-14
1203.0962   2463.71    1.0315    0.0948  1.1739e-14  1.0790e-15  1.1380e-14
1203.1261   2471.23    0.9071    0.0890  1.0318e-14  1.0118e-15  1.1374e-14
1203.1560   2478.74    0.9932    0.0930  1.1291e-14  1.0578e-15  1.1369e-14
1203.1860   2486.26    0.8507    0.0862  9.6673e-15  9.8009e-16  1.1364e-14
1203.2159   2493.77    1.0393    0.0952  1.1805e-14  1.0814e-15  1.1358e-14
1203.2458   2501.28    0.9636    0.0917  1.0940e-14  1.0411e-15  1.1353e-14
1203.2757   2508.80    1.0301    0.0948  1.1689e-14  1.0758e-15  1.1348e-14
1203.3056   2516.31    0.9605    0.0916  1.0894e-14  1.0388e-15  1.1342e-14
1203.3355   2523.83    1.0225    0.0945  1.1592e-14  1.0712e-15  1.1336e-14
1203.3654   2531.34    1.0575    0.0961  1.1982e-14  1.0884e-15  1.1331e-14
1203.3953   2538.86    0.9312    0.0902  1.0546e-14  1.0220e-15  1.1325e-14
1203.4252   2546.37    1.0100    0.0940  1.1433e-14  1.0635e-15  1.1319e-14
1203.4551   2553.89    0.9465    0.0910  1.0708e-14  1.0295e-15  1.1314e-14
1203.4851   2561.40    1.0028    0.0937  1.1340e-14  1.0594e-15  1.1308e-14
1203.5150   2568.91    1.1111    0.0985  1.2558e-14  1.1134e-15  1.1302e-14
1203.5449   2576.43    0.9716    0.0922  1.0975e-14  1.0415e-15  1.1296e-14
1203.5748   2583.94    0.9581    0.0916  1.0816e-14  1.0340e-15  1.1290e-14
1203.6047   2591.46    0.9049    0.0891  1.0210e-14  1.0050e-15  1.1284e-14
1203.6346   2598.97    1.1341    0.0996  1.2790e-14  1.1234e-15  1.1278e-14
1203.6645   2606.49    0.8134    0.0845  9.1683e-15  9.5291e-16  1.1271e-14
1203.6944   2614.00    1.0242    0.0947  1.1537e-14  1.0673e-15  1.1265e-14
1203.7243   2621.51    1.0258    0.0948  1.1549e-14  1.0677e-15  1.1259e-14
1203.7542   2629.03    1.0644    0.0966  1.1977e-14  1.0868e-15  1.1252e-14
1203.7842   2636.54    0.9282    0.0903  1.0438e-14  1.0154e-15  1.1246e-14
1203.8141   2644.06    1.0184    0.0946  1.1447e-14  1.0628e-15  1.1239e-14
1203.8440   2651.57    0.9434    0.0911  1.0596e-14  1.0229e-15  1.1233e-14
1203.8739   2659.09    1.0369    0.0954  1.1640e-14  1.0712e-15  1.1226e-14
1203.9038   2666.60    0.9175    0.0898  1.0294e-14  1.0080e-15  1.1219e-14
1203.9337   2674.11    0.8423    0.0861  9.4442e-15  9.6592e-16  1.1212e-14
1203.9636   2681.63    0.9290    0.0904  1.0409e-14  1.0133e-15  1.1205e-14
1203.9935   2689.14    1.1248    0.0994  1.2596e-14  1.1136e-15  1.1198e-14
1204.0234   2696.66    1.1240    0.0994  1.2579e-14  1.1129e-15  1.1191e-14
1204.0533   2704.17    0.9733    0.0926  1.0886e-14  1.0358e-15  1.1184e-14
1204.0833   2711.69    1.0573    0.0965  1.1818e-14  1.0783e-15  1.1177e-14
1204.1132   2719.20    1.1245    0.0995  1.2560e-14  1.1112e-15  1.1170e-14
1204.1431   2726.72    1.1257    0.0996  1.2566e-14  1.1114e-15  1.1162e-14
1204.1730   2734.23    1.0497    0.0962  1.1710e-14  1.0735e-15  1.1155e-14
1204.2029   2741.74    1.0939    0.0982  1.2195e-14  1.0951e-15  1.1147e-14
1204.2328   2749.26    1.0593    0.0967  1.1800e-14  1.0772e-15  1.1140e-14
1204.2627   2756.77    0.8654    0.0875  9.6332e-15  9.7456e-16  1.1132e-14
1204.2926   2764.29    1.0385    0.0958  1.1553e-14  1.0660e-15  1.1124e-14
1204.3225   2771.80    0.9163    0.0901  1.0186e-14  1.0016e-15  1.1116e-14
1204.3524   2779.32    0.9171    0.0902  1.0188e-14  1.0023e-15  1.1108e-14
1204.3824   2786.83    0.9723    0.0928  1.0793e-14  1.0304e-15  1.1100e-14
1204.4123   2794.34    1.0553    0.0967  1.1706e-14  1.0727e-15  1.1092e-14
1204.4422   2801.86    0.9116    0.0900  1.0105e-14  9.9750e-16  1.1084e-14
1204.4721   2809.37    1.0881    0.0982  1.2052e-14  1.0881e-15  1.1076e-14
