# Wave  Vhel  NormFlux  NormErr      Flux        Error       Continuum
1251.7000  -2074.56    1.2360    0.1232  8.0496e-15  8.0223e-16  6.5128e-15
1251.7299  -2067.45    1.2198    0.1224  7.9432e-15  7.9677e-16  6.5118e-15
1251.7598  -2060.34    0.9579    0.1087  6.2368e-15  7.0751e-16  6.5108e-15
1251.7897  -2053.22    0.8068    0.0999  5.2521e-15  6.5012e-16  6.5098e-15
1251.8196  -2046.11    0.9501    0.1082  6.1840e-15  7.0451e-16  6.5087e-15
1251.8495  -2038.99    1.0327    0.1127  6.7203e-15  7.3359e-16  6.5077e-15
1251.8794  -2031.88    0.9820    0.1100  6.3893e-15  7.1555e-16  6.5067e-15
1251.9093  -2024.76    0.9112    0.1060  5.9278e-15  6.8974e-16  6.5057e-15
1251.9393  -2017.65    0.8313    0.1013  5.4071e-15  6.5918e-16  6.5047e-15
1251.9692  -2010.54    0.9218    0.1066  5.9951e-15  6.9342e-16  6.5036e-15
1251.9991  -2003.42    0.8547    0.1028  5.5576e-15  6.6861e-16  6.5026e-15
1252.0290  -1996.31    1.0361    0.1130  6.7360e-15  7.3457e-16  6.5016e-15
1252.0589  -1989.19    1.0686    0.1147  6.9465e-15  7.4568e-16  6.5005e-15
1252.0888  -1982.08    0.7346    0.0955  4.7745e-15  6.2052e-16  6.4995e-15
1252.1187  -1974.97    0.7199    0.0946  4.6779e-15  6.1450e-16  6.4985e-15
1252.1486  -1967.85    0.9111    0.1061  5.9197e-15  6.8957e-16  6.4974e-15
1252.1785  -1960.74    1.0005    0.1111  6.4999e-15  7.2198e-16  6.4964e-15
1252.2084  -1953.62    1.1168    0.1173  7.2537e-15  7.6180e-16  6.4954e-15
1252.2384  -1946.51    1.0494    0.1137  6.8151e-15  7.3867e-16  6.4943e-15
1252.2683  -1939.40    0.9241    0.1068  6.0002e-15  6.9381e-16  6.4933e-15
1252.2982  -1932.28    1.0211    0.1122  6.6294e-15  7.2866e-16  6.4922e-15
1252.3281  -1925.17    0.9224    0.1068  5.9874e-15  6.9308e-16  6.4912e-15
1252.3580  -1918.05    0.9550    0.1086  6.1981e-15  7.0505e-16  6.4901e-15
1252.3879  -1910.94    1.0370    0.1131  6.7289e-15  7.3370e-16  6.4891e-15
1252.4178  -1903.82    1.0000    0.1111  6.4883e-15  7.2101e-16  6.4881e-15
1252.4477  -1896.71    0.9632    0.1091  6.2481e-15  7.0777e-16  6.4870e-15
1252.4776  -1889.60    1.0233    0.1124  6.6373e-15  7.2871e-16  6.4860e-15
1252.5075  -1882.48    1.1042    0.1167  7.1605e-15  7.5651e-16  6.4849e-15
1252.5375  -1875.37    0.9434    0.1108  6.1166e-15  7.1816e-16  6.4838e-15
1252.5674  -1868.25    0.9224    0.1227  5.9796e-15  7.9527e-16  6.4828e-15
1252.5973  -1861.14    1.0635    0.1361  6.8936e-15  8.8219e-16  6.4817e-15
1252.6272  -1854.03    0.8220    0.1361  5.3271e-15  8.8179e-16  6.4807e-15
1252.6571  -1846.91    1.0192    0.1494  6.6041e-15  9.6832e-16  6.4796e-15
1252.6870  -1839.80    0.9825    0.1508  6.3652e-15  9.7704e-16  6.4786e-15
1252.7169  -1832.68    0.9615    0.1478  6.2278e-15  9.5756e-16  6.4775e-15
1252.7468  -1825.57    0.9056    0.1445  5.8650e-15  9.3564e-16  6.4764e-15
1252.7767  -1818.46    0.7605    0.1341  4.9246e-15  8.6824e-16  6.4754e-15
1252.8066  -1811.34    1.0811    0.1555  6.9995e-15  1.0070e-15  6.4743e-15
1252.8366  -1804.23    0.9231    0.1409  5.9755e-15  9.1197e-16  6.4732e-15
1252.8665  -1797.11    1.0137    0.1477  6.5608e-15  9.5592e-16  6.4722e-15
1252.8964  -1790.00    1.2458    0.1656  8.0617e-15  1.0718e-15  6.4711e-15
1252.9263  -1782.88    1.0875    0.1574  7.0360e-15  1.0186e-15  6.4700e-15
1252.9562  -1775.77    0.9939    0.1520  6.4296e-15  9.8345e-16  6.4690e-15
1252.9861  -1768.66    0.8520    0.1341  5.5107e-15  8.6718e-16  6.4679e-15
1253.0160  -1761.54    0.9198    0.1414  5.9482e-15  9.1473e-16  6.4668e-15
1253.0459  -1754.43    0.9556    0.1328  6.1786e-15  8.5876e-16  6.4658e-15
1253.0758  -1747.31    1.1072    0.1301  7.1574e-15  8.4085e-16  6.4647e-15
1253.1057  -1740.20    1.0454    0.1138  6.7570e-15  7.3524e-16  6.4636e-15
1253.1357  -1733.09    0.9229    0.1071  5.9643e-15  6.9186e-16  6.4625e-15
1253.1656  -1725.97    0.8975    0.1056  5.7990e-15  6.8201e-16  6.4614e-15
1253.1955  -1718.86    0.9091    0.1062  5.8732e-15  6.8618e-16  6.4604e-15
1253.2254  -1711.74    0.9249    0.1072  5.9742e-15  6.9223e-16  6.4593e-15
1253.2553  -1704.63    0.9969    0.1112  6.4384e-15  7.1791e-16  6.4582e-15
1253.2852  -1697.52    0.8728    0.1042  5.6361e-15  6.7278e-16  6.4571e-15
1253.3151  -1690.40    0.9964    0.1112  6.4330e-15  7.1763e-16  6.4560e-15
1253.3450  -1683.29    1.0858    0.1159  7.0085e-15  7.4817e-16  6.4550e-15
1253.3749  -1676.17    1.1336    0.1184  7.3161e-15  7.6423e-16  6.4539e-15
1253.4048  -1669.06    1.0465    0.1138  6.7529e-15  7.3463e-16  6.4528e-15
1253.4348  -1661.94    1.0394    0.1135  6.7057e-15  7.3226e-16  6.4517e-15
1253.4647  -1654.83    0.9533    0.1088  6.1492e-15  7.0179e-16  6.4506e-15
1253.4946  -1647.72    0.9982    0.1112  6.4378e-15  7.1727e-16  6.4495e-15
1253.5245  -1640.60    1.0468    0.1138  6.7502e-15  7.3406e-16  6.4484e-15
1253.5544  -1633.49    1.0007    0.1113  6.4520e-15  7.1785e-16  6.4473e-15
1253.5843  -1626.37    0.9030    0.1059  5.8211e-15  6.8234e-16  6.4462e-15
1253.6142  -1619.26    0.9565    0.1089  6.1645e-15  7.0189e-16  6.4451e-15
1253.6441  -1612.15    0.8604    0.1034  5.5446e-15  6.6607e-16  6.4440e-15
1253.6740  -1605.03    0.8844    0.1048  5.6984e-15  6.7511e-16  6.4429e-15
1253.7039  -1597.92    0.6707    0.0915  4.3204e-15  5.8955e-16  6.4418e-15
1253.7339  -1590.80    0.6776    0.0920  4.3640e-15  5.9254e-16  6.4407e-15
1253.7638  -1583.69    0.6225    0.0883  4.0089e-15  5.6842e-16  6.4396e-15
1253.7937  -1576.58    0.6021    0.0869  3.8765e-15  5.5929e-16  6.4385e-15
1253.8236  -1569.46    0.3937    0.0725  2.5345e-15  4.6666e-16  6.4374e-15
1253.8535  -1562.35    0.3068    0.0726  1.9744e-15  4.6703e-16  6.4363e-15
1253.8834  -1555.23    0.3821    0.0857  2.4590e-15  5.5177e-16  6.4352e-15
1253.9133  -1548.12    0.5577    0.1186  3.5883e-15  7.6297e-16  6.4341e-15
1253.9432  -1541.00    0.5366    0.1165  3.4522e-15  7.4920e-16  6.4330e-15
1253.9731  -1533.89    0.5436    0.1172  3.4964e-15  7.5364e-16  6.4319e-15
1254.0030  -1526.78    0.7250    0.1345  4.6624e-15  8.6519e-16  6.4308e-15
1254.0330  -1519.66    1.0086    0.1579  6.4848e-15  1.0154e-15  6.4297e-15
1254.0629  -1512.55    0.7233    0.1345  4.6499e-15  8.6438e-16  6.4286e-15
1254.0928  -1505.43    0.7173    0.1339  4.6105e-15  8.6075e-16  6.4275e-15
1254.1227  -1498.32    0.8080    0.1419  5.1928e-15  9.1158e-16  6.4264e-15
1254.1526  -1491.21    0.8150    0.1425  5.2369e-15  9.1530e-16  6.4252e-15
1254.1825  -1484.09    0.9189    0.1510  5.9029e-15  9.7004e-16  6.4241e-15
1254.2124  -1476.98    0.9196    0.1511  5.9067e-15  9.7032e-16  6.4230e-15
1254.2423  -1469.86    0.7521    0.1370  4.8302e-15  8.8002e-16  6.4219e-15
1254.2722  -1462.75    0.9199    0.1511  5.9066e-15  9.7010e-16  6.4208e-15
1254.3021  -1455.64    0.9897    0.1566  6.3532e-15  1.0052e-15  6.4197e-15
1254.3321  -1448.52    0.9141    0.1507  5.8673e-15  9.6707e-16  6.4185e-15
1254.3620  -1441.41    0.7797    0.1395  5.0034e-15  8.9504e-16  6.4174e-15
1254.3919  -1434.29    0.9555    0.1540  6.1306e-15  9.8789e-16  6.4163e-15
1254.4218  -1427.18    0.8302    0.1438  5.3257e-15  9.2267e-16  6.4152e-15
1254.4517  -1420.06    1.1498    0.1686  7.3749e-15  1.0811e-15  6.4141e-15
1254.4816  -1412.95    0.7743    0.1391  4.9657e-15  8.9209e-16  6.4129e-15
1254.5115  -1405.84    1.0726    0.1630  6.8774e-15  1.0452e-15  6.4118e-15
1254.5414  -1398.72    0.9489    0.1535  6.0829e-15  9.8435e-16  6.4107e-15
1254.5713  -1391.61    1.1077    0.1656  7.1001e-15  1.0613e-15  6.4096e-15
1254.6012  -1384.49    1.0734    0.1631  6.8789e-15  1.0450e-15  6.4084e-15
1254.6312  -1377.38    0.8086    0.1421  5.1809e-15  9.1056e-16  6.4073e-15
1254.6611  -1370.27    0.8721    0.1475  5.5869e-15  9.4466e-16  6.4062e-15
1254.6910  -1363.15    1.0192    0.1591  6.5282e-15  1.0189e-15  6.4050e-15
1254.7209  -1356.04    0.9692    0.1552  6.2067e-15  9.9404e-16  6.4039e-15
1254.7508  -1348.92    1.1832    0.1488  7.5757e-15  9.5299e-16  6.4028e-15
1254.7807  -1341.81    0.9334    0.1215  5.9751e-15  7.7799e-16  6.4017e-15
1254.8106  -1334.70    1.0261    0.1131  6.5676e-15  7.2413e-16  6.4005e-15
1254.8405  -1327.58    0.9779    0.1105  6.2578e-15  7.0717e-16  6.3994e-15
1254.8704  -1320.47    1.1241    0.1183  7.1923e-15  7.5666e-16  6.3982e-15
1254.9003  -1313.35    1.0539    0.1146  6.7420e-15  7.3305e-16  6.3971e-15
1254.9303  -1306.24    0.9996    0.1117  6.3932e-15  7.1443e-16  6.3960e-15
1254.9602  -1299.12    0.9692    0.1100  6.1979e-15  7.0324e-16  6.3948e-15
1254.9901  -1292.01    0.9781    0.1104  6.2534e-15  7.0609e-16  6.3937e-15
1255.0200  -1284.90    0.9510    0.1090  6.0792e-15  6.9682e-16  6.3926e-15
1255.0499  -1277.78    0.7964    0.0999  5.0898e-15  6.3847e-16  6.3914e-15
1255.0798  -1270.67    0.9768    0.1104  6.2422e-15  7.0579e-16  6.3903e-15
1255.1097  -1263.55    0.9770    0.1104  6.2424e-15  7.0565e-16  6.3891e-15
1255.1396  -1256.44    0.9280    0.1077  5.9280e-15  6.8811e-16  6.3880e-15
1255.1695  -1249.33    0.9086    0.1066  5.8031e-15  6.8074e-16  6.3869e-15
1255.1994  -1242.21    0.9468    0.1088  6.0461e-15  6.9500e-16  6.3857e-15
1255.2294  -1235.10    0.9018    0.1062  5.7578e-15  6.7800e-16  6.3846e-15
1255.2593  -1227.98    1.1328    0.1188  7.2313e-15  7.5842e-16  6.3834e-15
1255.2892  -1220.87    1.2031    0.1223  7.6787e-15  7.8078e-16  6.3823e-15
1255.3191  -1213.76    0.9814    0.1108  6.2626e-15  7.0685e-16  6.3811e-15
1255.3490  -1206.64    0.9150    0.1070  5.8380e-15  6.8259e-16  6.3800e-15
1255.3789  -1199.53    1.0838    0.1163  6.9137e-15  7.4182e-16  6.3789e-15
1255.4088  -1192.41    1.0471    0.1143  6.6778e-15  7.2874e-16  6.3777e-15
1255.4387  -1185.30    1.1239    0.1183  7.1665e-15  7.5460e-16  6.3766e-15
1255.4686  -1178.18    0.8920    0.1057  5.6866e-15  6.7372e-16  6.3754e-15
1255.4985  -1171.07    0.8747    0.1047  5.5757e-15  6.6713e-16  6.3743e-15
1255.5285  -1163.96    0.9273    0.1077  5.9100e-15  6.8637e-16  6.3731e-15
1255.5584  -1156.84    1.1311    0.1188  7.2072e-15  7.5681e-16  6.3720e-15
1255.5883  -1149.73    0.9908    0.1113  6.3119e-15  7.0893e-16  6.3708e-15
1255.6182  -1142.61    1.0060    0.1121  6.4081e-15  7.1400e-16  6.3697e-15
1255.6481  -1135.50    0.8068    0.1007  5.1379e-15  6.4116e-16  6.3685e-15
1255.6780  -1128.39    0.9926    0.1114  6.3204e-15  7.0934e-16  6.3673e-15
1255.7079  -1121.27    0.8603    0.1039  5.4765e-15  6.6129e-16  6.3662e-15
1255.7378  -1114.16    0.9338    0.1081  5.9435e-15  6.8806e-16  6.3650e-15
1255.7677  -1107.04    0.9318    0.1080  5.9296e-15  6.8705e-16  6.3639e-15
1255.7976  -1099.93    1.0525    0.1147  6.6966e-15  7.2950e-16  6.3627e-15
1255.8276  -1092.82    0.8691    0.1044  5.5288e-15  6.6405e-16  6.3616e-15
1255.8575  -1085.70    0.8782    0.1050  5.5855e-15  6.6766e-16  6.3604e-15
1255.8874  -1078.59    1.0331    0.1137  6.5698e-15  7.2279e-16  6.3593e-15
1255.9173  -1071.47    0.6064    0.0876  3.8554e-15  5.5708e-16  6.3581e-15
1255.9472  -1064.36    0.6675    0.0918  4.2433e-15  5.8378e-16  6.3569e-15
1255.9771  -1057.24    0.6508    0.0907  4.1364e-15  5.7646e-16  6.3558e-15
1256.0070  -1050.13    0.6055    0.0876  3.8476e-15  5.5641e-16  6.3546e-15
1256.0369  -1043.02    0.5295    0.0821  3.3640e-15  5.2138e-16  6.3535e-15
1256.0668  -1035.90    0.5757    0.0855  3.6572e-15  5.4287e-16  6.3523e-15
1256.0967  -1028.79    0.5408    0.0830  3.4346e-15  5.2707e-16  6.3511e-15
1256.1267  -1021.67    0.7147    0.0950  4.5384e-15  6.0328e-16  6.3500e-15
1256.1566  -1014.56    0.7964    0.1001  5.0560e-15  6.3582e-16  6.3488e-15
1256.1865  -1007.45    0.8457    0.1031  5.3682e-15  6.5467e-16  6.3477e-15
1256.2164  -1000.33    0.9261    0.1078  5.8772e-15  6.8386e-16  6.3465e-15
1256.2463   -993.22    1.0578    0.1150  6.7122e-15  7.2982e-16  6.3453e-15
1256.2762   -986.10    0.9912    0.1114  6.2883e-15  7.0664e-16  6.3442e-15
1256.3061   -978.99    0.8679    0.1043  5.5050e-15  6.6172e-16  6.3430e-15
1256.3360   -971.88    1.1989    0.1224  7.6035e-15  7.7611e-16  6.3418e-15
1256.3659   -964.76    0.9649    0.1100  6.1183e-15  6.9739e-16  6.3407e-15
1256.3958   -957.65    0.9567    0.1095  6.0653e-15  6.9445e-16  6.3395e-15
1256.4258   -950.53    0.8645    0.1043  5.4798e-15  6.6086e-16  6.3383e-15
1256.4557   -943.42    1.1192    0.1183  7.0926e-15  7.4942e-16  6.3372e-15
1256.4856   -936.30    0.9312    0.1081  5.9001e-15  6.8494e-16  6.3360e-15
1256.5155   -929.19    0.9027    0.1065  5.7182e-15  6.7441e-16  6.3348e-15
1256.5454   -922.08    0.9212    0.1075  5.8346e-15  6.8099e-16  6.3337e-15
1256.5753   -914.96    1.1317    0.1190  7.1666e-15  7.5358e-16  6.3325e-15
1256.6052   -907.85    0.9050    0.1066  5.7301e-15  6.7506e-16  6.3313e-15
1256.6351   -900.73    0.9455    0.1089  5.9854e-15  6.8925e-16  6.3302e-15
1256.6650   -893.62    0.8969    0.1062  5.6764e-15  6.7185e-16  6.3290e-15
1256.6949   -886.51    0.7561    0.0976  4.7842e-15  6.1761e-16  6.3278e-15
1256.7249   -879.39    1.0615    0.1153  6.7158e-15  7.2968e-16  6.3266e-15
1256.7548   -872.28    0.9151    0.1072  5.7882e-15  6.7828e-16  6.3255e-15
1256.7847   -865.16    0.8884    0.1057  5.6182e-15  6.6858e-16  6.3243e-15
1256.8146   -858.05    0.7954    0.1001  5.0293e-15  6.3302e-16  6.3231e-15
1256.8445   -850.94    0.9427    0.1089  5.9599e-15  6.8825e-16  6.3220e-15
1256.8744   -843.82    0.8193    0.1017  5.1785e-15  6.4268e-16  6.3208e-15
1256.9043   -836.71    0.8026    0.1006  5.0719e-15  6.3571e-16  6.3196e-15
1256.9342   -829.59    0.7859    0.0996  4.9659e-15  6.2930e-16  6.3184e-15
1256.9641   -822.48    0.7943    0.1001  5.0176e-15  6.3224e-16  6.3173e-15
1256.9940   -815.36    0.7186    0.0953  4.5390e-15  6.0211e-16  6.3161e-15
1257.0240   -808.25    0.8106    0.1011  5.1191e-15  6.3853e-16  6.3149e-15
1257.0539   -801.14    0.8979    0.1064  5.6694e-15  6.7166e-16  6.3137e-15
1257.0838   -794.02    0.7388    0.0967  4.6637e-15  6.1051e-16  6.3126e-15
1257.1137   -786.91    0.7579    0.0980  4.7836e-15  6.1835e-16  6.3114e-15
1257.1436   -779.79    0.9746    0.1108  6.1500e-15  6.9898e-16  6.3102e-15
1257.1735   -772.68    1.0191    0.1132  6.4297e-15  7.1442e-16  6.3090e-15
1257.2034   -765.57    0.9513    0.1095  6.0005e-15  6.9048e-16  6.3079e-15
1257.2333   -758.45    1.0236    0.1135  6.4556e-15  7.1612e-16  6.3067e-15
1257.2632   -751.34    1.0239    0.1136  6.4560e-15  7.1613e-16  6.3055e-15
1257.2931   -744.22    1.2219    0.1239  7.7035e-15  7.8137e-16  6.3043e-15
1257.3231   -737.11    1.0639    0.1157  6.7061e-15  7.2939e-16  6.3032e-15
1257.3530   -730.00    1.0055    0.1125  6.3365e-15  7.0925e-16  6.3020e-15
1257.3829   -722.88    1.0680    0.1160  6.7293e-15  7.3071e-16  6.3008e-15
1257.4128   -715.77    1.0056    0.1126  6.3347e-15  7.0934e-16  6.2996e-15
1257.4427   -708.65    1.0432    0.1147  6.5708e-15  7.2270e-16  6.2984e-15
1257.4726   -701.54    0.8624    0.1045  5.4307e-15  6.5801e-16  6.2973e-15
1257.5025   -694.42    1.0897    0.1172  6.8609e-15  7.3790e-16  6.2961e-15
1257.5324   -687.31    0.8675    0.1048  5.4611e-15  6.5978e-16  6.2949e-15
1257.5623   -680.20    0.9482    0.1095  5.9678e-15  6.8895e-16  6.2937e-15
1257.5922   -673.08    1.0603    0.1157  6.6722e-15  7.2776e-16  6.2926e-15
1257.6222   -665.97    1.1680    0.1213  7.3484e-15  7.6315e-16  6.2914e-15
1257.6521   -658.85    1.0514    0.1152  6.6138e-15  7.2477e-16  6.2902e-15
1257.6820   -651.74    0.9344    0.1088  5.8761e-15  6.8394e-16  6.2890e-15
1257.7119   -644.63    0.9694    0.1107  6.0952e-15  6.9606e-16  6.2878e-15
1257.7418   -637.51    1.0722    0.1163  6.7409e-15  7.3134e-16  6.2867e-15
1257.7717   -630.40    1.0207    0.1136  6.4157e-15  7.1375e-16  6.2855e-15
1257.8016   -623.28    1.0794    0.1167  6.7835e-15  7.3341e-16  6.2843e-15
1257.8315   -616.17    1.1010    0.1179  6.9179e-15  7.4048e-16  6.2831e-15
1257.8614   -609.06    1.1012    0.1179  6.9177e-15  7.4061e-16  6.2819e-15
1257.8913   -601.94    0.9259    0.1083  5.8153e-15  6.8043e-16  6.2808e-15
1257.9213   -594.83    1.1392    0.1199  7.1535e-15  7.5263e-16  6.2796e-15
1257.9512   -587.71    0.9374    0.1089  5.8852e-15  6.8396e-16  6.2784e-15
1257.9811   -580.60    0.9973    0.1123  6.2600e-15  7.0505e-16  6.2772e-15
1258.0110   -573.48    1.0621    0.1159  6.6659e-15  7.2729e-16  6.2760e-15
1258.0409   -566.37    0.9947    0.1122  6.2417e-15  7.0424e-16  6.2748e-15
1258.0708   -559.26    1.2531    0.1258  7.8613e-15  7.8897e-16  6.2737e-15
1258.1007   -552.14    0.9476    0.1096  5.9438e-15  6.8774e-16  6.2725e-15
1258.1306   -545.03    0.8440    0.1036  5.2930e-15  6.4993e-16  6.2713e-15
1258.1605   -537.91    1.1604    0.1210  7.2757e-15  7.5888e-16  6.2701e-15
1258.1904   -530.80    1.0042    0.1128  6.2950e-15  7.0694e-16  6.2689e-15
1258.2204   -523.69    0.9551    0.1100  5.9866e-15  6.8970e-16  6.2678e-15
1258.2503   -516.57    0.8786    0.1056  5.5057e-15  6.6147e-16  6.2666e-15
1258.2802   -509.46    0.8882    0.1062  5.5647e-15  6.6522e-16  6.2654e-15
1258.3101   -502.34    0.9944    0.1123  6.2292e-15  7.0335e-16  6.2642e-15
1258.3400   -495.23    1.0987    0.1179  6.8815e-15  7.3852e-16  6.2630e-15
1258.3699   -488.12    0.9790    0.1114  6.1301e-15  6.9781e-16  6.2618e-15
1258.3998   -481.00    0.9740    0.1112  6.0981e-15  6.9621e-16  6.2607e-15
1258.4297   -473.89    0.8386    0.1033  5.2493e-15  6.4667e-16  6.2595e-15
1258.4596   -466.77    1.0696    0.1164  6.6938e-15  7.2848e-16  6.2583e-15
1258.4895   -459.66    1.1119    0.1187  6.9576e-15  7.4259e-16  6.2571e-15
1258.5195   -452.54    1.0311    0.1143  6.4507e-15  7.1523e-16  6.2559e-15
1258.5494   -445.43    1.1731    0.1218  7.3376e-15  7.6214e-16  6.2547e-15
1258.5793   -438.32    1.1806    0.1223  7.3829e-15  7.6473e-16  6.2536e-15
1258.6092   -431.20    0.9866    0.1119  6.1689e-15  6.9985e-16  6.2524e-15
1258.6391   -424.09    0.9540    0.1101  5.9637e-15  6.8818e-16  6.2512e-15
1258.6690   -416.97    0.9573    0.1103  5.9829e-15  6.8925e-16  6.2500e-15
1258.6989   -409.86    1.0770    0.1169  6.7300e-15  7.3036e-16  6.2488e-15
1258.7288   -402.75    1.0373    0.1224  6.4806e-15  7.6443e-16  6.2476e-15
1258.7587   -395.63    1.1148    0.1596  6.9635e-15  9.9692e-16  6.2465e-15
1258.7886   -388.52    1.0907    0.1582  6.8120e-15  9.8823e-16  6.2453e-15
1258.8186   -381.40    1.0102    0.1534  6.3079e-15  9.5756e-16  6.2441e-15
1258.8485   -374.29    0.9801    0.1509  6.1184e-15  9.4192e-16  6.2429e-15
1258.8784   -367.18    0.9102    0.1533  5.6811e-15  9.5673e-16  6.2417e-15
1258.9083   -360.06    1.2658    0.1710  7.8994e-15  1.0672e-15  6.2406e-15
1258.9382   -352.95    1.1638    0.1618  7.2614e-15  1.0097e-15  6.2394e-15
1258.9681   -345.83    1.2115    0.1650  7.5577e-15  1.0291e-15  6.2382e-15
1258.9980   -338.72    0.9850    0.1529  6.1435e-15  9.5364e-16  6.2370e-15
1259.0279   -331.60    1.0492    0.1567  6.5427e-15  9.7684e-16  6.2358e-15
1259.0578   -324.49    0.9896    0.1503  6.1698e-15  9.3705e-16  6.2346e-15
1259.0877   -317.38    0.9204    0.1461  5.7374e-15  9.1095e-16  6.2335e-15
1259.1177   -310.26    1.0601    0.1544  6.6068e-15  9.6201e-16  6.2323e-15
1259.1476   -303.15    1.0041    0.1491  6.2566e-15  9.2922e-16  6.2311e-15
1259.1775   -296.03    1.1117    0.1601  6.9259e-15  9.9758e-16  6.2299e-15
1259.2074   -288.92    0.9797    0.1497  6.1025e-15  9.3250e-16  6.2287e-15
1259.2373   -281.81    1.0100    0.1167  6.2899e-15  7.2658e-16  6.2276e-15
1259.2672   -274.69    0.9626    0.1108  5.9933e-15  6.8973e-16  6.2264e-15
1259.2971   -267.58    0.9222    0.1084  5.7409e-15  6.7504e-16  6.2252e-15
1259.3270   -260.46    0.9705    0.1113  6.0405e-15  6.9243e-16  6.2240e-15
1259.3569   -253.35    0.8428    0.1038  5.2444e-15  6.4565e-16  6.2228e-15
1259.3868   -246.24    0.9007    0.1073  5.6038e-15  6.6735e-16  6.2217e-15
1259.4168   -239.12    0.8448    0.1039  5.2551e-15  6.4643e-16  6.2205e-15
1259.4467   -232.01    0.7319    0.0969  4.5517e-15  6.0279e-16  6.2193e-15
1259.4766   -224.89    0.5567    0.0848  3.4619e-15  5.2748e-16  6.2181e-15
1259.5065   -217.78    0.3827    0.0708  2.3792e-15  4.4031e-16  6.2169e-15
1259.5364   -210.66    0.2869    0.0618  1.7834e-15  3.8426e-16  6.2158e-15
1259.5663   -203.55    0.3879    0.0713  2.4107e-15  4.4331e-16  6.2146e-15
1259.5962   -196.44    0.5995    0.0880  3.7249e-15  5.4663e-16  6.2134e-15
1259.6261   -189.32    0.7575    0.0986  4.7055e-15  6.1253e-16  6.2122e-15
1259.6560   -182.21    0.5835    0.0869  3.6242e-15  5.3968e-16  6.2110e-15
1259.6859   -175.09    0.6249    0.0898  3.8808e-15  5.5779e-16  6.2099e-15
1259.7159   -167.98    0.8635    0.1051  5.3614e-15  6.5270e-16  6.2087e-15
1259.7458   -160.87    0.7446    0.0978  4.6219e-15  6.0702e-16  6.2075e-15
1259.7757   -153.75    0.6990    0.0949  4.3382e-15  5.8911e-16  6.2063e-15
1259.8056   -146.64    0.8904    0.1068  5.5250e-15  6.6287e-16  6.2052e-15
1259.8355   -139.52    0.8246    0.1029  5.1160e-15  6.3814e-16  6.2040e-15
1259.8654   -132.41    0.7968    0.1012  4.9427e-15  6.2767e-16  6.2028e-15
1259.8953   -125.30    0.7984    0.1013  4.9515e-15  6.2803e-16  6.2016e-15
1259.9252   -118.18    0.8596    0.1050  5.3302e-15  6.5101e-16  6.2005e-15
1259.9551   -111.07    0.8784    0.1061  5.4453e-15  6.5777e-16  6.1993e-15
1259.9850   -103.95    0.9725    0.1116  6.0275e-15  6.9143e-16  6.1981e-15
1260.0150    -96.84    0.9969    0.1129  6.1777e-15  6.9970e-16  6.1969e-15
1260.0449    -89.72    0.8328    0.1034  5.1598e-15  6.4042e-16  6.1958e-15
1260.0748    -82.61    0.8873    0.1066  5.4962e-15  6.6061e-16  6.1946e-15
1260.1047    -75.50    0.8750    0.1059  5.4195e-15  6.5616e-16  6.1934e-15
1260.1346    -68.38    0.8413    0.1040  5.2093e-15  6.4393e-16  6.1922e-15
1260.1645    -61.27    0.9005    0.1075  5.5748e-15  6.6536e-16  6.1911e-15
1260.1944    -54.15    0.6085    0.0888  3.7666e-15  5.4961e-16  6.1899e-15
1260.2243    -47.04    0.5509    0.0847  3.4092e-15  5.2392e-16  6.1887e-15
1260.2542    -39.93    0.2152    0.0542  1.3315e-15  3.3519e-16  6.1876e-15
1260.2841    -32.81    0.1652    0.0480  1.0220e-15  2.9700e-16  6.1864e-15
1260.3141    -25.70    0.0693    0.0332  4.2866e-16  2.0544e-16  6.1852e-15
1260.3440    -18.58    0.0529    0.0299  3.2703e-16  1.8519e-16  6.1840e-15
1260.3739    -11.47    0.0649    0.0324  4.0131e-16  2.0045e-16  6.1829e-15
1260.4038     -4.36    0.0074    0.0180  4.5964e-17  1.1157e-16  6.1817e-15
1260.4337      2.76    0.0168    0.0212  1.0383e-16  1.3105e-16  6.1805e-15
1260.4636      9.87    0.0030    0.0168  1.8815e-17  1.0405e-16  6.1794e-15
1260.4935     16.99    0.0316    0.0252  1.9507e-16  1.5587e-16  6.1782e-15
1260.5234     24.10    0.0297    0.0245  1.8318e-16  1.5126e-16  6.1770e-15
1260.5533     31.22    0.0112    0.0193  6.9103e-17  1.1925e-16  6.1759e-15
1260.5832     38.33    0.0241    0.0231  1.4903e-16  1.4264e-16  6.1747e-15
1260.6132     45.44    0.0267    0.0237  1.6476e-16  1.4619e-16  6.1735e-15
1260.6431     52.56    0.0167    0.0208  1.0313e-16  1.2856e-16  6.1724e-15
1260.6730     59.67    0.0548    0.0302  3.3808e-16  1.8655e-16  6.1712e-15
1260.7029     66.79    0.0255    0.0234  1.5721e-16  1.4461e-16  6.1700e-15
1260.7328     73.90    0.0456    0.0282  2.8144e-16  1.7427e-16  6.1689e-15
1260.7627     81.01    0.0319    0.0251  1.9658e-16  1.5480e-16  6.1677e-15
1260.7926     88.13    0.0977    0.0382  6.0217e-16  2.3569e-16  6.1665e-15
1260.8225     95.24    0.1160    0.0411  7.1495e-16  2.5361e-16  6.1654e-15
1260.8524    102.36    0.2330    0.0563  1.4364e-15  3.4680e-16  6.1642e-15
1260.8823    109.47    0.3368    0.0669  2.0758e-15  4.1248e-16  6.1630e-15
1260.9123    116.58    0.2764    0.0610  1.7031e-15  3.7600e-16  6.1619e-15
1260.9422    123.70    0.3806    0.0760  2.3445e-15  4.6838e-16  6.1607e-15
1260.9721    130.81    0.6834    0.1053  4.2096e-15  6.4875e-16  6.1596e-15
1261.0020    137.93    0.5795    0.1079  3.5688e-15  6.6424e-16  6.1584e-15
1261.0319    145.04    0.6510    0.1280  4.0081e-15  7.8805e-16  6.1572e-15
1261.0618    152.16    0.5624    0.1211  3.4621e-15  7.4547e-16  6.1561e-15
1261.0917    159.27    0.6558    0.1233  4.0363e-15  7.5916e-16  6.1549e-15
1261.1216    166.38    0.7971    0.1349  4.9050e-15  8.3043e-16  6.1538e-15
1261.1515    173.50    0.8843    0.1461  5.4410e-15  8.9904e-16  6.1526e-15
1261.1814    180.61    0.9390    0.1506  5.7765e-15  9.2623e-16  6.1514e-15
1261.2114    187.73    1.0442    0.1538  6.4224e-15  9.4572e-16  6.1503e-15
1261.2413    194.84    0.9162    0.1462  5.6338e-15  8.9924e-16  6.1491e-15
1261.2712    201.95    0.9697    0.1486  5.9619e-15  9.1361e-16  6.1480e-15
1261.3011    209.07    1.0059    0.1506  6.1829e-15  9.2564e-16  6.1468e-15
1261.3310    216.18    0.8289    0.1414  5.0941e-15  8.6882e-16  6.1457e-15
1261.3609    223.30    1.2045    0.1663  7.4009e-15  1.0221e-15  6.1445e-15
1261.3908    230.41    1.1125    0.1555  6.8347e-15  9.5543e-16  6.1434e-15
1261.4207    237.52    1.0921    0.1570  6.7082e-15  9.6463e-16  6.1422e-15
1261.4506    244.64    1.0889    0.1584  6.6869e-15  9.7250e-16  6.1411e-15
1261.4805    251.75    0.8949    0.1480  5.4944e-15  9.0868e-16  6.1399e-15
1261.5105    258.87    1.0341    0.1540  6.3479e-15  9.4508e-16  6.1388e-15
1261.5404    265.98    0.9838    0.1466  6.0380e-15  9.0006e-16  6.1376e-15
1261.5703    273.10    0.9243    0.1501  5.6718e-15  9.2079e-16  6.1365e-15
1261.6002    280.21    1.0243    0.1538  6.2847e-15  9.4351e-16  6.1353e-15
1261.6301    287.32    1.0322    0.1546  6.3314e-15  9.4856e-16  6.1342e-15
1261.6600    294.44    0.9438    0.1505  5.7884e-15  9.2284e-16  6.1330e-15
1261.6899    301.55    1.0345    0.1554  6.3432e-15  9.5278e-16  6.1319e-15
1261.7198    308.67    0.8109    0.1377  4.9714e-15  8.4449e-16  6.1307e-15
1261.7497    315.78    0.9757    0.1530  5.9803e-15  9.3793e-16  6.1296e-15
1261.7796    322.89    0.9009    0.1430  5.5208e-15  8.7608e-16  6.1284e-15
1261.8096    330.01    1.0267    0.1575  6.2910e-15  9.6479e-16  6.1273e-15
1261.8395    337.12    1.0916    0.1584  6.6872e-15  9.7050e-16  6.1261e-15
1261.8694    344.24    1.1284    0.1629  6.9113e-15  9.9799e-16  6.1250e-15
1261.8993    351.35    1.1987    0.1657  7.3406e-15  1.0149e-15  6.1239e-15
1261.9292    358.46    0.9399    0.1450  5.7546e-15  8.8777e-16  6.1227e-15
1261.9591    365.58    1.2324    0.1665  7.5444e-15  1.0191e-15  6.1216e-15
1261.9890    372.69    1.0332    0.1524  6.3239e-15  9.3254e-16  6.1204e-15
1262.0189    379.81    0.9481    0.1450  5.8019e-15  8.8759e-16  6.1193e-15
1262.0488    386.92    0.8058    0.1398  4.9299e-15  8.5532e-16  6.1182e-15
1262.0787    394.04    0.8286    0.1363  5.0684e-15  8.3388e-16  6.1170e-15
1262.1087    401.15    0.8935    0.1446  5.4645e-15  8.8417e-16  6.1159e-15
1262.1386    408.26    1.0676    0.1620  6.5278e-15  9.9040e-16  6.1148e-15
1262.1685    415.38    1.0080    0.1521  6.1622e-15  9.3012e-16  6.1136e-15
1262.1984    422.49    1.0242    0.1548  6.2601e-15  9.4645e-16  6.1125e-15
1262.2283    429.61    1.0321    0.1537  6.3077e-15  9.3951e-16  6.1114e-15
1262.2582    436.72    1.0947    0.1611  6.6890e-15  9.8434e-16  6.1102e-15
1262.2881    443.83    1.0653    0.1552  6.5082e-15  9.4825e-16  6.1091e-15
1262.3180    450.95    0.9121    0.1456  5.5712e-15  8.8922e-16  6.1080e-15
1262.3479    458.06    0.8723    0.1437  5.3269e-15  8.7762e-16  6.1068e-15
1262.3778    465.18    1.0209    0.1549  6.2332e-15  9.4550e-16  6.1057e-15
1262.4078    472.29    0.8525    0.1414  5.2044e-15  8.6317e-16  6.1046e-15
1262.4377    479.40    0.8743    0.1413  5.3365e-15  8.6262e-16  6.1034e-15
1262.4676    486.52    1.0059    0.1514  6.1381e-15  9.2378e-16  6.1023e-15
1262.4975    493.63    1.0456    0.1553  6.3795e-15  9.4752e-16  6.1012e-15
1262.5274    500.75    0.9865    0.1516  6.0178e-15  9.2469e-16  6.1001e-15
1262.5573    507.86    0.9353    0.1507  5.7040e-15  9.1901e-16  6.0989e-15
1262.5872    514.98    1.0749    0.1574  6.5546e-15  9.6004e-16  6.0978e-15
1262.6171    522.09    1.0783    0.1546  6.5740e-15  9.4244e-16  6.0967e-15
1262.6470    529.20    1.0285    0.1529  6.2694e-15  9.3181e-16  6.0956e-15
1262.6769    536.32    1.0531    0.1554  6.4178e-15  9.4692e-16  6.0945e-15
1262.7069    543.43    1.0785    0.1526  6.5719e-15  9.2977e-16  6.0933e-15
1262.7368    550.55    0.8837    0.1413  5.3838e-15  8.6109e-16  6.0922e-15
1262.7667    557.66    0.8053    0.1458  4.9055e-15  8.8813e-16  6.0911e-15
1262.7966    564.77    0.9954    0.1546  6.0622e-15  9.4162e-16  6.0900e-15
1262.8265    571.89    0.8810    0.1466  5.3643e-15  8.9290e-16  6.0889e-15
1262.8564    579.00    0.9733    0.1538  5.9253e-15  9.3647e-16  6.0877e-15
1262.8863    586.12    0.8928    0.1433  5.4344e-15  8.7231e-16  6.0866e-15
1262.9162    593.23    0.8982    0.1453  5.4663e-15  8.8422e-16  6.0855e-15
1262.9461    600.34    1.1501    0.1569  6.9976e-15  9.5445e-16  6.0844e-15
1262.9760    607.46    1.0214    0.1413  6.2133e-15  8.5966e-16  6.0833e-15
1263.0060    614.57    1.0355    0.1299  6.2981e-15  7.9026e-16  6.0822e-15
1263.0359    621.69    1.0380    0.1162  6.3120e-15  7.0671e-16  6.0811e-15
1263.0658    628.80    1.0351    0.1161  6.2934e-15  7.0564e-16  6.0800e-15
1263.0957    635.92    1.1089    0.1200  6.7409e-15  7.2933e-16  6.0789e-15
1263.1256    643.03    0.9189    0.1094  5.5847e-15  6.6519e-16  6.0778e-15
1263.1555    650.14    1.0085    0.1146  6.1281e-15  6.9621e-16  6.0767e-15
1263.1854    657.26    1.2255    0.1404  7.4453e-15  8.5275e-16  6.0755e-15
1263.2153    664.37    0.8833    0.1222  5.3655e-15  7.4242e-16  6.0744e-15
1263.2452    671.49    0.9529    0.1447  5.7874e-15  8.7855e-16  6.0733e-15
1263.2751    678.60    1.1365    0.1640  6.9011e-15  9.9594e-16  6.0722e-15
1263.3051    685.71    0.8904    0.1423  5.4056e-15  8.6369e-16  6.0711e-15
1263.3350    692.83    0.7333    0.1321  4.4509e-15  8.0165e-16  6.0700e-15
1263.3649    699.94    0.8562    0.1342  5.1964e-15  8.1416e-16  6.0689e-15
1263.3948    707.06    0.5196    0.0940  3.1531e-15  5.7011e-16  6.0678e-15
1263.4247    714.17    0.3576    0.0709  2.1692e-15  4.3021e-16  6.0667e-15
1263.4546    721.28    0.3617    0.0698  2.1939e-15  4.2339e-16  6.0657e-15
1263.4845    728.40    0.4586    0.0781  2.7809e-15  4.7382e-16  6.0646e-15
1263.5144    735.51    0.7781    0.1011  4.7177e-15  6.1293e-16  6.0635e-15
1263.5443    742.63    0.6986    0.0959  4.2353e-15  5.8134e-16  6.0624e-15
1263.5742    749.74    0.3682    0.0704  2.2320e-15  4.2686e-16  6.0613e-15
1263.6042    756.86    0.1960    0.0525  1.1881e-15  3.1839e-16  6.0602e-15
1263.6341    763.97    0.2595    0.0597  1.5725e-15  3.6200e-16  6.0591e-15
1263.6640    771.08    0.2498    0.0587  1.5134e-15  3.5579e-16  6.0580e-15
1263.6939    778.20    0.1837    0.0510  1.1129e-15  3.0909e-16  6.0569e-15
1263.7238    785.31    0.1903    0.0518  1.1523e-15  3.1340e-16  6.0558e-15
1263.7537    792.43    0.4027    0.0735  2.4380e-15  4.4502e-16  6.0548e-15
1263.7836    799.54    0.4485    0.0774  2.7150e-15  4.6843e-16  6.0537e-15
1263.8135    806.65    0.5964    0.0888  3.6099e-15  5.3723e-16  6.0526e-15
1263.8434    813.77    0.6695    0.0939  4.0513e-15  5.6803e-16  6.0515e-15
1263.8733    820.88    0.7263    0.0977  4.3945e-15  5.9117e-16  6.0504e-15
1263.9033    828.00    0.8581    0.1061  5.1908e-15  6.4154e-16  6.0494e-15
1263.9332    835.11    0.9210    0.1098  5.5703e-15  6.6403e-16  6.0483e-15
1263.9631    842.23    1.0332    0.1162  6.2481e-15  7.0274e-16  6.0472e-15
1263.9930    849.34    0.9654    0.1124  5.8372e-15  6.7934e-16  6.0461e-15
1264.0229    856.45    0.8412    0.1371  5.0850e-15  8.2865e-16  6.0451e-15
1264.0528    863.57    0.9711    0.1552  5.8695e-15  9.3798e-16  6.0440e-15
1264.0827    870.68    1.1108    0.1603  6.7125e-15  9.6872e-16  6.0429e-15
1264.1126    877.80    0.9091    0.1503  5.4928e-15  9.0832e-16  6.0418e-15
1264.1425    884.91    1.0620    0.1604  6.4153e-15  9.6879e-16  6.0408e-15
1264.1724    892.02    0.9537    0.1489  5.7602e-15  8.9930e-16  6.0397e-15
1264.2024    899.14    1.0824    0.1531  6.5362e-15  9.2458e-16  6.0386e-15
1264.2323    906.25    0.8550    0.1447  5.1619e-15  8.7377e-16  6.0376e-15
1264.2622    913.37    0.9978    0.1476  6.0232e-15  8.9078e-16  6.0365e-15
1264.2921    920.48    1.0475    0.1546  6.3223e-15  9.3298e-16  6.0354e-15
1264.3220    927.59    1.0363    0.1546  6.2537e-15  9.3320e-16  6.0344e-15
1264.3519    934.71    0.8990    0.1447  5.4239e-15  8.7304e-16  6.0333e-15
1264.3818    941.82    0.9870    0.1478  5.9539e-15  8.9174e-16  6.0323e-15
1264.4117    948.94    1.0358    0.1524  6.2471e-15  9.1920e-16  6.0312e-15
1264.4416    956.05    1.1629    0.1262  7.0122e-15  7.6093e-16  6.0302e-15
1264.4715    963.17    1.0594    0.1179  6.3874e-15  7.1069e-16  6.0291e-15
1264.5015    970.28    0.9952    0.1143  5.9992e-15  6.8910e-16  6.0280e-15
1264.5314    977.39    1.0739    0.1186  6.4725e-15  7.1490e-16  6.0270e-15
1264.5613    984.51    0.9594    0.1123  5.7810e-15  6.7687e-16  6.0259e-15
1264.5912    991.62    0.9834    0.1137  5.9247e-15  6.8501e-16  6.0249e-15
1264.6211    998.74    0.9724    0.1130  5.8574e-15  6.8090e-16  6.0238e-15
1264.6510   1005.85    1.0427    0.1170  6.2798e-15  7.0471e-16  6.0228e-15
1264.6809   1012.96    0.8370    0.1051  5.0402e-15  6.3259e-16  6.0217e-15
1264.7108   1020.08    0.9263    0.1104  5.5769e-15  6.6480e-16  6.0207e-15
1264.7407   1027.19    1.2329    0.1271  7.4216e-15  7.6533e-16  6.0197e-15
1264.7706   1034.31    1.1733    0.1241  7.0614e-15  7.4691e-16  6.0186e-15
1264.8006   1041.42    0.8859    0.1081  5.3310e-15  6.5024e-16  6.0176e-15
1264.8305   1048.53    1.0559    0.1178  6.3530e-15  7.0875e-16  6.0165e-15
1264.8604   1055.65    1.0998    0.1202  6.6160e-15  7.2307e-16  6.0155e-15
1264.8903   1062.76    0.9555    0.1122  5.7467e-15  6.7511e-16  6.0145e-15
1264.9202   1069.88    1.0607    0.1181  6.3785e-15  7.1038e-16  6.0134e-15
1264.9501   1076.99    0.9902    0.1142  5.9536e-15  6.8667e-16  6.0124e-15
1264.9800   1084.11    1.0170    0.1157  6.1138e-15  6.9553e-16  6.0114e-15
1265.0099   1091.22    0.8492    0.1060  5.1043e-15  6.3711e-16  6.0103e-15
1265.0398   1098.33    1.0371    0.1168  6.2319e-15  7.0205e-16  6.0093e-15
1265.0697   1105.45    1.0755    0.1190  6.4618e-15  7.1501e-16  6.0083e-15
1265.0997   1112.56    0.9792    0.1137  5.8824e-15  6.8286e-16  6.0072e-15
1265.1296   1119.68    1.0154    0.1157  6.0988e-15  6.9491e-16  6.0062e-15
1265.1595   1126.79    1.0699    0.1187  6.4250e-15  7.1305e-16  6.0052e-15
1265.1894   1133.90    0.8675    0.1071  5.2085e-15  6.4321e-16  6.0042e-15
1265.2193   1141.02    1.1684    0.1241  7.0141e-15  7.4474e-16  6.0032e-15
1265.2492   1148.13    1.0355    0.1169  6.2150e-15  7.0150e-16  6.0021e-15
1265.2791   1155.25    1.1095    0.1210  6.6584e-15  7.2605e-16  6.0011e-15
1265.3090   1162.36    0.9907    0.1144  5.9441e-15  6.8660e-16  6.0001e-15
1265.3389   1169.47    1.0657    0.1186  6.3934e-15  7.1135e-16  5.9991e-15
1265.3688   1176.59    1.0859    0.1196  6.5135e-15  7.1761e-16  5.9981e-15
1265.3988   1183.70    0.9978    0.1148  5.9838e-15  6.8842e-16  5.9971e-15
1265.4287   1190.82    1.1355    0.1224  6.8085e-15  7.3376e-16  5.9960e-15
1265.4586   1197.93    0.9874    0.1143  5.9197e-15  6.8540e-16  5.9950e-15
1265.4885   1205.05    1.1217    0.1216  6.7234e-15  7.2904e-16  5.9940e-15
1265.5184   1212.16    1.1005    0.1205  6.5954e-15  7.2206e-16  5.9930e-15
1265.5483   1219.27    1.1893    0.1252  7.1264e-15  7.5007e-16  5.9920e-15
1265.5782   1226.39    1.1359    0.1224  6.8049e-15  7.3347e-16  5.9910e-15
1265.6081   1233.50    0.9405    0.1116  5.6336e-15  6.6877e-16  5.9900e-15
1265.6380   1240.62    1.1189    0.1215  6.7014e-15  7.2775e-16  5.9890e-15
1265.6679   1247.73    1.1167    0.1214  6.6866e-15  7.2679e-16  5.9880e-15
1265.6979   1254.84    0.9662    0.1131  5.7849e-15  6.7716e-16  5.9870e-15
1265.7278   1261.96    0.8307    0.1051  4.9724e-15  6.2894e-16  5.9860e-15
1265.7577   1269.07    0.8261    0.1048  4.9443e-15  6.2724e-16  5.9850e-15
1265.7876   1276.19    1.0561    0.1182  6.3197e-15  7.0704e-16  5.9840e-15
1265.8175   1283.30    0.9926    0.1147  5.9388e-15  6.8621e-16  5.9830e-15
1265.8474   1290.41    1.0784    0.1194  6.4513e-15  7.1426e-16  5.9821e-15
1265.8773   1297.53    0.8983    0.1092  5.3731e-15  6.5333e-16  5.9811e-15
1265.9072   1304.64    0.8693    0.1075  5.1985e-15  6.4295e-16  5.9801e-15
1265.9371   1311.76    0.9754    0.1137  5.8319e-15  6.8006e-16  5.9791e-15
1265.9670   1318.87    1.0661    0.1189  6.3732e-15  7.1057e-16  5.9781e-15
1265.9970   1325.99    1.1237    0.1219  6.7164e-15  7.2882e-16  5.9771e-15
1266.0269   1333.10    1.1934    0.1257  7.1319e-15  7.5102e-16  5.9762e-15
1266.0568   1340.21    0.9440    0.1120  5.6405e-15  6.6916e-16  5.9752e-15
1266.0867   1347.33    0.9247    0.1109  5.5243e-15  6.6242e-16  5.9742e-15
1266.1166   1354.44    1.1294    0.1224  6.7463e-15  7.3085e-16  5.9732e-15
1266.1465   1361.56    0.9852    0.1145  5.8839e-15  6.8353e-16  5.9722e-15
1266.1764   1368.67    0.9990    0.1152  5.9651e-15  6.8793e-16  5.9713e-15
1266.2063   1375.78    0.8824    0.1084  5.2681e-15  6.4715e-16  5.9703e-15
1266.2362   1382.90    0.9657    0.1133  5.7644e-15  6.7642e-16  5.9693e-15
1266.2661   1390.01    0.9715    0.1136  5.7981e-15  6.7827e-16  5.9684e-15
1266.2961   1397.13    1.1089    0.1213  6.6175e-15  7.2358e-16  5.9674e-15
1266.3260   1404.24    1.0239    0.1165  6.1088e-15  6.9530e-16  5.9664e-15
1266.3559   1411.35    1.0308    0.1171  6.1495e-15  6.9829e-16  5.9655e-15
1266.3858   1418.47    1.0056    0.1157  5.9981e-15  6.9009e-16  5.9645e-15
1266.4157   1425.58    0.9431    0.1121  5.6243e-15  6.6826e-16  5.9636e-15
1266.4456   1432.70    0.9706    0.1136  5.7870e-15  6.7734e-16  5.9626e-15
1266.4755   1439.81    0.8769    0.1081  5.2276e-15  6.4456e-16  5.9617e-15
1266.5054   1446.93    0.9754    0.1139  5.8138e-15  6.7867e-16  5.9607e-15
1266.5353   1454.04    1.1349    0.1227  6.7638e-15  7.3134e-16  5.9597e-15
1266.5652   1461.15    1.1163    0.1217  6.6521e-15  7.2521e-16  5.9588e-15
1266.5952   1468.27    0.9752    0.1139  5.8100e-15  6.7861e-16  5.9579e-15
1266.6251   1475.38    0.9656    0.1134  5.7522e-15  6.7546e-16  5.9569e-15
1266.6550   1482.50    1.0073    0.1157  5.9993e-15  6.8915e-16  5.9560e-15
1266.6849   1489.61    0.9018    0.1097  5.3700e-15  6.5299e-16  5.9550e-15
1266.7148   1496.72    0.9062    0.1099  5.3958e-15  6.5457e-16  5.9541e-15
1266.7447   1503.84    0.9510    0.1125  5.6612e-15  6.6997e-16  5.9531e-15
1266.7746   1510.95    0.9080    0.1100  5.4044e-15  6.5492e-16  5.9522e-15
1266.8045   1518.07    0.8542    0.1068  5.0836e-15  6.3560e-16  5.9513e-15
1266.8344   1525.18    1.1510    0.1236  6.8488e-15  7.3545e-16  5.9503e-15
1266.8643   1532.29    1.0948    0.1207  6.5134e-15  7.1780e-16  5.9494e-15
1266.8943   1539.41    0.9330    0.1116  5.5501e-15  6.6372e-16  5.9485e-15
1266.9242   1546.52    0.9992    0.1154  5.9427e-15  6.8659e-16  5.9475e-15
1266.9541   1553.64    1.0761    0.1197  6.3990e-15  7.1175e-16  5.9466e-15
1266.9840   1560.75    1.0013    0.1155  5.9536e-15  6.8700e-16  5.9457e-15
1267.0139   1567.87    1.0924    0.1206  6.4939e-15  7.1702e-16  5.9448e-15
1267.0438   1574.98    1.0122    0.1162  6.0161e-15  6.9039e-16  5.9438e-15
1267.0737   1582.09    0.9337    0.1174  5.5492e-15  6.9759e-16  5.9429e-15
1267.1036   1589.21    0.8185    0.1445  4.8633e-15  8.5866e-16  5.9420e-15
1267.1335   1596.32    1.0282    0.1588  6.1086e-15  9.4330e-16  5.9411e-15
1267.1634   1603.44    0.9876    0.1536  5.8665e-15  9.1240e-16  5.9402e-15
1267.1934   1610.55    0.8027    0.1412  4.7677e-15  8.3883e-16  5.9393e-15
1267.2233   1617.66    0.8680    0.1488  5.1542e-15  8.8338e-16  5.9384e-15
1267.2532   1624.78    0.9501    0.1509  5.6414e-15  8.9583e-16  5.9374e-15
1267.2831   1631.89    0.9504    0.1525  5.6424e-15  9.0516e-16  5.9365e-15
1267.3130   1639.01    0.9947    0.1576  5.9041e-15  9.3558e-16  5.9356e-15
1267.3429   1646.12    0.8432    0.1466  5.0043e-15  8.7018e-16  5.9347e-15
1267.3728   1653.23    1.0718    0.1577  6.3601e-15  9.3571e-16  5.9338e-15
1267.4027   1660.35    1.0948    0.1622  6.4951e-15  9.6256e-16  5.9329e-15
1267.4326   1667.46    0.9990    0.1502  5.9262e-15  8.9084e-16  5.9320e-15
1267.4625   1674.58    1.0507    0.1591  6.2317e-15  9.4357e-16  5.9311e-15
1267.4925   1681.69    1.0847    0.1617  6.4326e-15  9.5870e-16  5.9303e-15
1267.5224   1688.81    0.9416    0.1503  5.5833e-15  8.9101e-16  5.9294e-15
1267.5523   1695.92    0.9270    0.1510  5.4957e-15  8.9491e-16  5.9285e-15
1267.5822   1703.03    0.9324    0.1480  5.5271e-15  8.7747e-16  5.9276e-15
1267.6121   1710.15    0.8615    0.1202  5.1060e-15  7.1229e-16  5.9267e-15
1267.6420   1717.26    1.0380    0.1179  6.1512e-15  6.9843e-16  5.9258e-15
1267.6719   1724.38    0.9737    0.1142  5.7691e-15  6.7676e-16  5.9249e-15
1267.7018   1731.49    0.9234    0.1113  5.4703e-15  6.5943e-16  5.9241e-15
1267.7317   1738.60    0.9244    0.1113  5.4757e-15  6.5954e-16  5.9232e-15
1267.7616   1745.72    0.9344    0.1119  5.5341e-15  6.6300e-16  5.9223e-15
1267.7916   1752.83    1.0125    0.1165  5.9954e-15  6.8963e-16  5.9214e-15
1267.8215   1759.95    0.8190    0.1050  4.8490e-15  6.2162e-16  5.9206e-15
1267.8514   1767.06    0.8888    0.1092  5.2614e-15  6.4664e-16  5.9197e-15
1267.8813   1774.17    0.9580    0.1133  5.6701e-15  6.7078e-16  5.9188e-15
1267.9112   1781.29    1.0279    0.1173  6.0833e-15  6.9398e-16  5.9180e-15
1267.9411   1788.40    1.0253    0.1171  6.0670e-15  6.9304e-16  5.9171e-15
1267.9710   1795.52    0.9450    0.1125  5.5908e-15  6.6553e-16  5.9162e-15
1268.0009   1802.63    1.1015    0.1213  6.5160e-15  7.1741e-16  5.9154e-15
1268.0308   1809.75    0.8787    0.1086  5.1971e-15  6.4226e-16  5.9145e-15
1268.0607   1816.86    1.2254    0.1278  7.2466e-15  7.5604e-16  5.9137e-15
1268.0907   1823.97    1.1083    0.1217  6.5534e-15  7.1936e-16  5.9128e-15
1268.1206   1831.09    0.9375    0.1121  5.5424e-15  6.6269e-16  5.9120e-15
1268.1505   1838.20    1.0010    0.1157  5.9172e-15  6.8396e-16  5.9111e-15
1268.1804   1845.32    1.0650    0.1193  6.2945e-15  7.0523e-16  5.9103e-15
1268.2103   1852.43    1.1599    0.1245  6.8544e-15  7.3551e-16  5.9094e-15
1268.2402   1859.54    1.0545    0.1188  6.2305e-15  7.0176e-16  5.9086e-15
1268.2701   1866.66    0.9396    0.1122  5.5509e-15  6.6266e-16  5.9077e-15
1268.3000   1873.77    1.0421    0.1181  6.1555e-15  6.9749e-16  5.9069e-15
1268.3299   1880.89    1.0927    0.1209  6.4535e-15  7.1399e-16  5.9061e-15
1268.3598   1888.00    0.9125    0.1107  5.3885e-15  6.5342e-16  5.9052e-15
1268.3898   1895.11    1.1351    0.1232  6.7020e-15  7.2723e-16  5.9044e-15
1268.4197   1902.23    0.9544    0.1131  5.6341e-15  6.6778e-16  5.9036e-15
1268.4496   1909.34    0.9960    0.1155  5.8792e-15  6.8191e-16  5.9027e-15
1268.4795   1916.46    1.0566    0.1189  6.2357e-15  7.0188e-16  5.9019e-15
1268.5094   1923.57    1.1520    0.1241  6.7981e-15  7.3218e-16  5.9011e-15
1268.5393   1930.69    1.0412    0.1181  6.1433e-15  6.9671e-16  5.9003e-15
1268.5692   1937.80    0.9409    0.1124  5.5510e-15  6.6282e-16  5.8995e-15
1268.5991   1944.91    0.9280    0.1116  5.4738e-15  6.5829e-16  5.8986e-15
1268.6290   1952.03    1.0466    0.1184  6.1729e-15  6.9818e-16  5.8978e-15
1268.6589   1959.14    1.0327    0.1176  6.0898e-15  6.9341e-16  5.8970e-15
1268.6889   1966.26    1.0962    0.1211  6.4632e-15  7.1400e-16  5.8962e-15
1268.7188   1973.37    1.1429    0.1237  6.7376e-15  7.2903e-16  5.8954e-15
1268.7487   1980.48    1.1181    0.1223  6.5909e-15  7.2080e-16  5.8946e-15
1268.7786   1987.60    1.1006    0.1213  6.4868e-15  7.1519e-16  5.8938e-15
1268.8085   1994.71    1.0247    0.1172  6.0384e-15  6.9072e-16  5.8930e-15
1268.8384   2001.83    1.0384    0.1179  6.1186e-15  6.9479e-16  5.8922e-15
1268.8683   2008.94    0.9010    0.1101  5.3083e-15  6.4844e-16  5.8914e-15
1268.8982   2016.05    0.9378    0.1122  5.5240e-15  6.6086e-16  5.8906e-15
1268.9281   2023.17    0.9941    0.1155  5.8550e-15  6.7999e-16  5.8898e-15
1268.9580   2030.28    0.8954    0.1097  5.2729e-15  6.4612e-16  5.8890e-15
1268.9880   2037.40    1.0916    0.1209  6.4273e-15  7.1209e-16  5.8882e-15
1269.0179   2044.51    1.0296    0.1175  6.0617e-15  6.9176e-16  5.8874e-15
1269.0478   2051.63    1.0549    0.1190  6.2099e-15  7.0043e-16  5.8866e-15
1269.0777   2058.74    1.0080    0.1163  5.9329e-15  6.8460e-16  5.8859e-15
1269.1076   2065.85    1.0555    0.1189  6.2116e-15  6.9988e-16  5.8851e-15
1269.1375   2072.97    1.1072    0.1218  6.5150e-15  7.1679e-16  5.8843e-15
1269.1674   2080.08    1.0647    0.1195  6.2643e-15  7.0318e-16  5.8835e-15
1269.1973   2087.20    1.0846    0.1206  6.3807e-15  7.0973e-16  5.8828e-15
1269.2272   2094.31    1.1269    0.1229  6.6285e-15  7.2317e-16  5.8820e-15
1269.2571   2101.42    1.0898    0.1209  6.4092e-15  7.1098e-16  5.8812e-15
1269.2871   2108.54    0.9146    0.1189  5.3781e-15  6.9918e-16  5.8805e-15
1269.3170   2115.65    0.9886    0.1332  5.8129e-15  7.8304e-16  5.8797e-15
1269.3469   2122.77    1.0616    0.1320  6.2412e-15  7.7584e-16  5.8789e-15
1269.3768   2129.88    1.0203    0.1440  5.9973e-15  8.4663e-16  5.8782e-15
1269.4067   2136.99    1.0677    0.1596  6.2752e-15  9.3811e-16  5.8774e-15
1269.4366   2144.11    1.1703    0.1649  6.8775e-15  9.6908e-16  5.8767e-15
1269.4665   2151.22    0.8527    0.1497  5.0104e-15  8.7956e-16  5.8759e-15
1269.4964   2158.34    1.0774    0.1603  6.3298e-15  9.4177e-16  5.8752e-15
1269.5263   2165.45    1.0276    0.1595  6.0366e-15  9.3707e-16  5.8744e-15
1269.5562   2172.57    1.0028    0.1538  5.8900e-15  9.0352e-16  5.8737e-15
1269.5862   2179.68    1.1311    0.1697  6.6431e-15  9.9676e-16  5.8729e-15
1269.6161   2186.79    0.8267    0.1428  4.8547e-15  8.3878e-16  5.8722e-15
1269.6460   2193.91    0.8046    0.1436  4.7242e-15  8.4325e-16  5.8715e-15
1269.6759   2201.02    1.1381    0.1675  6.6817e-15  9.8360e-16  5.8707e-15
1269.7058   2208.14    0.9644    0.1467  5.6608e-15  8.6133e-16  5.8700e-15
1269.7357   2215.25    1.0783    0.1518  6.3287e-15  8.9095e-16  5.8693e-15
1269.7656   2222.36    1.0725    0.1570  6.2937e-15  9.2120e-16  5.8685e-15
1269.7955   2229.48    1.0719    0.1617  6.2894e-15  9.4872e-16  5.8678e-15
1269.8254   2236.59    1.0363    0.1545  6.0800e-15  9.0644e-16  5.8671e-15
1269.8553   2243.71    1.0111    0.1322  5.9315e-15  7.7560e-16  5.8664e-15
1269.8853   2250.82    1.0144    0.1363  5.9503e-15  7.9950e-16  5.8657e-15
1269.9152   2257.93    0.9185    0.1189  5.3868e-15  6.9729e-16  5.8649e-15
1269.9451   2265.05    1.0289    0.1176  6.0336e-15  6.8955e-16  5.8642e-15
1269.9750   2272.16    0.8014    0.1040  4.6988e-15  6.0973e-16  5.8635e-15
1270.0049   2279.28    0.9196    0.1113  5.3917e-15  6.5282e-16  5.8628e-15
1270.0348   2286.39    1.0079    0.1164  5.9084e-15  6.8238e-16  5.8621e-15
1270.0647   2293.51    0.9569    0.1135  5.6088e-15  6.6541e-16  5.8614e-15
1270.0946   2300.62    1.0050    0.1163  5.8902e-15  6.8170e-16  5.8607e-15
1270.1245   2307.73    1.0076    0.1165  5.9046e-15  6.8246e-16  5.8600e-15
1270.1544   2314.85    0.8555    0.1075  5.0127e-15  6.2973e-16  5.8593e-15
1270.1844   2321.96    0.9278    0.1118  5.4354e-15  6.5507e-16  5.8586e-15
1270.2143   2329.08    0.9133    0.1110  5.3500e-15  6.5025e-16  5.8579e-15
1270.2442   2336.19    1.1427    0.1240  6.6929e-15  7.2603e-16  5.8572e-15
1270.2741   2343.30    0.8993    0.1102  5.2668e-15  6.4525e-16  5.8566e-15
1270.3040   2350.42    0.8700    0.1084  5.0946e-15  6.3479e-16  5.8559e-15
1270.3339   2357.53    0.9888    0.1155  5.7896e-15  6.7621e-16  5.8552e-15
1270.3638   2364.65    0.9507    0.1133  5.5661e-15  6.6312e-16  5.8545e-15
1270.3937   2371.76    0.8255    0.1057  4.8321e-15  6.1900e-16  5.8538e-15
1270.4236   2378.87    0.9735    0.1146  5.6978e-15  6.7062e-16  5.8532e-15
1270.4535   2385.99    1.2529    0.1297  7.3324e-15  7.5928e-16  5.8525e-15
1270.4835   2393.10    0.8854    0.1094  5.1813e-15  6.4017e-16  5.8518e-15
1270.5134   2400.22    0.9636    0.1141  5.6382e-15  6.6735e-16  5.8512e-15
1270.5433   2407.33    1.0284    0.1178  6.0167e-15  6.8896e-16  5.8505e-15
1270.5732   2414.45    1.0941    0.1214  6.4003e-15  7.1007e-16  5.8498e-15
1270.6031   2421.56    0.9863    0.1154  5.7693e-15  6.7487e-16  5.8492e-15
1270.6330   2428.67    1.1242    0.1230  6.5752e-15  7.1940e-16  5.8485e-15
1270.6629   2435.79    0.9907    0.1156  5.7934e-15  6.7615e-16  5.8479e-15
1270.6928   2442.90    0.9392    0.1126  5.4917e-15  6.5869e-16  5.8472e-15
1270.7227   2450.02    1.0878    0.1211  6.3599e-15  7.0822e-16  5.8466e-15
1270.7526   2457.13    0.9739    0.1148  5.6933e-15  6.7111e-16  5.8459e-15
1270.7826   2464.24    0.9403    0.1128  5.4962e-15  6.5922e-16  5.8453e-15
1270.8125   2471.36    0.9665    0.1143  5.6487e-15  6.6828e-16  5.8447e-15
1270.8424   2478.47    0.9489    0.1133  5.5451e-15  6.6202e-16  5.8440e-15
1270.8723   2485.59    0.9500    0.1134  5.5510e-15  6.6265e-16  5.8434e-15
1270.9022   2492.70    0.9700    0.1146  5.6676e-15  6.6966e-16  5.8428e-15
1270.9321   2499.81    1.1109    0.1225  6.4898e-15  7.1567e-16  5.8421e-15
1270.9620   2506.93    0.9964    0.1161  5.8205e-15  6.7841e-16  5.8415e-15
1270.9919   2514.04    1.0067    0.1167  5.8803e-15  6.8192e-16  5.8409e-15
1271.0218   2521.16    0.9326    0.1124  5.4464e-15  6.5664e-16  5.8403e-15
1271.0517   2528.27    1.0693    0.1203  6.2441e-15  7.0252e-16  5.8397e-15
1271.0817   2535.39    1.1200    0.1231  6.5397e-15  7.1865e-16  5.8390e-15
1271.1116   2542.50    1.0501    0.1193  6.1307e-15  6.9638e-16  5.8384e-15
1271.1415   2549.61    1.0077    0.1169  5.8826e-15  6.8244e-16  5.8378e-15
1271.1714   2556.73    0.8623    0.1083  5.0333e-15  6.3232e-16  5.8372e-15
1271.2013   2563.84    1.0962    0.1218  6.3979e-15  7.1110e-16  5.8366e-15
1271.2312   2570.96    1.0675    0.1202  6.2302e-15  7.0170e-16  5.8360e-15
1271.2611   2578.07    0.9998    0.1165  5.8344e-15  6.7965e-16  5.8354e-15
1271.2910   2585.18    1.0281    0.1180  5.9989e-15  6.8861e-16  5.8348e-15
1271.3209   2592.30    0.8755    0.1092  5.1080e-15  6.3702e-16  5.8342e-15
1271.3508   2599.41    0.8379    0.1069  4.8882e-15  6.2356e-16  5.8336e-15
1271.3808   2606.53    0.8130    0.1053  4.7421e-15  6.1447e-16  5.8331e-15
1271.4107   2613.64    0.9441    0.1133  5.5064e-15  6.6100e-16  5.8325e-15
1271.4406   2620.75    0.6246    0.0927  3.6427e-15  5.4049e-16  5.8319e-15
1271.4705   2627.87    1.1176    0.1231  6.5171e-15  7.1796e-16  5.8313e-15
1271.5004   2634.98    0.9130    0.1115  5.3235e-15  6.4992e-16  5.8307e-15
1271.5303   2642.10    1.1188    0.1231  6.5228e-15  7.1770e-16  5.8302e-15
1271.5602   2649.21    0.8905    0.1101  5.1911e-15  6.4203e-16  5.8296e-15
1271.5901   2656.33    0.9901    0.1160  5.7715e-15  6.7607e-16  5.8290e-15
1271.6200   2663.44    0.9915    0.1161  5.7787e-15  6.7659e-16  5.8285e-15
1271.6499   2670.55    0.9737    0.1151  5.6746e-15  6.7083e-16  5.8279e-15
1271.6799   2677.67    1.1152    0.1230  6.4984e-15  7.1692e-16  5.8273e-15
