# Wave  Vhel  NormFlux  NormErr      Flux        Error       Continuum
1518.2569  -1659.30    1.0872    0.1706  5.3387e-15  8.3749e-16  4.9103e-15
1518.2936  -1652.09    0.9287    0.1617  4.5588e-15  7.9355e-16  4.9090e-15
1518.3303  -1644.89    0.8665    0.1574  4.2525e-15  7.7272e-16  4.9077e-15
1518.3670  -1637.69    1.0805    0.1754  5.3015e-15  8.6070e-16  4.9064e-15
1518.4037  -1630.48    1.0108    0.1672  4.9581e-15  8.2028e-16  4.9051e-15
1518.4404  -1623.28    1.2368    0.1833  6.0651e-15  8.9883e-16  4.9038e-15
1518.4771  -1616.07    1.0840    0.1759  5.3145e-15  8.6236e-16  4.9025e-15
1518.5138  -1608.87    0.9129    0.1595  4.4742e-15  7.8166e-16  4.9012e-15
1518.5505  -1601.66    0.9381    0.1605  4.5964e-15  7.8667e-16  4.8999e-15
1518.5871  -1594.46    0.9588    0.1614  4.6966e-15  7.9070e-16  4.8986e-15
1518.6238  -1587.25    0.8042    0.1490  3.9382e-15  7.2981e-16  4.8972e-15
1518.6605  -1580.05    1.0989    0.1759  5.3801e-15  8.6127e-16  4.8959e-15
1518.6972  -1572.84    0.9947    0.1715  4.8685e-15  8.3961e-16  4.8946e-15
1518.7339  -1565.64    1.1347    0.1777  5.5523e-15  8.6969e-16  4.8933e-15
1518.7706  -1558.43    0.9899    0.1662  4.8426e-15  8.1324e-16  4.8920e-15
1518.8073  -1551.23    0.8957    0.1545  4.3806e-15  7.5567e-16  4.8907e-15
1518.8440  -1544.03    1.1881    0.1774  5.8091e-15  8.6749e-16  4.8893e-15
1518.8807  -1536.82    1.1315    0.1732  5.5309e-15  8.4679e-16  4.8880e-15
1518.9174  -1529.62    1.0650    0.1740  5.2045e-15  8.5038e-16  4.8867e-15
1518.9540  -1522.41    1.0350    0.1711  5.0564e-15  8.3568e-16  4.8854e-15
1518.9907  -1515.21    0.9245    0.1602  4.5154e-15  7.8265e-16  4.8841e-15
1519.0274  -1508.00    0.9488    0.1633  4.6326e-15  7.9730e-16  4.8827e-15
1519.0641  -1500.80    0.9682    0.1628  4.7260e-15  7.9478e-16  4.8814e-15
1519.1008  -1493.59    1.1905    0.1795  5.8097e-15  8.7593e-16  4.8801e-15
1519.1375  -1486.39    0.9114    0.1612  4.4467e-15  7.8632e-16  4.8788e-15
1519.1742  -1479.18    0.9712    0.1662  4.7372e-15  8.1065e-16  4.8774e-15
1519.2109  -1471.98    1.1981    0.1837  5.8421e-15  8.9553e-16  4.8761e-15
1519.2476  -1464.77    1.0011    0.1677  4.8803e-15  8.1734e-16  4.8748e-15
1519.2843  -1457.57    1.0008    0.1667  4.8771e-15  8.1230e-16  4.8735e-15
1519.3209  -1450.36    0.9922    0.1658  4.8343e-15  8.0789e-16  4.8721e-15
1519.3576  -1443.16    1.1614    0.1732  5.6571e-15  8.4359e-16  4.8708e-15
1519.3943  -1435.96    1.0628    0.1724  5.1755e-15  8.3960e-16  4.8695e-15
1519.4310  -1428.75    0.8418    0.1567  4.0979e-15  7.6294e-16  4.8681e-15
1519.4677  -1421.55    0.9667    0.1645  4.7049e-15  8.0061e-16  4.8668e-15
1519.5044  -1414.34    1.1130    0.1753  5.4151e-15  8.5274e-16  4.8655e-15
1519.5411  -1407.14    1.0752    0.1720  5.2302e-15  8.3657e-16  4.8641e-15
1519.5778  -1399.93    1.0820    0.1727  5.2615e-15  8.3977e-16  4.8628e-15
1519.6145  -1392.73    0.8633    0.1587  4.1969e-15  7.7164e-16  4.8615e-15
1519.6512  -1385.52    1.0629    0.1702  5.1659e-15  8.2699e-16  4.8601e-15
1519.6878  -1378.32    1.0315    0.1660  5.0117e-15  8.0660e-16  4.8588e-15
1519.7245  -1371.11    1.0675    0.1642  5.1852e-15  7.9771e-16  4.8575e-15
1519.7612  -1363.91    0.9357    0.1598  4.5437e-15  7.7597e-16  4.8561e-15
1519.7979  -1356.70    0.9264    0.1585  4.4976e-15  7.6945e-16  4.8548e-15
1519.8346  -1349.50    0.8665    0.1531  4.2056e-15  7.4301e-16  4.8535e-15
1519.8713  -1342.30    1.0066    0.1667  4.8840e-15  8.0869e-16  4.8521e-15
1519.9080  -1335.09    0.9842    0.1660  4.7739e-15  8.0504e-16  4.8508e-15
1519.9447  -1327.89    0.9379    0.1627  4.5483e-15  7.8893e-16  4.8494e-15
1519.9814  -1320.68    0.9523    0.1608  4.6171e-15  7.7959e-16  4.8481e-15
1520.0181  -1313.48    1.0300    0.1664  4.9921e-15  8.0656e-16  4.8468e-15
1520.0547  -1306.27    1.0220    0.1682  4.9522e-15  8.1508e-16  4.8454e-15
1520.0914  -1299.07    1.3177    0.1889  6.3830e-15  9.1519e-16  4.8441e-15
1520.1281  -1291.86    0.9433    0.1605  4.5681e-15  7.7715e-16  4.8427e-15
1520.1648  -1284.66    1.1253    0.1736  5.4479e-15  8.4025e-16  4.8414e-15
1520.2015  -1277.45    1.1445    0.1761  5.5393e-15  8.5225e-16  4.8401e-15
1520.2382  -1270.25    1.0406    0.1707  5.0354e-15  8.2612e-16  4.8387e-15
1520.2749  -1263.04    1.3120    0.1921  6.3466e-15  9.2947e-16  4.8374e-15
1520.3116  -1255.84    0.8132    0.1474  3.9328e-15  7.1293e-16  4.8360e-15
1520.3483  -1248.63    0.9059    0.1609  4.3797e-15  7.7782e-16  4.8347e-15
1520.3850  -1241.43    0.8250    0.1558  3.9873e-15  7.5293e-16  4.8334e-15
1520.4216  -1234.23    0.8251    0.1188  3.9867e-15  5.7410e-16  4.8320e-15
1520.4583  -1227.02    1.0638    0.1307  5.1389e-15  6.3139e-16  4.8307e-15
1520.4950  -1219.82    0.9546    0.1240  4.6101e-15  5.9878e-16  4.8293e-15
1520.5317  -1212.61    0.9623    0.1245  4.6458e-15  6.0108e-16  4.8280e-15
1520.5684  -1205.41    1.1104    0.1335  5.3595e-15  6.4457e-16  4.8267e-15
1520.6051  -1198.20    1.1414    0.1426  5.5076e-15  6.8790e-16  4.8253e-15
1520.6418  -1191.00    0.9044    0.1597  4.3627e-15  7.7020e-16  4.8240e-15
1520.6785  -1183.79    0.9005    0.1588  4.3426e-15  7.6602e-16  4.8226e-15
1520.7152  -1176.59    0.9095    0.1642  4.3851e-15  7.9177e-16  4.8213e-15
1520.7519  -1169.38    0.8636    0.1533  4.1625e-15  7.3892e-16  4.8200e-15
1520.7885  -1162.18    1.0173    0.1755  4.9018e-15  8.4546e-16  4.8186e-15
1520.8252  -1154.97    0.9373    0.1634  4.5151e-15  7.8708e-16  4.8173e-15
1520.8619  -1147.77    0.9456    0.1628  4.5541e-15  7.8420e-16  4.8159e-15
1520.8986  -1140.57    1.0211    0.1446  4.9164e-15  6.9628e-16  4.8146e-15
1520.9353  -1133.36    0.9681    0.1253  4.6596e-15  6.0321e-16  4.8133e-15
1520.9720  -1126.16    1.0730    0.1318  5.1634e-15  6.3431e-16  4.8119e-15
1521.0087  -1118.95    1.0704    0.1316  5.1492e-15  6.3326e-16  4.8106e-15
1521.0454  -1111.75    0.9341    0.1232  4.4922e-15  5.9258e-16  4.8093e-15
1521.0821  -1104.54    1.0370    0.1297  4.9856e-15  6.2360e-16  4.8079e-15
1521.1188  -1097.34    0.9243    0.1227  4.4429e-15  5.8959e-16  4.8066e-15
1521.1554  -1090.13    0.9860    0.1266  4.7382e-15  6.0837e-16  4.8052e-15
1521.1921  -1082.93    0.7703    0.1123  3.7006e-15  5.3969e-16  4.8039e-15
1521.2288  -1075.72    0.6275    0.1018  3.0138e-15  4.8909e-16  4.8026e-15
1521.2655  -1068.52    1.0020    0.1277  4.8109e-15  6.1312e-16  4.8012e-15
1521.3022  -1061.31    0.9967    0.1274  4.7838e-15  6.1144e-16  4.7999e-15
1521.3389  -1054.11    1.0827    0.1327  5.1955e-15  6.3658e-16  4.7986e-15
1521.3756  -1046.90    0.8535    0.1182  4.0945e-15  5.6686e-16  4.7972e-15
1521.4123  -1039.70    1.0871    0.1330  5.2138e-15  6.3762e-16  4.7959e-15
1521.4490  -1032.50    1.0003    0.1277  4.7958e-15  6.1225e-16  4.7946e-15
1521.4857  -1025.29    1.0107    0.1284  4.8443e-15  6.1526e-16  4.7932e-15
1521.5223  -1018.09    1.0500    0.1309  5.0315e-15  6.2713e-16  4.7919e-15
1521.5590  -1010.88    1.1025    0.1341  5.2815e-15  6.4221e-16  4.7906e-15
1521.5957  -1003.68    1.1298    0.1357  5.4111e-15  6.5001e-16  4.7892e-15
1521.6324   -996.47    0.9893    0.1272  4.7368e-15  6.0917e-16  4.7879e-15
1521.6691   -989.27    1.0377    0.1303  4.9668e-15  6.2352e-16  4.7866e-15
1521.7058   -982.06    1.1379    0.1363  5.4452e-15  6.5201e-16  4.7852e-15
1521.7425   -974.86    1.0477    0.1309  5.0123e-15  6.2630e-16  4.7839e-15
1521.7792   -967.65    1.1533    0.1372  5.5159e-15  6.5627e-16  4.7826e-15
1521.8159   -960.45    1.0780    0.1328  5.1541e-15  6.3492e-16  4.7812e-15
1521.8526   -953.24    1.1072    0.1346  5.2924e-15  6.4343e-16  4.7799e-15
1521.8892   -946.04    1.3032    0.1458  6.2277e-15  6.9656e-16  4.7786e-15
1521.9259   -938.83    1.1516    0.1372  5.5014e-15  6.5542e-16  4.7773e-15
1521.9626   -931.63    0.9893    0.1575  4.7247e-15  7.5200e-16  4.7759e-15
1521.9993   -924.43    1.0000    0.1748  4.7744e-15  8.3447e-16  4.7746e-15
1522.0360   -917.22    1.0497    0.1725  5.0105e-15  8.2337e-16  4.7733e-15
1522.0727   -910.02    1.0922    0.1805  5.2122e-15  8.6151e-16  4.7720e-15
1522.1094   -902.81    0.9667    0.1672  4.6118e-15  7.9788e-16  4.7707e-15
1522.1461   -895.61    0.9675    0.1750  4.6144e-15  8.3486e-16  4.7693e-15
1522.1828   -888.40    0.7660    0.1555  3.6521e-15  7.4129e-16  4.7680e-15
1522.2195   -881.20    1.1253    0.1820  5.3637e-15  8.6743e-16  4.7667e-15
1522.2561   -873.99    1.0547    0.1789  5.0259e-15  8.5254e-16  4.7654e-15
1522.2928   -866.79    0.9812    0.1709  4.6745e-15  8.1404e-16  4.7641e-15
1522.3295   -859.58    1.1462    0.1844  5.4590e-15  8.7826e-16  4.7627e-15
1522.3662   -852.38    0.9583    0.1678  4.5628e-15  7.9891e-16  4.7614e-15
1522.4029   -845.17    0.9784    0.1682  4.6574e-15  8.0062e-16  4.7601e-15
1522.4396   -837.97    0.8813    0.1450  4.1938e-15  6.9016e-16  4.7588e-15
1522.4763   -830.77    0.8585    0.1193  4.0842e-15  5.6759e-16  4.7575e-15
1522.5130   -823.56    1.0107    0.1292  4.8072e-15  6.1446e-16  4.7562e-15
1522.5497   -816.36    1.0472    0.1315  4.9793e-15  6.2520e-16  4.7549e-15
1522.5864   -809.15    0.9700    0.1267  4.6110e-15  6.0235e-16  4.7536e-15
1522.6230   -801.95    1.1210    0.1360  5.3273e-15  6.4614e-16  4.7523e-15
1522.6597   -794.74    1.1884    0.1400  5.6459e-15  6.6495e-16  4.7509e-15
1522.6964   -787.54    0.9172    0.1234  4.3566e-15  5.8623e-16  4.7496e-15
1522.7331   -780.33    0.9126    0.1231  4.3335e-15  5.8453e-16  4.7483e-15
1522.7698   -773.13    1.0900    0.1342  5.1741e-15  6.3698e-16  4.7470e-15
1522.8065   -765.92    0.9268    0.1240  4.3981e-15  5.8834e-16  4.7457e-15
1522.8432   -758.72    0.8807    0.1210  4.1784e-15  5.7390e-16  4.7444e-15
1522.8799   -751.51    0.8888    0.1216  4.2159e-15  5.7670e-16  4.7431e-15
1522.9166   -744.31    0.8778    0.1209  4.1624e-15  5.7343e-16  4.7418e-15
1522.9533   -737.10    0.9872    0.1280  4.6801e-15  6.0697e-16  4.7405e-15
1522.9899   -729.90    0.9753    0.1273  4.6221e-15  6.0348e-16  4.7392e-15
1523.0266   -722.70    1.0264    0.1306  4.8630e-15  6.1867e-16  4.7380e-15
1523.0633   -715.49    1.0167    0.1300  4.8159e-15  6.1586e-16  4.7367e-15
1523.1000   -708.29    1.0451    0.1318  4.9488e-15  6.2418e-16  4.7354e-15
1523.1367   -701.08    0.9487    0.1258  4.4914e-15  5.9555e-16  4.7341e-15
1523.1734   -693.88    0.9247    0.1242  4.3765e-15  5.8798e-16  4.7328e-15
1523.2101   -686.67    0.9209    0.1240  4.3571e-15  5.8667e-16  4.7315e-15
1523.2468   -679.47    1.0177    0.1302  4.8139e-15  6.1586e-16  4.7302e-15
1523.2835   -672.26    1.1048    0.1355  5.2247e-15  6.4090e-16  4.7289e-15
1523.3202   -665.06    0.9748    0.1275  4.6084e-15  6.0296e-16  4.7277e-15
1523.3568   -657.85    0.9086    0.1233  4.2946e-15  5.8258e-16  4.7264e-15
1523.3935   -650.65    1.0427    0.1318  4.9270e-15  6.2278e-16  4.7251e-15
1523.4302   -643.44    1.1130    0.1361  5.2575e-15  6.4276e-16  4.7238e-15
1523.4669   -636.24    1.0293    0.1310  4.8608e-15  6.1885e-16  4.7226e-15
1523.5036   -629.04    0.9964    0.1290  4.7042e-15  6.0892e-16  4.7213e-15
1523.5403   -621.83    1.0502    0.1324  4.9571e-15  6.2482e-16  4.7200e-15
1523.5770   -614.63    1.1190    0.1366  5.2804e-15  6.4458e-16  4.7187e-15
1523.6137   -607.42    0.9828    0.1283  4.6365e-15  6.0506e-16  4.7175e-15
1523.6504   -600.22    0.9638    0.1271  4.5456e-15  5.9943e-16  4.7162e-15
1523.6871   -593.01    0.9828    0.1283  4.6337e-15  6.0475e-16  4.7149e-15
1523.7237   -585.81    0.7959    0.1158  3.7516e-15  5.4575e-16  4.7137e-15
1523.7604   -578.60    0.9816    0.1282  4.6257e-15  6.0415e-16  4.7124e-15
1523.7971   -571.40    0.9875    0.1286  4.6524e-15  6.0576e-16  4.7111e-15
1523.8338   -564.19    1.0445    0.1321  4.9195e-15  6.2236e-16  4.7099e-15
1523.8705   -556.99    1.0354    0.1316  4.8753e-15  6.1959e-16  4.7086e-15
1523.9072   -549.78    0.9481    0.1261  4.4632e-15  5.9347e-16  4.7074e-15
1523.9439   -542.58    1.0321    0.1314  4.8572e-15  6.1847e-16  4.7061e-15
1523.9806   -535.37    0.7719    0.1141  3.6316e-15  5.3694e-16  4.7049e-15
1524.0173   -528.17    1.0784    0.1343  5.0725e-15  6.3186e-16  4.7036e-15
1524.0540   -520.97    1.0178    0.1307  4.7861e-15  6.1441e-16  4.7024e-15
1524.0906   -513.76    0.8969    0.1228  4.2166e-15  5.7746e-16  4.7011e-15
1524.1273   -506.56    1.1178    0.1368  5.2536e-15  6.4275e-16  4.6999e-15
1524.1640   -499.35    0.9167    0.1242  4.3074e-15  5.8341e-16  4.6987e-15
1524.2007   -492.15    0.9229    0.1246  4.3352e-15  5.8524e-16  4.6974e-15
1524.2374   -484.94    0.9331    0.1253  4.3821e-15  5.8840e-16  4.6962e-15
1524.2741   -477.74    0.9126    0.1240  4.2846e-15  5.8202e-16  4.6949e-15
1524.3108   -470.53    1.0917    0.1353  5.1242e-15  6.3518e-16  4.6937e-15
1524.3475   -463.33    1.0305    0.1315  4.8354e-15  6.1718e-16  4.6925e-15
1524.3842   -456.12    0.8275    0.1182  3.8821e-15  5.5445e-16  4.6913e-15
1524.4209   -448.92    0.9666    0.1275  4.5332e-15  5.9815e-16  4.6900e-15
1524.4575   -441.71    0.9714    0.1279  4.5549e-15  5.9969e-16  4.6888e-15
1524.4942   -434.51    1.0558    0.1333  4.9492e-15  6.2468e-16  4.6876e-15
1524.5309   -427.30    1.0878    0.1352  5.0977e-15  6.3371e-16  4.6864e-15
1524.5676   -420.10    1.0118    0.1306  4.7404e-15  6.1173e-16  4.6851e-15
1524.6043   -412.90    0.9346    0.1257  4.3778e-15  5.8858e-16  4.6839e-15
1524.6410   -405.69    0.9756    0.1284  4.5683e-15  6.0104e-16  4.6827e-15
1524.6777   -398.49    1.0175    0.1310  4.7634e-15  6.1323e-16  4.6815e-15
1524.7144   -391.28    1.2485    0.1448  5.8434e-15  6.7783e-16  4.6803e-15
1524.7511   -384.08    1.0392    0.1324  4.8626e-15  6.1951e-16  4.6791e-15
1524.7878   -376.87    0.9393    0.1261  4.3941e-15  5.8975e-16  4.6779e-15
1524.8244   -369.67    1.0437    0.1328  4.8812e-15  6.2091e-16  4.6767e-15
1524.8611   -362.46    1.1566    0.1396  5.4075e-15  6.5285e-16  4.6755e-15
1524.8978   -355.26    1.2929    0.1474  6.0434e-15  6.8921e-16  4.6743e-15
1524.9345   -348.05    1.0705    0.1345  5.0026e-15  6.2846e-16  4.6731e-15
1524.9712   -340.85    1.2094    0.1428  5.6501e-15  6.6725e-16  4.6719e-15
1525.0079   -333.64    1.0540    0.1335  4.9228e-15  6.2366e-16  4.6707e-15
1525.0446   -326.44    0.9589    0.1276  4.4776e-15  5.9561e-16  4.6695e-15
1525.0813   -319.24    0.8983    0.1236  4.1933e-15  5.7683e-16  4.6683e-15
1525.1180   -312.03    1.1276    0.1381  5.2628e-15  6.4469e-16  4.6671e-15
1525.1547   -304.83    1.1651    0.1404  5.4362e-15  6.5515e-16  4.6659e-15
1525.1913   -297.62    0.8336    0.1193  3.8883e-15  5.5638e-16  4.6647e-15
1525.2280   -290.42    0.7951    0.1166  3.7078e-15  5.4382e-16  4.6635e-15
1525.2647   -283.21    0.9777    0.1290  4.5582e-15  6.0138e-16  4.6623e-15
1525.3014   -276.01    0.9035    0.1241  4.2112e-15  5.7862e-16  4.6611e-15
1525.3381   -268.80    0.9523    0.1274  4.4377e-15  5.9363e-16  4.6599e-15
1525.3748   -261.60    0.8486    0.1204  3.9532e-15  5.6109e-16  4.6587e-15
1525.4115   -254.39    0.9697    0.1285  4.5164e-15  5.9847e-16  4.6574e-15
1525.4482   -247.19    1.1134    0.1375  5.1843e-15  6.4026e-16  4.6562e-15
1525.4849   -239.98    0.9405    0.1266  4.3782e-15  5.8950e-16  4.6550e-15
1525.5216   -232.78    0.9634    0.1282  4.4833e-15  5.9652e-16  4.6538e-15
1525.5582   -225.57    0.9278    0.1259  4.3165e-15  5.8585e-16  4.6526e-15
1525.5949   -218.37    0.9020    0.1242  4.1955e-15  5.7785e-16  4.6514e-15
1525.6316   -211.17    0.8982    0.1240  4.1769e-15  5.7666e-16  4.6501e-15
1525.6683   -203.96    0.9060    0.1245  4.2117e-15  5.7892e-16  4.6489e-15
1525.7050   -196.76    0.8434    0.1265  3.9201e-15  5.8793e-16  4.6477e-15
1525.7417   -189.55    0.9782    0.1645  4.5451e-15  7.6416e-16  4.6465e-15
1525.7784   -182.35    1.1226    0.1830  5.2147e-15  8.5012e-16  4.6452e-15
1525.8151   -175.14    0.9845    0.1769  4.5719e-15  8.2147e-16  4.6440e-15
1525.8518   -167.94    0.7715    0.1492  3.5820e-15  6.9274e-16  4.6428e-15
1525.8885   -160.73    1.0041    0.1744  4.6604e-15  8.0949e-16  4.6416e-15
1525.9251   -153.53    0.8238    0.1640  3.8228e-15  7.6109e-16  4.6403e-15
1525.9618   -146.32    1.0005    0.1767  4.6415e-15  8.1968e-16  4.6391e-15
1525.9985   -139.12    1.0589    0.1787  4.9111e-15  8.2871e-16  4.6379e-15
1526.0352   -131.91    0.9430    0.1711  4.3722e-15  7.9344e-16  4.6366e-15
1526.0719   -124.71    1.1605    0.1931  5.3794e-15  8.9504e-16  4.6354e-15
1526.1086   -117.51    1.0967    0.1863  5.0821e-15  8.6322e-16  4.6342e-15
1526.1453   -110.30    0.8492    0.1664  3.9342e-15  7.7069e-16  4.6329e-15
1526.1820   -103.10    1.1759    0.1885  5.4464e-15  8.7287e-16  4.6317e-15
1526.2187    -95.89    0.9829    0.1770  4.5511e-15  8.1982e-16  4.6305e-15
1526.2554    -88.69    0.9735    0.1774  4.5064e-15  8.2106e-16  4.6292e-15
1526.2920    -81.48    0.7594    0.1558  3.5147e-15  7.2082e-16  4.6280e-15
1526.3287    -74.28    0.9406    0.1689  4.3519e-15  7.8146e-16  4.6267e-15
1526.3654    -67.07    0.8758    0.1249  4.0511e-15  5.7780e-16  4.6255e-15
1526.4021    -59.87    0.9888    0.1304  4.5726e-15  6.0281e-16  4.6243e-15
1526.4388    -52.66    0.9156    0.1256  4.2327e-15  5.8046e-16  4.6230e-15
1526.4755    -45.46    0.6744    0.1082  3.1171e-15  5.0013e-16  4.6218e-15
1526.5122    -38.25    0.5357    0.0969  2.4751e-15  4.4772e-16  4.6205e-15
1526.5489    -31.05    0.2392    0.0664  1.1048e-15  3.0661e-16  4.6193e-15
1526.5856    -23.84    0.2570    0.0686  1.1868e-15  3.1679e-16  4.6181e-15
1526.6223    -16.64    0.1722    0.0573  7.9496e-16  2.6463e-16  4.6168e-15
1526.6589     -9.44    0.0872    0.0431  4.0230e-16  1.9872e-16  4.6156e-15
1526.6956     -2.23    0.0848    0.0426  3.9133e-16  1.9635e-16  4.6143e-15
1526.7323      4.97    0.0328    0.0307  1.5151e-16  1.4157e-16  4.6131e-15
1526.7690     12.18    0.0863    0.0430  3.9806e-16  1.9817e-16  4.6118e-15
1526.8057     19.38    0.0488    0.0349  2.2516e-16  1.6111e-16  4.6106e-15
1526.8424     26.59    0.0998    0.0457  4.5999e-16  2.1049e-16  4.6093e-15
1526.8791     33.79    0.1123    0.0479  5.1761e-16  2.2088e-16  4.6081e-15
1526.9158     41.00    0.2274    0.0651  1.0475e-15  3.0011e-16  4.6068e-15
1526.9525     48.20    0.2081    0.0627  9.5844e-16  2.8871e-16  4.6056e-15
1526.9892     55.41    0.1601    0.0559  7.3713e-16  2.5746e-16  4.6043e-15
1527.0258     62.61    0.0999    0.0459  4.5989e-16  2.1149e-16  4.6031e-15
1527.0625     69.82    0.0905    0.0443  4.1643e-16  2.0365e-16  4.6018e-15
1527.0992     77.02    0.1216    0.0499  5.5950e-16  2.2956e-16  4.6006e-15
1527.1359     84.22    0.1099    0.0478  5.0566e-16  2.1995e-16  4.5993e-15
1527.1726     91.43    0.3693    0.0818  1.6981e-15  3.7597e-16  4.5981e-15
1527.2093     98.63    0.3953    0.0844  1.8172e-15  3.8814e-16  4.5968e-15
1527.2460    105.84    0.4852    0.0931  2.2298e-15  4.2767e-16  4.5956e-15
1527.2827    113.04    0.6419    0.1064  2.9489e-15  4.8889e-16  4.5943e-15
1527.3194    120.25    0.8013    0.1185  3.6803e-15  5.4406e-16  4.5931e-15
1527.3561    127.45    0.9511    0.1288  4.3671e-15  5.9128e-16  4.5918e-15
1527.3927    134.66    0.7192    0.1125  3.3016e-15  5.1643e-16  4.5906e-15
1527.4294    141.86    0.8193    0.1198  3.7600e-15  5.4979e-16  4.5893e-15
1527.4661    149.07    0.8657    0.1231  3.9720e-15  5.6461e-16  4.5881e-15
1527.5028    156.27    0.8501    0.1220  3.8993e-15  5.5951e-16  4.5868e-15
1527.5395    163.48    0.9672    0.1299  4.4350e-15  5.9547e-16  4.5856e-15
1527.5762    170.68    0.8912    0.1248  4.0855e-15  5.7228e-16  4.5843e-15
1527.6129    177.89    0.8667    0.1232  3.9720e-15  5.6482e-16  4.5831e-15
1527.6496    185.09    1.0007    0.1322  4.5848e-15  6.0573e-16  4.5818e-15
1527.6863    192.29    1.1319    0.1404  5.1849e-15  6.4311e-16  4.5805e-15
1527.7230    199.50    1.1005    0.1385  5.0397e-15  6.3432e-16  4.5793e-15
1527.7596    206.70    0.9207    0.1269  4.2149e-15  5.8115e-16  4.5780e-15
1527.7963    213.91    0.9011    0.1257  4.1241e-15  5.7521e-16  4.5768e-15
1527.8330    221.11    1.0007    0.1323  4.5788e-15  6.0530e-16  4.5755e-15
1527.8697    228.32    0.9105    0.1264  4.1647e-15  5.7800e-16  4.5743e-15
1527.9064    235.52    0.7255    0.1132  3.3179e-15  5.1772e-16  4.5730e-15
1527.9431    242.73    0.8602    0.1230  3.9327e-15  5.6210e-16  4.5718e-15
1527.9798    249.93    0.9901    0.1316  4.5251e-15  6.0168e-16  4.5705e-15
1528.0165    257.14    1.1034    0.1388  5.0416e-15  6.3424e-16  4.5693e-15
1528.0532    264.34    0.8664    0.1234  3.9578e-15  5.6374e-16  4.5680e-15
1528.0899    271.55    0.9311    0.1279  4.2521e-15  5.8392e-16  4.5668e-15
1528.1265    278.75    0.9152    0.1268  4.1782e-15  5.7896e-16  4.5655e-15
1528.1632    285.96    0.8020    0.1576  3.6605e-15  7.1954e-16  4.5643e-15
1528.1999    293.16    1.0310    0.1792  4.7044e-15  8.1785e-16  4.5630e-15
1528.2366    300.36    1.0675    0.1846  4.8696e-15  8.4195e-16  4.5618e-15
1528.2733    307.57    1.0023    0.1841  4.5709e-15  8.3971e-16  4.5605e-15
1528.3100    314.77    0.8988    0.1709  4.0979e-15  7.7919e-16  4.5593e-15
1528.3467    321.98    1.1340    0.1860  5.1689e-15  8.4772e-16  4.5580e-15
1528.3834    329.18    0.9507    0.1688  4.3320e-15  7.6917e-16  4.5568e-15
1528.4201    336.39    1.3286    0.1962  6.0523e-15  8.9368e-16  4.5555e-15
1528.4568    343.59    0.9544    0.1789  4.3464e-15  8.1486e-16  4.5543e-15
1528.4934    350.80    0.8460    0.1582  3.8521e-15  7.2050e-16  4.5530e-15
1528.5301    358.00    0.9820    0.1752  4.4699e-15  7.9765e-16  4.5518e-15
1528.5668    365.21    1.1055    0.1901  5.0307e-15  8.6518e-16  4.5506e-15
1528.6035    372.41    0.9201    0.1694  4.1857e-15  7.7069e-16  4.5493e-15
1528.6402    379.62    0.7960    0.1559  3.6201e-15  7.0883e-16  4.5481e-15
1528.6769    386.82    0.8857    0.1637  4.0271e-15  7.4428e-16  4.5468e-15
1528.7136    394.02    0.9581    0.1723  4.3550e-15  7.8334e-16  4.5456e-15
1528.7503    401.23    1.0679    0.1809  4.8529e-15  8.2227e-16  4.5443e-15
1528.7870    408.43    0.9898    0.1746  4.4969e-15  7.9324e-16  4.5431e-15
1528.8237    415.64    0.8276    0.1616  3.7589e-15  7.3415e-16  4.5419e-15
1528.8603    422.84    1.0054    0.1674  4.5651e-15  7.6021e-16  4.5406e-15
1528.8970    430.05    0.8712    0.1246  3.9549e-15  5.6549e-16  4.5394e-15
1528.9337    437.25    0.8946    0.1262  4.0599e-15  5.7270e-16  4.5381e-15
1528.9704    444.46    0.8999    0.1266  4.0828e-15  5.7422e-16  4.5369e-15
1529.0071    451.66    1.1166    0.1406  5.0646e-15  6.3787e-16  4.5357e-15
1529.0438    458.87    0.9823    0.1321  4.4541e-15  5.9921e-16  4.5344e-15
1529.0805    466.07    1.0220    0.1348  4.6329e-15  6.1100e-16  4.5332e-15
1529.1172    473.28    0.9889    0.1327  4.4816e-15  6.0121e-16  4.5320e-15
1529.1539    480.48    0.9507    0.1302  4.3074e-15  5.8987e-16  4.5307e-15
1529.1906    487.69    0.8937    0.1264  4.0481e-15  5.7272e-16  4.5295e-15
1529.2272    494.89    0.7336    0.1150  3.3219e-15  5.2076e-16  4.5283e-15
1529.2639    502.09    0.9689    0.1316  4.3863e-15  5.9561e-16  4.5270e-15
1529.3006    509.30    1.1558    0.1434  5.2308e-15  6.4879e-16  4.5258e-15
1529.3373    516.50    1.1722    0.1443  5.3038e-15  6.5311e-16  4.5246e-15
1529.3740    523.71    0.7414    0.1156  3.3534e-15  5.2293e-16  4.5234e-15
1529.4107    530.91    0.8651    0.1246  3.9123e-15  5.6339e-16  4.5221e-15
1529.4474    538.12    0.9407    0.1298  4.2528e-15  5.8680e-16  4.5209e-15
1529.4841    545.32    1.0081    0.1343  4.5565e-15  6.0712e-16  4.5197e-15
1529.5208    552.53    0.9854    0.1329  4.4523e-15  6.0036e-16  4.5185e-15
1529.5575    559.73    1.1059    0.1405  4.9958e-15  6.3482e-16  4.5172e-15
1529.5941    566.94    0.9399    0.1299  4.2446e-15  5.8642e-16  4.5160e-15
1529.6308    574.14    0.8184    0.1214  3.6949e-15  5.4827e-16  4.5148e-15
1529.6675    581.35    0.8244    0.1219  3.7209e-15  5.5019e-16  4.5136e-15
1529.7042    588.55    0.8203    0.1216  3.7013e-15  5.4864e-16  4.5124e-15
1529.7409    595.75    0.9226    0.1287  4.1618e-15  5.8051e-16  4.5111e-15
1529.7776    602.96    1.0017    0.1339  4.5175e-15  6.0410e-16  4.5099e-15
1529.8143    610.16    1.0331    0.1360  4.6578e-15  6.1322e-16  4.5087e-15
1529.8510    617.37    1.0329    0.1360  4.6560e-15  6.1322e-16  4.5075e-15
1529.8877    624.57    0.9815    0.1327  4.4231e-15  5.9817e-16  4.5063e-15
1529.9244    631.78    0.8726    0.1254  3.9314e-15  5.6508e-16  4.5051e-15
1529.9610    638.98    0.8988    0.1273  4.0483e-15  5.7338e-16  4.5039e-15
1529.9977    646.19    1.0326    0.1362  4.6495e-15  6.1318e-16  4.5027e-15
1530.0344    653.39    0.8844    0.1263  3.9812e-15  5.6854e-16  4.5015e-15
1530.0711    660.60    0.9127    0.1283  4.1073e-15  5.7724e-16  4.5003e-15
1530.1078    667.80    0.8884    0.1266  3.9971e-15  5.6974e-16  4.4991e-15
1530.1445    675.01    1.0110    0.1349  4.5474e-15  6.0682e-16  4.4979e-15
1530.1812    682.21    1.0535    0.1377  4.7372e-15  6.1913e-16  4.4967e-15
1530.2179    689.42    0.9117    0.1284  4.0986e-15  5.7717e-16  4.4955e-15
1530.2546    696.62    1.1179    0.1418  5.0241e-15  6.3730e-16  4.4943e-15
1530.2913    703.82    1.1036    0.1409  4.9584e-15  6.3320e-16  4.4931e-15
1530.3279    711.03    0.9319    0.1298  4.1860e-15  5.8293e-16  4.4919e-15
1530.3646    718.23    0.9850    0.1334  4.4232e-15  5.9896e-16  4.4907e-15
1530.4013    725.44    0.7719    0.1186  3.4654e-15  5.3238e-16  4.4895e-15
1530.4380    732.64    0.8807    0.1264  3.9529e-15  5.6740e-16  4.4883e-15
1530.4747    739.85    0.9691    0.1325  4.3486e-15  5.9441e-16  4.4871e-15
1530.5114    747.05    0.9021    0.1279  4.0469e-15  5.7387e-16  4.4860e-15
1530.5481    754.26    1.1077    0.1414  4.9677e-15  6.3415e-16  4.4848e-15
1530.5848    761.46    0.8416    0.1238  3.7734e-15  5.5515e-16  4.4836e-15
1530.6215    768.67    1.1224    0.1424  5.0312e-15  6.3815e-16  4.4824e-15
1530.6582    775.87    1.2057    0.1475  5.4028e-15  6.6093e-16  4.4812e-15
1530.6948    783.08    0.9295    0.1300  4.1642e-15  5.8245e-16  4.4801e-15
1530.7315    790.28    0.8829    0.1269  3.9544e-15  5.6815e-16  4.4789e-15
1530.7682    797.49    1.0077    0.1352  4.5123e-15  6.0559e-16  4.4777e-15
1530.8049    804.69    0.9308    0.1302  4.1666e-15  5.8283e-16  4.4766e-15
1530.8416    811.89    1.1156    0.1422  4.9929e-15  6.3634e-16  4.4754e-15
1530.8783    819.10    0.7376    0.1164  3.3001e-15  5.2066e-16  4.4742e-15
1530.9150    826.30    1.1215    0.1426  5.0168e-15  6.3781e-16  4.4731e-15
1530.9517    833.51    0.9588    0.1322  4.2878e-15  5.9112e-16  4.4719e-15
1530.9884    840.71    1.1394    0.1438  5.0938e-15  6.4295e-16  4.4707e-15
1531.0251    847.92    0.9227    0.1298  4.1240e-15  5.8029e-16  4.4696e-15
1531.0617    855.12    0.9295    0.1303  4.1536e-15  5.8234e-16  4.4684e-15
1531.0984    862.33    1.1149    0.1424  4.9808e-15  6.3605e-16  4.4673e-15
1531.1351    869.53    1.0534    0.1385  4.7048e-15  6.1845e-16  4.4661e-15
1531.1718    876.74    1.0253    0.1367  4.5780e-15  6.1028e-16  4.4650e-15
1531.2085    883.94    0.8341    0.1236  3.7235e-15  5.5193e-16  4.4638e-15
1531.2452    891.15    0.8252    0.1230  3.6826e-15  5.4893e-16  4.4627e-15
1531.2819    898.35    0.9147    0.1293  4.0810e-15  5.7706e-16  4.4616e-15
1531.3186    905.55    1.0812    0.1404  4.8224e-15  6.2617e-16  4.4604e-15
1531.3553    912.76    0.9419    0.1313  4.2001e-15  5.8531e-16  4.4593e-15
1531.3920    919.96    0.9062    0.1288  4.0398e-15  5.7439e-16  4.4581e-15
1531.4286    927.17    1.3190    0.1547  5.8787e-15  6.8960e-16  4.4570e-15
1531.4653    934.37    1.0917    0.1411  4.8646e-15  6.2873e-16  4.4559e-15
1531.5020    941.58    1.2096    0.1484  5.3886e-15  6.6095e-16  4.4548e-15
1531.5387    948.78    0.9841    0.1342  4.3829e-15  5.9759e-16  4.4536e-15
1531.5754    955.99    0.9323    0.1307  4.1510e-15  5.8187e-16  4.4525e-15
1531.6121    963.19    1.0013    0.1353  4.4573e-15  6.0228e-16  4.4514e-15
1531.6488    970.40    0.8177    0.1226  3.6392e-15  5.4572e-16  4.4503e-15
1531.6855    977.60    1.1068    0.1421  4.9243e-15  6.3228e-16  4.4492e-15
1531.7222    984.81    1.2151    0.1488  5.4049e-15  6.6181e-16  4.4480e-15
1531.7589    992.01    1.2345    0.1500  5.4899e-15  6.6688e-16  4.4469e-15
1531.7955    999.22    1.3504    0.1567  6.0034e-15  6.9668e-16  4.4458e-15
1531.8322   1006.42    0.8729    0.1267  3.8799e-15  5.6319e-16  4.4447e-15
1531.8689   1013.62    0.8536    0.1254  3.7930e-15  5.5711e-16  4.4436e-15
1531.9056   1020.83    1.1708    0.1462  5.2014e-15  6.4959e-16  4.4425e-15
1531.9423   1028.03    0.8912    0.1280  3.9581e-15  5.6845e-16  4.4414e-15
1531.9790   1035.24    0.9556    0.1324  4.2434e-15  5.8803e-16  4.4403e-15
1532.0157   1042.44    0.9724    0.1336  4.3165e-15  5.9292e-16  4.4392e-15
1532.0524   1049.65    0.9346    0.1311  4.1481e-15  5.8173e-16  4.4381e-15
1532.0891   1056.85    1.1720    0.1464  5.2001e-15  6.4965e-16  4.4370e-15
1532.1258   1064.06    1.0108    0.1362  4.4840e-15  6.0430e-16  4.4360e-15
1532.1624   1071.26    1.0422    0.1383  4.6222e-15  6.1337e-16  4.4349e-15
1532.1991   1078.47    0.8245    0.1234  3.6556e-15  5.4728e-16  4.4338e-15
1532.2358   1085.67    0.8977    0.1287  3.9794e-15  5.7049e-16  4.4327e-15
1532.2725   1092.88    0.8983    0.1288  3.9810e-15  5.7059e-16  4.4317e-15
1532.3092   1100.08    0.9706    0.1337  4.3005e-15  5.9234e-16  4.4306e-15
1532.3459   1107.28    1.1718    0.1466  5.1905e-15  6.4951e-16  4.4295e-15
1532.3826   1114.49    1.0383    0.1382  4.5982e-15  6.1216e-16  4.4284e-15
1532.4193   1121.69    1.0775    0.1408  4.7705e-15  6.2353e-16  4.4274e-15
1532.4560   1128.90    0.8651    0.1266  3.8293e-15  5.6040e-16  4.4263e-15
1532.4927   1136.10    0.8836    0.1279  3.9100e-15  5.6610e-16  4.4253e-15
1532.5293   1143.31    0.8521    0.1257  3.7699e-15  5.5590e-16  4.4242e-15
1532.5660   1150.51    0.9887    0.1351  4.3730e-15  5.9759e-16  4.4232e-15
1532.6027   1157.72    0.9355    0.1316  4.1370e-15  5.8182e-16  4.4221e-15
1532.6394   1164.92    0.9383    0.1318  4.1483e-15  5.8252e-16  4.4211e-15
1532.6761   1172.13    0.6934    0.1138  3.0649e-15  5.0316e-16  4.4200e-15
1532.7128   1179.33    0.9525    0.1328  4.2092e-15  5.8678e-16  4.4190e-15
1532.7495   1186.54    1.0812    0.1413  4.7765e-15  6.2442e-16  4.4180e-15
1532.7862   1193.74    1.0186    0.1373  4.4991e-15  6.0662e-16  4.4169e-15
1532.8229   1200.95    1.0117    0.1369  4.4677e-15  6.0455e-16  4.4159e-15
1532.8596   1208.15    0.9041    0.1297  3.9913e-15  5.7251e-16  4.4149e-15
1532.8962   1215.35    1.0176    0.1373  4.4917e-15  6.0613e-16  4.4139e-15
1532.9329   1222.56    0.8297    0.1244  3.6614e-15  5.4897e-16  4.4128e-15
1532.9696   1229.76    0.9074    0.1299  4.0033e-15  5.7320e-16  4.4118e-15
1533.0063   1236.97    0.8827    0.1282  3.8934e-15  5.6559e-16  4.4108e-15
1533.0430   1244.17    0.9071    0.1299  4.0001e-15  5.7273e-16  4.4098e-15
1533.0797   1251.38    0.8387    0.1251  3.6977e-15  5.5156e-16  4.4088e-15
1533.1164   1258.58    0.9164    0.1306  4.0392e-15  5.7563e-16  4.4078e-15
1533.1531   1265.79    1.1358    0.1450  5.0052e-15  6.3909e-16  4.4068e-15
1533.1898   1272.99    1.1984    0.1489  5.2800e-15  6.5614e-16  4.4058e-15
1533.2265   1280.20    1.0280    0.1382  4.5281e-15  6.0869e-16  4.4048e-15
1533.2631   1287.40    1.0074    0.1369  4.4366e-15  6.0267e-16  4.4038e-15
1533.2998   1294.61    0.9653    0.1341  4.2499e-15  5.9030e-16  4.4028e-15
1533.3365   1301.81    1.1006    0.1429  4.8446e-15  6.2918e-16  4.4018e-15
1533.3732   1309.02    1.1439    0.1456  5.0340e-15  6.4093e-16  4.4009e-15
1533.4099   1316.22    0.9471    0.1329  4.1673e-15  5.8465e-16  4.3999e-15
1533.4466   1323.42    0.9219    0.1311  4.0554e-15  5.7673e-16  4.3989e-15
1533.4833   1330.63    0.9706    0.1345  4.2689e-15  5.9151e-16  4.3979e-15
1533.5200   1337.83    0.8755    0.1279  3.8494e-15  5.6243e-16  4.3970e-15
1533.5567   1345.04    0.9332    0.1320  4.1025e-15  5.8018e-16  4.3960e-15
1533.5934   1352.24    0.8661    0.1273  3.8067e-15  5.5969e-16  4.3951e-15
1533.6300   1359.45    1.0445    0.1395  4.5895e-15  6.1311e-16  4.3941e-15
1533.6667   1366.65    1.2371    0.1516  5.4350e-15  6.6586e-16  4.3932e-15
1533.7034   1373.86    0.9980    0.1365  4.3833e-15  5.9966e-16  4.3922e-15
1533.7401   1381.06    1.0807    0.1420  4.7457e-15  6.2347e-16  4.3913e-15
1533.7768   1388.27    1.0781    0.1418  4.7331e-15  6.2263e-16  4.3903e-15
1533.8135   1395.47    1.0413    0.1395  4.5708e-15  6.1238e-16  4.3894e-15
1533.8502   1402.68    0.8304    0.1250  3.6441e-15  5.4860e-16  4.3885e-15
1533.8869   1409.88    1.0007    0.1369  4.3904e-15  6.0064e-16  4.3875e-15
1533.9236   1417.08    0.9507    0.1336  4.1703e-15  5.8597e-16  4.3866e-15
1533.9603   1424.29    1.0371    0.1393  4.5483e-15  6.1093e-16  4.3857e-15
1533.9969   1431.49    0.9381    0.1327  4.1135e-15  5.8172e-16  4.3848e-15
1534.0336   1438.70    0.9184    0.1313  4.0261e-15  5.7572e-16  4.3839e-15
1534.0703   1445.90    1.0900    0.1428  4.7776e-15  6.2598e-16  4.3830e-15
1534.1070   1453.11    1.1678    0.1477  5.1176e-15  6.4743e-16  4.3820e-15
1534.1437   1460.31    1.3024    0.1559  5.7059e-15  6.8297e-16  4.3811e-15
1534.1804   1467.52    0.9665    0.1348  4.2335e-15  5.9048e-16  4.3803e-15
1534.2171   1474.72    0.9412    0.1331  4.1219e-15  5.8298e-16  4.3794e-15
1534.2538   1481.93    0.8251    0.1249  3.6127e-15  5.4702e-16  4.3785e-15
1534.2905   1489.13    0.9266    0.1322  4.0564e-15  5.7867e-16  4.3776e-15
1534.3272   1496.34    1.1778    0.1486  5.1550e-15  6.5047e-16  4.3767e-15
1534.3638   1503.54    1.0345    0.1396  4.5269e-15  6.1074e-16  4.3758e-15
1534.4005   1510.75    0.9024    0.1306  3.9482e-15  5.7138e-16  4.3750e-15
1534.4372   1517.95    1.0595    0.1412  4.6345e-15  6.1772e-16  4.3741e-15
1534.4739   1525.15    0.8190    0.1247  3.5816e-15  5.4514e-16  4.3732e-15
1534.5106   1532.36    1.0312    0.1395  4.5087e-15  6.0975e-16  4.3724e-15
1534.5473   1539.56    1.0804    0.1427  4.7231e-15  6.2377e-16  4.3716e-15
1534.5840   1546.77    1.1745    0.1486  5.1332e-15  6.4961e-16  4.3707e-15
1534.6207   1553.97    0.8948    0.1302  3.9103e-15  5.6915e-16  4.3699e-15
1534.6574   1561.18    0.9456    0.1338  4.1313e-15  5.8472e-16  4.3691e-15
1534.6941   1568.38    1.0127    0.1384  4.4236e-15  6.0439e-16  4.3683e-15
1534.7307   1575.59    0.8710    0.1286  3.8043e-15  5.6186e-16  4.3675e-15
1534.7674   1582.79    1.0298    0.1395  4.4970e-15  6.0933e-16  4.3668e-15
1534.8041   1590.00    1.0578    0.1414  4.6182e-15  6.1734e-16  4.3660e-15
1534.8408   1597.20    1.0281    0.1395  4.4881e-15  6.0883e-16  4.3652e-15
1534.8775   1604.41    1.0046    0.1380  4.3847e-15  6.0209e-16  4.3645e-15
1534.9142   1611.61    1.0145    0.1386  4.4269e-15  6.0477e-16  4.3637e-15
1534.9509   1618.81    1.0499    0.1410  4.5807e-15  6.1498e-16  4.3630e-15
1534.9876   1626.02    0.9534    0.1345  4.1591e-15  5.8666e-16  4.3623e-15
1535.0243   1633.22    1.0264    0.1394  4.4767e-15  6.0807e-16  4.3616e-15
1535.0610   1640.43    1.0241    0.1393  4.4658e-15  6.0745e-16  4.3608e-15
1535.0976   1647.63    0.9301    0.1329  4.0554e-15  5.7958e-16  4.3601e-15
1535.1343   1654.84    1.0138    0.1386  4.4195e-15  6.0432e-16  4.3595e-15
1535.1710   1662.04    0.8307    0.1259  3.6208e-15  5.4871e-16  4.3588e-15
1535.2077   1669.25    0.9229    0.1325  4.0223e-15  5.7751e-16  4.3581e-15
1535.2444   1676.45    0.8622    0.1283  3.7571e-15  5.5894e-16  4.3574e-15
1535.2811   1683.66    0.8579    0.1279  3.7376e-15  5.5744e-16  4.3568e-15
1535.3178   1690.86    1.1533    0.1478  5.0238e-15  6.4398e-16  4.3561e-15
1535.3545   1698.07    0.9270    0.1329  4.0373e-15  5.7876e-16  4.3555e-15
1535.3912   1705.27    0.9110    0.1318  3.9672e-15  5.7390e-16  4.3548e-15
1535.4279   1712.48    0.8316    0.1262  3.6209e-15  5.4936e-16  4.3542e-15
1535.4645   1719.68    0.8211    0.1254  3.5746e-15  5.4589e-16  4.3536e-15
1535.5012   1726.88    1.1454    0.1474  4.9857e-15  6.4168e-16  4.3530e-15
1535.5379   1734.09    1.0728    0.1428  4.6693e-15  6.2167e-16  4.3524e-15
1535.5746   1741.29    1.0171    0.1392  4.4263e-15  6.0567e-16  4.3518e-15
1535.6113   1748.50    1.1392    0.1471  4.9568e-15  6.4025e-16  4.3512e-15
1535.6480   1755.70    1.0038    0.1383  4.3672e-15  6.0189e-16  4.3507e-15
1535.6847   1762.91    0.9747    0.1364  4.2400e-15  5.9350e-16  4.3501e-15
1535.7214   1770.11    0.9655    0.1359  4.1995e-15  5.9096e-16  4.3495e-15
1535.7581   1777.32    1.1011    0.1448  4.7887e-15  6.2971e-16  4.3490e-15
1535.7948   1784.52    0.8549    0.1281  3.7175e-15  5.5682e-16  4.3484e-15
1535.8314   1791.73    0.8809    0.1299  3.8301e-15  5.6499e-16  4.3479e-15
1535.8681   1798.93    1.1234    0.1463  4.8839e-15  6.3603e-16  4.3474e-15
1535.9048   1806.14    0.8520    0.1279  3.7035e-15  5.5599e-16  4.3469e-15
1535.9415   1813.34    1.0333    0.1405  4.4909e-15  6.1047e-16  4.3463e-15
1535.9782   1820.54    1.2174    0.1522  5.2905e-15  6.6154e-16  4.3458e-15
1536.0149   1827.75    1.0871    0.1497  4.7237e-15  6.5071e-16  4.3454e-15
1536.0516   1834.95    1.0521    0.1761  4.5712e-15  7.6516e-16  4.3449e-15
1536.0883   1842.16    0.9767    0.1797  4.2431e-15  7.8073e-16  4.3444e-15
1536.1250   1849.36    0.9482    0.1727  4.1191e-15  7.5040e-16  4.3439e-15
1536.1617   1856.57    1.0744    0.1946  4.6668e-15  8.4536e-16  4.3435e-15
1536.1983   1863.77    1.1608    0.2016  5.0413e-15  8.7555e-16  4.3430e-15
1536.2350   1870.98    1.0741    0.1929  4.6642e-15  8.3763e-16  4.3426e-15
1536.2717   1878.18    1.2543    0.2048  5.4462e-15  8.8934e-16  4.3421e-15
1536.3084   1885.39    0.8003    0.1708  3.4748e-15  7.4145e-16  4.3417e-15
1536.3451   1892.59    1.4020    0.2173  6.0865e-15  9.4353e-16  4.3413e-15
1536.3818   1899.80    0.9914    0.1796  4.3037e-15  7.7948e-16  4.3408e-15
1536.4185   1907.00    0.9502    0.1809  4.1242e-15  7.8534e-16  4.3404e-15
1536.4552   1914.21    0.8526    0.1792  3.7003e-15  7.7788e-16  4.3400e-15
1536.4919   1921.41    0.8008    0.1712  3.4753e-15  7.4286e-16  4.3396e-15
1536.5286   1928.61    1.0758    0.1965  4.6683e-15  8.5260e-16  4.3393e-15
1536.5652   1935.82    0.8248    0.1683  3.5787e-15  7.3021e-16  4.3389e-15
1536.6019   1943.02    0.9117    0.1738  3.9552e-15  7.5412e-16  4.3385e-15
1536.6386   1950.23    1.0000    0.1836  4.3380e-15  7.9628e-16  4.3381e-15
1536.6753   1957.43    1.1245    0.1808  4.8779e-15  7.8419e-16  4.3378e-15
1536.7120   1964.64    0.9217    0.1370  3.9977e-15  5.9430e-16  4.3374e-15
1536.7487   1971.84    0.9935    0.1382  4.3087e-15  5.9943e-16  4.3371e-15
1536.7854   1979.05    1.0278    0.1405  4.4574e-15  6.0953e-16  4.3368e-15
1536.8221   1986.25    1.1097    0.1459  4.8123e-15  6.3275e-16  4.3364e-15
1536.8588   1993.46    1.1470    0.1483  4.9737e-15  6.4318e-16  4.3361e-15
1536.8955   2000.66    1.0340    0.1410  4.4834e-15  6.1131e-16  4.3358e-15
1536.9321   2007.87    1.0103    0.1394  4.3800e-15  6.0424e-16  4.3355e-15
1536.9688   2015.07    1.0968    0.1451  4.7547e-15  6.2899e-16  4.3352e-15
1537.0055   2022.28    0.8854    0.1308  3.8382e-15  5.6710e-16  4.3349e-15
1537.0422   2029.48    0.9457    0.1351  4.0993e-15  5.8579e-16  4.3346e-15
1537.0789   2036.68    0.9266    0.1339  4.0164e-15  5.8018e-16  4.3344e-15
1537.1156   2043.89    1.0007    0.1390  4.3371e-15  6.0228e-16  4.3341e-15
1537.1523   2051.09    1.1181    0.1467  4.8457e-15  6.3591e-16  4.3338e-15
1537.1890   2058.30    1.0141    0.1400  4.3949e-15  6.0677e-16  4.3336e-15
1537.2257   2065.50    1.0965    0.1454  4.7516e-15  6.3020e-16  4.3333e-15
1537.2624   2072.71    0.9385    0.1349  4.0665e-15  5.8432e-16  4.3331e-15
1537.2990   2079.91    1.0549    0.1428  4.5709e-15  6.1863e-16  4.3329e-15
1537.3357   2087.12    0.7964    0.1247  3.4504e-15  5.4009e-16  4.3326e-15
1537.3724   2094.32    0.9417    0.1352  4.0799e-15  5.8559e-16  4.3324e-15
1537.4091   2101.53    1.0118    0.1399  4.3834e-15  6.0625e-16  4.3322e-15
1537.4458   2108.73    0.8829    0.1311  3.8248e-15  5.6775e-16  4.3320e-15
1537.4825   2115.94    0.9156    0.1333  3.9660e-15  5.7759e-16  4.3318e-15
1537.5192   2123.14    0.6821    0.1157  2.9545e-15  5.0136e-16  4.3316e-15
1537.5559   2130.34    0.9960    0.1389  4.3143e-15  6.0179e-16  4.3314e-15
1537.5926   2137.55    1.0830    0.1447  4.6909e-15  6.2658e-16  4.3312e-15
1537.6293   2144.75    0.9353    0.1347  4.0507e-15  5.8335e-16  4.3311e-15
1537.6659   2151.96    1.1718    0.1503  5.0748e-15  6.5105e-16  4.3309e-15
1537.7026   2159.16    1.0890    0.1450  4.7161e-15  6.2810e-16  4.3307e-15
1537.7393   2166.37    1.0761    0.1442  4.6603e-15  6.2458e-16  4.3306e-15
1537.7760   2173.57    0.8777    0.1307  3.8010e-15  5.6584e-16  4.3304e-15
1537.8127   2180.78    1.0077    0.1397  4.3637e-15  6.0493e-16  4.3303e-15
1537.8494   2187.98    1.2339    0.1542  5.3429e-15  6.6780e-16  4.3302e-15
1537.8861   2195.19    0.9766    0.1377  4.2288e-15  5.9606e-16  4.3300e-15
1537.9228   2202.39    1.0375    0.1418  4.4924e-15  6.1399e-16  4.3299e-15
1537.9595   2209.60    0.7955    0.1247  3.4444e-15  5.4006e-16  4.3298e-15
1537.9962   2216.80    1.0951    0.1456  4.7415e-15  6.3059e-16  4.3297e-15
1538.0328   2224.01    0.9704    0.1374  4.2015e-15  5.9478e-16  4.3296e-15
1538.0695   2231.21    1.0327    0.1415  4.4710e-15  6.1280e-16  4.3295e-15
1538.1062   2238.41    0.8698    0.1303  3.7658e-15  5.6400e-16  4.3294e-15
1538.1429   2245.62    0.9966    0.1392  4.3147e-15  6.0284e-16  4.3293e-15
1538.1796   2252.82    0.7797    0.1237  3.3757e-15  5.3562e-16  4.3293e-15
1538.2163   2260.03    1.0569    0.1433  4.5753e-15  6.2027e-16  4.3292e-15
