# Wave  Vhel  NormFlux  NormErr      Flux        Error       Continuum
1160.0557  -2259.67    0.8220    0.1761  5.8555e-15  1.2547e-15  7.1238e-15
1160.0856  -2252.00    0.8737    0.1813  6.2250e-15  1.2917e-15  7.1247e-15
1160.1156  -2244.33    1.0765    0.2004  7.6711e-15  1.4282e-15  7.1256e-15
1160.1455  -2236.65    1.2717    0.2172  9.0625e-15  1.5478e-15  7.1265e-15
1160.1754  -2228.98    1.2943    0.2190  9.2250e-15  1.5612e-15  7.1274e-15
1160.2053  -2221.31    0.8787    0.1817  6.2640e-15  1.2954e-15  7.1283e-15
1160.2352  -2213.64    1.0116    0.1944  7.2122e-15  1.3862e-15  7.1292e-15
1160.2651  -2205.97    0.8934    0.1832  6.3697e-15  1.3062e-15  7.1300e-15
1160.2950  -2198.30    0.9441    0.1880  6.7320e-15  1.3407e-15  7.1309e-15
1160.3249  -2190.63    0.8753    0.1812  6.2425e-15  1.2926e-15  7.1317e-15
1160.3548  -2182.95    0.7280    0.1659  5.1923e-15  1.1831e-15  7.1326e-15
1160.3847  -2175.28    0.7282    0.1657  5.1944e-15  1.1823e-15  7.1334e-15
1160.4147  -2167.61    0.7933    0.1726  5.6594e-15  1.2315e-15  7.1343e-15
1160.4446  -2159.94    1.2320    0.2134  8.7903e-15  1.5227e-15  7.1351e-15
1160.4745  -2152.27    1.0519    0.1977  7.5060e-15  1.4107e-15  7.1359e-15
1160.5044  -2144.60    1.1186    0.2037  7.9832e-15  1.4534e-15  7.1367e-15
1160.5343  -2136.93    1.0534    0.1978  7.5187e-15  1.4118e-15  7.1375e-15
1160.5642  -2129.26    0.9480    0.1880  6.7668e-15  1.3417e-15  7.1383e-15
1160.5941  -2121.58    0.7772    0.1709  5.5483e-15  1.2201e-15  7.1391e-15
1160.6240  -2113.91    1.2870    0.2178  9.1888e-15  1.5551e-15  7.1399e-15
1160.6539  -2106.24    1.0304    0.1956  7.3574e-15  1.3964e-15  7.1407e-15
1160.6838  -2098.57    0.9770    0.1906  6.9771e-15  1.3610e-15  7.1415e-15
1160.7138  -2090.90    0.9755    0.1904  6.9675e-15  1.3599e-15  7.1423e-15
1160.7437  -2083.23    0.8497    0.1782  6.0696e-15  1.2726e-15  7.1430e-15
1160.7736  -2075.56    0.7742    0.1704  5.5307e-15  1.2172e-15  7.1437e-15
1160.8035  -2067.88    0.9887    0.1915  7.0636e-15  1.3682e-15  7.1443e-15
1160.8334  -2060.21    1.2452    0.2140  8.8966e-15  1.5291e-15  7.1450e-15
1160.8633  -2052.54    0.9092    0.1838  6.4965e-15  1.3131e-15  7.1456e-15
1160.8932  -2044.87    0.8201    0.1749  5.8605e-15  1.2498e-15  7.1462e-15
1160.9231  -2037.20    1.2083    0.2108  8.6357e-15  1.5064e-15  7.1467e-15
1160.9530  -2029.53    0.7928    0.1720  5.6665e-15  1.2296e-15  7.1472e-15
1160.9829  -2021.86    0.8186    0.1747  5.8510e-15  1.2488e-15  7.1477e-15
1161.0129  -2014.18    0.9533    0.1880  6.8141e-15  1.3435e-15  7.1482e-15
1161.0428  -2006.51    0.7601    0.1686  5.4340e-15  1.2054e-15  7.1486e-15
1161.0727  -1998.84    1.2419    0.2135  8.8787e-15  1.5264e-15  7.1490e-15
1161.1026  -1991.17    1.2134    0.2111  8.6748e-15  1.5089e-15  7.1494e-15
1161.1325  -1983.50    1.0557    0.1972  7.5478e-15  1.4102e-15  7.1498e-15
1161.1624  -1975.83    1.0108    0.1931  7.2277e-15  1.3810e-15  7.1501e-15
1161.1923  -1968.16    0.7922    0.1717  5.6643e-15  1.2280e-15  7.1504e-15
1161.2222  -1960.49    1.1739    0.2075  8.3939e-15  1.4837e-15  7.1507e-15
1161.2521  -1952.81    1.0979    0.2008  7.8510e-15  1.4359e-15  7.1510e-15
1161.2820  -1945.14    1.0329    0.1950  7.3861e-15  1.3942e-15  7.1512e-15
1161.3120  -1937.47    1.1036    0.2013  7.8926e-15  1.4394e-15  7.1514e-15
1161.3419  -1929.80    1.2830    0.2166  9.1758e-15  1.5488e-15  7.1516e-15
1161.3718  -1922.13    1.4431    0.2293  1.0321e-14  1.6400e-15  7.1517e-15
1161.4017  -1914.46    1.2128    0.2107  8.6740e-15  1.5069e-15  7.1518e-15
1161.4316  -1906.79    1.1877    0.2086  8.4944e-15  1.4916e-15  7.1519e-15
1161.4615  -1899.11    0.7555    0.1676  5.4031e-15  1.1990e-15  7.1520e-15
1161.4914  -1891.44    1.0437    0.1957  7.4646e-15  1.3999e-15  7.1521e-15
1161.5213  -1883.77    1.2331    0.2122  8.8191e-15  1.5178e-15  7.1521e-15
1161.5512  -1876.10    0.9933    0.1911  7.1041e-15  1.3667e-15  7.1521e-15
1161.5811  -1868.43    1.1343    0.2037  8.1127e-15  1.4571e-15  7.1521e-15
1161.6111  -1860.76    0.8879    0.1810  6.3506e-15  1.2944e-15  7.1520e-15
1161.6410  -1853.09    0.8824    0.1805  6.3112e-15  1.2907e-15  7.1520e-15
1161.6709  -1845.41    1.2448    0.2131  8.9025e-15  1.5244e-15  7.1519e-15
1161.7008  -1837.74    0.8293    0.1752  5.9312e-15  1.2533e-15  7.1518e-15
1161.7307  -1830.07    0.7747    0.1696  5.5403e-15  1.2132e-15  7.1516e-15
1161.7606  -1822.40    0.8971    0.1820  6.4155e-15  1.3014e-15  7.1515e-15
1161.7905  -1814.73    1.1961    0.2091  8.5538e-15  1.4953e-15  7.1513e-15
1161.8204  -1807.06    1.0220    0.1938  7.3082e-15  1.3859e-15  7.1511e-15
1161.8503  -1799.39    1.0207    0.1937  7.2986e-15  1.3849e-15  7.1509e-15
1161.8802  -1791.72    0.6542    0.1566  4.6781e-15  1.1198e-15  7.1506e-15
1161.9102  -1784.04    1.2082    0.2101  8.6392e-15  1.5022e-15  7.1504e-15
1161.9401  -1776.37    0.6987    0.1616  4.9957e-15  1.1555e-15  7.1501e-15
1161.9700  -1768.70    1.0710    0.1982  7.6575e-15  1.4169e-15  7.1498e-15
1161.9999  -1761.03    1.1131    0.2018  7.9583e-15  1.4429e-15  7.1495e-15
1162.0298  -1753.36    1.2727    0.2153  9.0984e-15  1.5393e-15  7.1491e-15
1162.0597  -1745.69    0.6491    0.1559  4.6406e-15  1.1144e-15  7.1487e-15
1162.0896  -1738.02    1.1651    0.2062  8.3286e-15  1.4743e-15  7.1483e-15
1162.1195  -1730.34    1.1017    0.2007  7.8748e-15  1.4348e-15  7.1479e-15
1162.1494  -1722.67    1.1791    0.2074  8.4280e-15  1.4823e-15  7.1475e-15
1162.1793  -1715.00    1.1080    0.2012  7.9189e-15  1.4379e-15  7.1471e-15
1162.2093  -1707.33    0.9045    0.1824  6.4640e-15  1.3038e-15  7.1466e-15
1162.2392  -1699.66    1.3901    0.2246  9.9335e-15  1.6049e-15  7.1461e-15
1162.2691  -1691.99    1.1268    0.2028  8.0515e-15  1.4490e-15  7.1456e-15
1162.2990  -1684.32    1.0284    0.1940  7.3477e-15  1.3863e-15  7.1451e-15
1162.3289  -1676.65    0.9808    0.1897  7.0071e-15  1.3550e-15  7.1445e-15
1162.3588  -1668.97    0.8528    0.1773  6.0921e-15  1.2669e-15  7.1440e-15
1162.3887  -1661.30    1.0075    0.1921  7.1973e-15  1.3723e-15  7.1434e-15
1162.4186  -1653.63    0.7684    0.1687  5.4882e-15  1.2048e-15  7.1428e-15
1162.4485  -1645.96    1.1223    0.2023  8.0157e-15  1.4449e-15  7.1422e-15
1162.4784  -1638.29    1.1450    0.2043  8.1768e-15  1.4587e-15  7.1415e-15
1162.5084  -1630.62    0.7920    0.1711  5.6558e-15  1.2215e-15  7.1409e-15
1162.5383  -1622.95    0.9928    0.1906  7.0888e-15  1.3612e-15  7.1402e-15
1162.5682  -1615.27    0.8448    0.1764  6.0313e-15  1.2597e-15  7.1395e-15
1162.5981  -1607.60    1.0671    0.1974  7.6181e-15  1.4093e-15  7.1388e-15
1162.6280  -1599.93    1.1139    0.2015  7.9513e-15  1.4385e-15  7.1381e-15
1162.6579  -1592.26    0.8988    0.1817  6.4153e-15  1.2967e-15  7.1374e-15
1162.6878  -1584.59    1.0426    0.1952  7.4406e-15  1.3928e-15  7.1366e-15
1162.7177  -1576.92    1.0471    0.1955  7.4716e-15  1.3952e-15  7.1359e-15
1162.7476  -1569.25    1.0493    0.1958  7.4867e-15  1.3967e-15  7.1351e-15
1162.7775  -1561.57    1.0146    0.1926  7.2388e-15  1.3740e-15  7.1343e-15
1162.8075  -1553.90    0.7264    0.1641  5.1817e-15  1.1704e-15  7.1335e-15
1162.8374  -1546.23    0.7913    0.1709  5.6443e-15  1.2189e-15  7.1326e-15
1162.8673  -1538.56    1.3649    0.2223  9.7339e-15  1.5852e-15  7.1318e-15
1162.8972  -1530.89    0.9016    0.1819  6.4296e-15  1.2969e-15  7.1309e-15
1162.9271  -1523.22    0.9210    0.1837  6.5670e-15  1.3098e-15  7.1301e-15
1162.9570  -1515.55    0.9417    0.1857  6.7138e-15  1.3240e-15  7.1292e-15
1162.9869  -1507.88    0.5768    0.1472  4.1118e-15  1.0491e-15  7.1283e-15
1163.0168  -1500.20    0.9038    0.1821  6.4420e-15  1.2979e-15  7.1274e-15
1163.0467  -1492.53    0.6753    0.1585  4.8127e-15  1.1295e-15  7.1265e-15
1163.0766  -1484.86    0.9065    0.1824  6.4590e-15  1.2995e-15  7.1255e-15
1163.1066  -1477.19    0.9939    0.1906  7.0813e-15  1.3578e-15  7.1246e-15
1163.1365  -1469.52    0.9763    0.1889  6.9551e-15  1.3458e-15  7.1236e-15
1163.1664  -1461.85    0.8997    0.1816  6.4081e-15  1.2938e-15  7.1226e-15
1163.1963  -1454.18    0.8262    0.1744  5.8836e-15  1.2420e-15  7.1216e-15
1163.2262  -1446.50    1.2482    0.2610  8.8877e-15  1.8588e-15  7.1206e-15
1163.2561  -1438.83    1.0065    0.3836  7.1660e-15  2.7307e-15  7.1196e-15
1163.2860  -1431.16    0.9180    0.3669  6.5346e-15  2.6119e-15  7.1186e-15
1163.3159  -1423.49    0.9860    0.3797  7.0179e-15  2.7023e-15  7.1175e-15
1163.3458  -1415.82    1.0539    0.3919  7.4998e-15  2.7893e-15  7.1165e-15
1163.3757  -1408.15    0.8105    0.3455  5.7669e-15  2.4581e-15  7.1154e-15
1163.4057  -1400.48    0.7088    0.3241  5.0425e-15  2.3058e-15  7.1144e-15
1163.4356  -1392.80    1.2309    0.4225  8.7556e-15  3.0057e-15  7.1133e-15
1163.4655  -1385.13    1.0192    0.2759  7.2488e-15  1.9625e-15  7.1122e-15
1163.4954  -1377.46    0.8371    0.1755  5.9527e-15  1.2482e-15  7.1111e-15
1163.5253  -1369.79    1.0590    0.1965  7.5295e-15  1.3972e-15  7.1100e-15
1163.5552  -1362.12    0.6932    0.1604  4.9279e-15  1.1406e-15  7.1088e-15
1163.5851  -1354.45    1.3097    0.2177  9.3089e-15  1.5476e-15  7.1077e-15
1163.6150  -1346.78    1.2331    0.2114  8.7630e-15  1.5026e-15  7.1066e-15
1163.6449  -1339.11    1.2339    0.2115  8.7674e-15  1.5027e-15  7.1054e-15
1163.6748  -1331.43    0.7549    0.1669  5.3631e-15  1.1857e-15  7.1042e-15
1163.7048  -1323.76    1.2084    0.2093  8.5832e-15  1.4868e-15  7.1031e-15
1163.7347  -1316.09    0.9154    0.1831  6.5012e-15  1.3004e-15  7.1019e-15
1163.7646  -1308.42    0.9848    0.1896  6.9928e-15  1.3465e-15  7.1007e-15
1163.7945  -1300.75    1.2222    0.2105  8.6773e-15  1.4944e-15  7.0995e-15
1163.8244  -1293.08    1.2973    0.2167  9.2087e-15  1.5379e-15  7.0983e-15
1163.8543  -1285.41    1.0071    0.1917  7.1473e-15  1.3603e-15  7.0971e-15
1163.8842  -1277.73    1.1350    0.2031  8.0539e-15  1.4409e-15  7.0959e-15
1163.9141  -1270.06    1.2017    0.2088  8.5259e-15  1.4810e-15  7.0946e-15
1163.9440  -1262.39    1.0232    0.1931  7.2577e-15  1.3697e-15  7.0934e-15
1163.9739  -1254.72    1.4601    0.2294  1.0355e-14  1.6269e-15  7.0921e-15
1164.0039  -1247.05    0.7166    0.1627  5.0817e-15  1.1540e-15  7.0909e-15
1164.0338  -1239.38    1.1253    0.2021  7.9778e-15  1.4327e-15  7.0896e-15
1164.0637  -1231.71    0.8612    0.1776  6.1044e-15  1.2591e-15  7.0884e-15
1164.0936  -1224.03    0.8488    0.1764  6.0155e-15  1.2504e-15  7.0871e-15
1164.1235  -1216.36    1.1198    0.2017  7.9350e-15  1.4290e-15  7.0858e-15
1164.1534  -1208.69    0.9056    0.1820  6.4156e-15  1.2897e-15  7.0846e-15
1164.1833  -1201.02    0.8069    0.1722  5.7153e-15  1.2198e-15  7.0833e-15
1164.2132  -1193.35    0.9858    0.1895  6.9811e-15  1.3424e-15  7.0820e-15
1164.2431  -1185.68    1.0760    0.1977  7.6186e-15  1.3997e-15  7.0807e-15
1164.2730  -1178.01    0.8455    0.1760  5.9853e-15  1.2462e-15  7.0794e-15
1164.3030  -1170.34    0.8002    0.1715  5.6639e-15  1.2136e-15  7.0781e-15
1164.3329  -1162.66    1.1023    0.2000  7.8008e-15  1.4154e-15  7.0767e-15
1164.3628  -1154.99    1.0302    0.1936  7.2889e-15  1.3696e-15  7.0754e-15
1164.3927  -1147.32    1.0377    0.1943  7.3410e-15  1.3744e-15  7.0741e-15
1164.4226  -1139.65    0.7099    0.1619  5.0213e-15  1.1451e-15  7.0728e-15
1164.4525  -1131.98    0.8313    0.1745  5.8788e-15  1.2342e-15  7.0715e-15
1164.4824  -1124.31    0.9071    0.1820  6.4136e-15  1.2865e-15  7.0701e-15
1164.5123  -1116.64    1.0578    0.1960  7.4773e-15  1.3852e-15  7.0688e-15
1164.5422  -1108.96    0.8881    0.1801  6.2765e-15  1.2729e-15  7.0674e-15
1164.5721  -1101.29    0.9255    0.1837  6.5399e-15  1.2982e-15  7.0661e-15
1164.6021  -1093.62    1.2305    0.2109  8.6928e-15  1.4900e-15  7.0648e-15
1164.6320  -1085.95    0.7520    0.1663  5.3117e-15  1.1750e-15  7.0634e-15
1164.6619  -1078.28    1.1848    0.2071  8.3671e-15  1.4624e-15  7.0621e-15
1164.6918  -1070.61    1.0873    0.1986  7.6774e-15  1.4023e-15  7.0607e-15
1164.7217  -1062.94    0.9039    0.1816  6.3808e-15  1.2817e-15  7.0594e-15
1164.7516  -1055.26    1.0010    0.1907  7.0650e-15  1.3463e-15  7.0580e-15
1164.7815  -1047.59    0.9705    0.1880  6.8485e-15  1.3265e-15  7.0566e-15
1164.8114  -1039.92    0.7625    0.1675  5.3798e-15  1.1816e-15  7.0553e-15
1164.8413  -1032.25    0.9323    0.1844  6.5762e-15  1.3011e-15  7.0539e-15
1164.8712  -1024.58    0.8036    0.1718  5.6676e-15  1.2116e-15  7.0526e-15
1164.9012  -1016.91    1.1769    0.2065  8.2985e-15  1.4559e-15  7.0512e-15
1164.9311  -1009.24    0.9723    0.1883  6.8544e-15  1.3273e-15  7.0498e-15
1164.9610  -1001.57    1.0590    0.1962  7.4645e-15  1.3831e-15  7.0485e-15
1164.9909   -993.89    0.9579    0.1869  6.7507e-15  1.3172e-15  7.0471e-15
1165.0208   -986.22    1.2485    0.2125  8.7966e-15  1.4970e-15  7.0457e-15
1165.0507   -978.55    0.9759    0.1886  6.8744e-15  1.3288e-15  7.0444e-15
1165.0806   -970.88    1.0486    0.1952  7.3856e-15  1.3749e-15  7.0430e-15
1165.1105   -963.21    0.8906    0.1804  6.2716e-15  1.2703e-15  7.0417e-15
1165.1404   -955.54    0.7855    0.1699  5.5300e-15  1.1958e-15  7.0403e-15
1165.1703   -947.87    1.0588    0.1962  7.4531e-15  1.3808e-15  7.0389e-15
1165.2003   -940.19    1.0024    0.1911  7.0542e-15  1.3446e-15  7.0376e-15
1165.2302   -932.52    0.9090    0.1823  6.3963e-15  1.2824e-15  7.0362e-15
1165.2601   -924.85    0.9434    0.1855  6.6368e-15  1.3051e-15  7.0349e-15
1165.2900   -917.18    0.9277    0.1840  6.5249e-15  1.2944e-15  7.0335e-15
1165.3199   -909.51    1.0443    0.1949  7.3440e-15  1.3703e-15  7.0322e-15
1165.3498   -901.84    0.9350    0.1848  6.5737e-15  1.2990e-15  7.0308e-15
1165.3797   -894.17    0.9412    0.1854  6.6159e-15  1.3031e-15  7.0295e-15
1165.4096   -886.49    1.0133    0.1921  7.1213e-15  1.3500e-15  7.0281e-15
1165.4395   -878.82    0.7651    0.1679  5.3764e-15  1.1801e-15  7.0268e-15
1165.4694   -871.15    1.0728    0.1975  7.5370e-15  1.3878e-15  7.0255e-15
1165.4994   -863.48    0.9926    0.1903  6.9724e-15  1.3364e-15  7.0241e-15
1165.5293   -855.81    0.8098    0.1725  5.6872e-15  1.2117e-15  7.0228e-15
1165.5592   -848.14    0.8749    0.1791  6.1430e-15  1.2573e-15  7.0215e-15
1165.5891   -840.47    0.9809    0.1892  6.8861e-15  1.3279e-15  7.0202e-15
1165.6190   -832.80    0.9906    0.1900  6.9527e-15  1.3338e-15  7.0189e-15
1165.6489   -825.12    0.9382    0.1851  6.5839e-15  1.2992e-15  7.0175e-15
1165.6788   -817.45    0.9420    0.1855  6.6093e-15  1.3016e-15  7.0162e-15
1165.7087   -809.78    1.0829    0.1985  7.5963e-15  1.3921e-15  7.0149e-15
1165.7386   -802.11    0.8430    0.1759  5.9122e-15  1.2340e-15  7.0136e-15
1165.7685   -794.44    0.9414    0.1855  6.6015e-15  1.3007e-15  7.0123e-15
1165.7985   -786.77    0.9641    0.1876  6.7594e-15  1.3153e-15  7.0111e-15
1165.8284   -779.10    1.1251    0.2021  7.8868e-15  1.4166e-15  7.0098e-15
1165.8583   -771.42    1.0510    0.1955  7.3657e-15  1.3703e-15  7.0085e-15
1165.8882   -763.75    1.1858    0.2073  8.3093e-15  1.4523e-15  7.0072e-15
1165.9181   -756.08    1.2800    0.2151  8.9673e-15  1.5069e-15  7.0060e-15
1165.9480   -748.41    1.2525    0.2128  8.7731e-15  1.4905e-15  7.0047e-15
1165.9779   -740.74    1.3846    0.2234  9.6973e-15  1.5648e-15  7.0035e-15
1166.0078   -733.07    1.0075    0.1915  7.0546e-15  1.3409e-15  7.0022e-15
1166.0377   -725.40    0.9370    0.1849  6.5600e-15  1.2944e-15  7.0010e-15
1166.0676   -717.72    0.9071    0.1820  6.3494e-15  1.2741e-15  6.9998e-15
1166.0976   -710.05    0.8572    0.1771  5.9992e-15  1.2397e-15  6.9985e-15
1166.1275   -702.38    0.7884    0.1702  5.5170e-15  1.1911e-15  6.9973e-15
1166.1574   -694.71    0.9315    0.1843  6.5172e-15  1.2897e-15  6.9961e-15
1166.1873   -687.04    1.0663    0.2013  7.4583e-15  1.4078e-15  6.9949e-15
1166.2172   -679.37    1.0306    0.3870  7.2074e-15  2.7069e-15  6.9937e-15
1166.2471   -671.70    1.4506    0.4571  1.0143e-14  3.1964e-15  6.9926e-15
1166.2770   -664.03    0.9264    0.3679  6.4768e-15  2.5721e-15  6.9914e-15
1166.3069   -656.35    0.7370    0.3297  5.1518e-15  2.3049e-15  6.9902e-15
1166.3368   -648.68    1.0466    0.3902  7.3145e-15  2.7269e-15  6.9891e-15
1166.3667   -641.01    0.8636    0.3555  6.0349e-15  2.4844e-15  6.9879e-15
1166.3967   -633.34    1.1698    0.4117  8.1732e-15  2.8763e-15  6.9868e-15
1166.4266   -625.67    1.2101    0.4185  8.4535e-15  2.9234e-15  6.9857e-15
1166.4565   -618.00    0.8752    0.3578  6.1132e-15  2.4990e-15  6.9846e-15
1166.4864   -610.33    1.3201    0.4366  9.2188e-15  3.0488e-15  6.9835e-15
1166.5163   -602.65    1.2296    0.4220  8.5854e-15  2.9465e-15  6.9824e-15
1166.5462   -594.98    0.7873    0.3404  5.4967e-15  2.3766e-15  6.9813e-15
1166.5761   -587.31    0.9292    0.3687  6.4857e-15  2.5735e-15  6.9802e-15
1166.6060   -579.64    0.7851    0.3403  5.4794e-15  2.3751e-15  6.9792e-15
1166.6359   -571.97    0.9173    0.3667  6.4011e-15  2.5586e-15  6.9781e-15
1166.6658   -564.30    1.2376    0.4236  8.6348e-15  2.9553e-15  6.9771e-15
1166.6958   -556.63    1.1692    0.4119  8.1564e-15  2.8738e-15  6.9761e-15
1166.7257   -548.96    0.8467    0.3524  5.9061e-15  2.4582e-15  6.9750e-15
1166.7556   -541.28    0.9000    0.2161  6.2764e-15  1.5068e-15  6.9740e-15
1166.7855   -533.61    1.0380    0.1943  7.2379e-15  1.3545e-15  6.9731e-15
1166.8154   -525.94    1.0813    0.1981  7.5389e-15  1.3814e-15  6.9721e-15
1166.8453   -518.27    0.8865    0.1800  6.1799e-15  1.2551e-15  6.9711e-15
1166.8752   -510.60    0.9432    0.1855  6.5742e-15  1.2930e-15  6.9702e-15
1166.9051   -502.93    0.9296    0.1842  6.4783e-15  1.2840e-15  6.9692e-15
1166.9350   -495.26    0.9287    0.1842  6.4718e-15  1.2832e-15  6.9683e-15
1166.9649   -487.58    0.9950    0.1904  6.9326e-15  1.3264e-15  6.9674e-15
1166.9949   -479.91    0.9114    0.1825  6.3492e-15  1.2715e-15  6.9665e-15
1167.0248   -472.24    1.0656    0.1968  7.4225e-15  1.3707e-15  6.9656e-15
1167.0547   -464.57    1.3841    0.2234  9.6399e-15  1.5560e-15  6.9648e-15
1167.0846   -456.90    1.0013    0.1910  6.9731e-15  1.3301e-15  6.9639e-15
1167.1145   -449.23    0.9154    0.1829  6.3739e-15  1.2735e-15  6.9631e-15
1167.1444   -441.56    1.0319    0.1937  7.1842e-15  1.3488e-15  6.9622e-15
1167.1743   -433.88    0.8423    0.1757  5.8638e-15  1.2233e-15  6.9614e-15
1167.2042   -426.21    1.0312    0.1936  7.1776e-15  1.3479e-15  6.9606e-15
1167.2341   -418.54    1.3366    0.2196  9.3029e-15  1.5281e-15  6.9599e-15
1167.2640   -410.87    0.9790    0.1889  6.8131e-15  1.3145e-15  6.9591e-15
1167.2940   -403.20    1.2447    0.2122  8.6612e-15  1.4762e-15  6.9584e-15
1167.3239   -395.53    0.7764    0.1691  5.4019e-15  1.1767e-15  6.9576e-15
1167.3538   -387.86    0.7887    0.1704  5.4870e-15  1.1858e-15  6.9569e-15
1167.3837   -380.19    1.0455    0.1951  7.2731e-15  1.3572e-15  6.9562e-15
1167.4136   -372.51    0.8998    0.1815  6.2584e-15  1.2626e-15  6.9555e-15
1167.4435   -364.84    1.0755    0.1978  7.4802e-15  1.3754e-15  6.9549e-15
1167.4734   -357.17    1.3155    0.2180  9.1482e-15  1.5160e-15  6.9542e-15
1167.5033   -349.50    1.0633    0.1966  7.3939e-15  1.3670e-15  6.9536e-15
1167.5332   -341.83    0.8439    0.1760  5.8679e-15  1.2235e-15  6.9530e-15
1167.5631   -334.16    0.7413    0.1654  5.1541e-15  1.1498e-15  6.9524e-15
1167.5931   -326.49    0.9476    0.1859  6.5876e-15  1.2924e-15  6.9518e-15
1167.6230   -318.81    1.1881    0.2073  8.2587e-15  1.4408e-15  6.9513e-15
1167.6529   -311.14    1.5815    0.2382  1.0992e-14  1.6559e-15  6.9507e-15
1167.6828   -303.47    1.0455    0.1949  7.2667e-15  1.3545e-15  6.9502e-15
1167.7127   -295.80    0.4888    0.1359  3.3972e-15  9.4456e-16  6.9497e-15
1167.7426   -288.13    0.8232    0.1737  5.7206e-15  1.2072e-15  6.9492e-15
1167.7725   -280.46    1.0926    0.1990  7.5923e-15  1.3829e-15  6.9487e-15
1167.8024   -272.79    0.8701    0.1784  6.0460e-15  1.2392e-15  6.9483e-15
1167.8323   -265.11    1.4140    0.2255  9.8241e-15  1.5665e-15  6.9479e-15
1167.8622   -257.44    1.1956    0.2078  8.3066e-15  1.4437e-15  6.9475e-15
1167.8922   -249.77    0.9426    0.1852  6.5480e-15  1.2868e-15  6.9471e-15
1167.9221   -242.10    0.9379    0.1848  6.5156e-15  1.2838e-15  6.9467e-15
1167.9520   -234.43    0.8992    0.1811  6.2459e-15  1.2582e-15  6.9464e-15
1167.9819   -226.76    0.7617    0.1673  5.2911e-15  1.1622e-15  6.9461e-15
1168.0118   -219.09    0.8643    0.1777  6.0032e-15  1.2343e-15  6.9457e-15
1168.0417   -211.42    0.9803    0.1887  6.8086e-15  1.3109e-15  6.9455e-15
1168.0716   -203.74    0.8649    0.1777  6.0067e-15  1.2341e-15  6.9452e-15
1168.1015   -196.07    1.0051    0.1910  6.9802e-15  1.3265e-15  6.9450e-15
1168.1314   -188.40    1.0649    0.1964  7.3956e-15  1.3639e-15  6.9448e-15
1168.1613   -180.73    0.7919    0.1704  5.4991e-15  1.1830e-15  6.9446e-15
1168.1913   -173.06    0.8431    0.1755  5.8546e-15  1.2188e-15  6.9444e-15
1168.2212   -165.39    1.1153    0.2008  7.7449e-15  1.3942e-15  6.9442e-15
1168.2511   -157.72    0.8898    0.1800  6.1789e-15  1.2500e-15  6.9441e-15
1168.2810   -150.04    0.9663    0.1872  6.7097e-15  1.3001e-15  6.9440e-15
1168.3109   -142.37    0.7924    0.1702  5.5026e-15  1.1818e-15  6.9439e-15
1168.3408   -134.70    1.0307    0.1930  7.1569e-15  1.3404e-15  6.9439e-15
1168.3707   -127.03    1.2805    0.2143  8.8918e-15  1.4884e-15  6.9438e-15
1168.4006   -119.36    1.1841    0.2063  8.2221e-15  1.4328e-15  6.9438e-15
1168.4305   -111.69    0.7959    0.1704  5.5263e-15  1.1832e-15  6.9438e-15
1168.4604   -104.02    1.2062    0.2082  8.3759e-15  1.4456e-15  6.9438e-15
1168.4904    -96.34    0.9705    0.1874  6.7392e-15  1.3011e-15  6.9439e-15
1168.5203    -88.67    0.8883    0.1795  6.1682e-15  1.2464e-15  6.9440e-15
1168.5502    -81.00    0.9330    0.1837  6.4786e-15  1.2760e-15  6.9441e-15
1168.5801    -73.33    0.8913    0.1797  6.1891e-15  1.2478e-15  6.9442e-15
1168.6100    -65.66    1.1185    0.2005  7.7672e-15  1.3923e-15  6.9444e-15
1168.6399    -57.99    1.0269    0.1924  7.1317e-15  1.3358e-15  6.9446e-15
1168.6698    -50.32    0.9792    0.1879  6.8002e-15  1.3052e-15  6.9448e-15
1168.6997    -42.65    1.2442    0.2110  8.6409e-15  1.4657e-15  6.9450e-15
1168.7296    -34.97    1.1807    0.2057  8.2006e-15  1.4288e-15  6.9453e-15
1168.7595    -27.30    0.7782    0.1683  5.4048e-15  1.1688e-15  6.9456e-15
1168.7895    -19.63    1.0360    0.1932  7.1960e-15  1.3418e-15  6.9459e-15
1168.8194    -11.96    0.9308    0.1835  6.4653e-15  1.2746e-15  6.9462e-15
1168.8493     -4.29    1.2549    0.2120  8.7174e-15  1.4725e-15  6.9466e-15
1168.8792      3.38    1.2205    0.2091  8.4791e-15  1.4526e-15  6.9470e-15
1168.9091     11.05    0.8464    0.1753  5.8801e-15  1.2176e-15  6.9474e-15
1168.9390     18.73    0.8726    0.1779  6.0625e-15  1.2358e-15  6.9478e-15
1168.9689     26.40    1.2072    0.2079  8.3878e-15  1.4447e-15  6.9483e-15
1168.9988     34.07    0.9734    0.1874  6.7637e-15  1.3020e-15  6.9488e-15
1169.0287     41.74    0.9548    0.1856  6.6356e-15  1.2899e-15  6.9493e-15
1169.0586     49.41    0.9817    0.1881  6.8225e-15  1.3073e-15  6.9499e-15
1169.0886     57.08    1.0837    0.1973  7.5324e-15  1.3712e-15  6.9505e-15
1169.1185     64.75    1.2847    0.2142  8.9298e-15  1.4888e-15  6.9511e-15
1169.1484     72.43    0.9098    0.1813  6.3246e-15  1.2603e-15  6.9517e-15
1169.1783     80.10    0.8504    0.1755  5.9120e-15  1.2200e-15  6.9524e-15
1169.2082     87.77    0.9849    0.1882  6.8480e-15  1.3088e-15  6.9531e-15
1169.2381     95.44    1.1850    0.2058  8.2401e-15  1.4313e-15  6.9538e-15
1169.2680    103.11    0.8810    0.1784  6.1269e-15  1.2409e-15  6.9546e-15
1169.2979    110.78    1.1339    0.2014  7.8866e-15  1.4011e-15  6.9554e-15
1169.3278    118.45    0.9807    0.1878  6.8220e-15  1.3064e-15  6.9562e-15
1169.3577    126.12    1.0686    0.1957  7.4340e-15  1.3617e-15  6.9571e-15
1169.3877    133.80    0.9250    0.1825  6.4359e-15  1.2702e-15  6.9579e-15
1169.4176    141.47    1.0454    0.1936  7.2748e-15  1.3474e-15  6.9588e-15
1169.4475    149.14    0.9884    0.1884  6.8792e-15  1.3111e-15  6.9598e-15
1169.4774    156.81    1.1105    0.1992  7.7299e-15  1.3869e-15  6.9608e-15
1169.5073    164.48    1.1834    0.2054  8.2385e-15  1.4301e-15  6.9618e-15
1169.5372    172.15    1.0365    0.1927  7.2171e-15  1.3417e-15  6.9628e-15
1169.5671    179.82    0.9338    0.1833  6.5026e-15  1.2764e-15  6.9639e-15
1169.5970    187.50    0.8421    0.1744  5.8655e-15  1.2148e-15  6.9650e-15
1169.6269    195.17    1.0052    0.1898  7.0024e-15  1.3222e-15  6.9661e-15
1169.6568    202.84    0.9375    0.1835  6.5317e-15  1.2786e-15  6.9673e-15
1169.6868    210.51    1.0658    0.1951  7.4267e-15  1.3597e-15  6.9685e-15
1169.7167    218.18    0.7074    0.1604  4.9305e-15  1.1177e-15  6.9697e-15
1169.7466    225.85    0.6682    0.1561  4.6581e-15  1.0882e-15  6.9709e-15
1169.7765    233.52    0.9458    0.1841  6.5945e-15  1.2837e-15  6.9722e-15
1169.8064    241.20    1.3049    0.2149  9.0997e-15  1.4990e-15  6.9736e-15
1169.8363    248.87    0.6981    0.1591  4.8691e-15  1.1101e-15  6.9749e-15
1169.8662    256.54    0.6417    0.1529  4.4766e-15  1.0669e-15  6.9763e-15
1169.8961    264.21    1.2335    0.2091  8.6069e-15  1.4587e-15  6.9777e-15
1169.9260    271.88    0.8260    0.1723  5.7647e-15  1.2023e-15  6.9792e-15
1169.9559    279.55    1.0293    0.1915  7.1852e-15  1.3366e-15  6.9807e-15
1169.9859    287.22    0.9997    0.1887  6.9804e-15  1.3177e-15  6.9822e-15
1170.0158    294.89    0.8814    0.1777  6.1556e-15  1.2409e-15  6.9838e-15
1170.0457    302.57    1.1557    0.2024  8.0728e-15  1.4139e-15  6.9854e-15
1170.0756    310.24    0.8572    0.1752  5.9896e-15  1.2245e-15  6.9870e-15
1170.1055    317.91    0.9468    0.1838  6.6167e-15  1.2844e-15  6.9887e-15
1170.1354    325.58    1.1213    0.1994  7.8382e-15  1.3936e-15  6.9904e-15
1170.1653    333.25    0.6594    0.1547  4.6103e-15  1.0813e-15  6.9922e-15
1170.1952    340.92    1.2144    0.2071  8.4931e-15  1.4487e-15  6.9939e-15
1170.2251    348.59    0.8141    0.1709  5.6950e-15  1.1955e-15  6.9958e-15
1170.2550    356.27    1.0136    0.1898  7.0929e-15  1.3279e-15  6.9976e-15
1170.2850    363.94    1.2091    0.2065  8.4634e-15  1.4457e-15  6.9995e-15
1170.3149    371.61    1.1411    0.2008  7.9894e-15  1.4056e-15  7.0014e-15
1170.3448    379.28    0.7844    0.1676  5.4932e-15  1.1739e-15  7.0034e-15
1170.3747    386.95    0.8086    0.1700  5.6645e-15  1.1910e-15  7.0054e-15
1170.4046    394.62    0.9749    0.1858  6.8314e-15  1.3023e-15  7.0074e-15
1170.4345    402.29    0.6323    0.1512  4.4323e-15  1.0597e-15  7.0094e-15
1170.4644    409.97    1.1386    0.2002  7.9835e-15  1.4036e-15  7.0114e-15
1170.4943    417.64    1.1765    0.2033  8.2516e-15  1.4260e-15  7.0134e-15
1170.5242    425.31    1.2998    0.2133  9.1188e-15  1.4964e-15  7.0154e-15
1170.5541    432.98    1.1143    0.1979  7.8194e-15  1.3885e-15  7.0175e-15
1170.5841    440.65    0.8409    0.1728  5.9027e-15  1.2129e-15  7.0195e-15
1170.6140    448.32    0.8155    0.1703  5.7261e-15  1.1957e-15  7.0216e-15
1170.6439    455.99    1.0335    0.1907  7.2587e-15  1.3397e-15  7.0236e-15
1170.6738    463.66    1.1396    0.1999  8.0063e-15  1.4047e-15  7.0257e-15
1170.7037    471.34    0.8370    0.1723  5.8825e-15  1.2109e-15  7.0278e-15
1170.7336    479.01    1.1436    0.2002  8.0392e-15  1.4072e-15  7.0298e-15
1170.7635    486.68    1.0999    0.1964  7.7345e-15  1.3807e-15  7.0319e-15
1170.7934    494.35    0.9719    0.1850  6.8364e-15  1.3012e-15  7.0340e-15
1170.8233    502.02    0.9000    0.1782  6.3329e-15  1.2539e-15  7.0361e-15
1170.8532    509.69    1.1558    0.2010  8.1347e-15  1.4144e-15  7.0382e-15
1170.8832    517.36    1.1749    0.2025  8.2720e-15  1.4257e-15  7.0403e-15
1170.9131    525.04    0.9759    0.1851  6.8725e-15  1.3035e-15  7.0425e-15
1170.9430    532.71    0.9422    0.1819  6.6373e-15  1.2814e-15  7.0446e-15
1170.9729    540.38    1.0623    0.1927  7.4856e-15  1.3578e-15  7.0467e-15
1171.0028    548.05    1.2117    0.2053  8.5412e-15  1.4469e-15  7.0489e-15
1171.0327    555.72    0.8307    0.1711  5.8574e-15  1.2061e-15  7.0510e-15
1171.0626    563.39    0.9835    0.1855  6.9367e-15  1.3081e-15  7.0532e-15
1171.0925    571.06    0.8249    0.1704  5.8196e-15  1.2023e-15  7.0554e-15
1171.1224    578.73    0.8871    0.1764  6.2605e-15  1.2448e-15  7.0575e-15
1171.1523    586.41    0.8288    0.1707  5.8509e-15  1.2050e-15  7.0597e-15
1171.1823    594.08    0.9242    0.1798  6.5264e-15  1.2698e-15  7.0619e-15
1171.2122    601.75    1.0247    0.1889  7.2384e-15  1.3344e-15  7.0641e-15
1171.2421    609.42    0.8668    0.1742  6.1247e-15  1.2307e-15  7.0663e-15
1171.2720    617.09    1.0294    0.1892  7.2761e-15  1.3370e-15  7.0685e-15
1171.3019    624.76    1.2014    0.2038  8.4949e-15  1.4410e-15  7.0707e-15
1171.3318    632.43    0.9996    0.1864  7.0699e-15  1.3183e-15  7.0729e-15
1171.3617    640.11    1.0472    0.1906  7.4091e-15  1.3483e-15  7.0752e-15
1171.3916    647.78    1.0271    0.1887  7.2690e-15  1.3358e-15  7.0774e-15
1171.4215    655.45    1.0316    0.1891  7.3033e-15  1.3388e-15  7.0796e-15
1171.4514    663.12    0.9541    0.1821  6.7569e-15  1.2894e-15  7.0819e-15
1171.4814    670.79    1.0580    0.1914  7.4951e-15  1.3558e-15  7.0841e-15
1171.5113    678.46    0.9050    0.1775  6.4131e-15  1.2575e-15  7.0864e-15
1171.5412    686.13    0.8280    0.1700  5.8696e-15  1.2051e-15  7.0887e-15
1171.5711    693.81    0.8141    0.1685  5.7725e-15  1.1948e-15  7.0909e-15
1171.6010    701.48    0.7706    0.1641  5.4661e-15  1.1641e-15  7.0932e-15
1171.6309    709.15    1.3326    0.2137  9.4556e-15  1.5164e-15  7.0955e-15
1171.6608    716.82    1.0128    0.1870  7.1888e-15  1.3275e-15  7.0978e-15
1171.6907    724.49    1.0170    0.1873  7.2206e-15  1.3302e-15  7.1001e-15
1171.7206    732.16    1.1401    0.1980  8.0975e-15  1.4060e-15  7.1024e-15
1171.7505    739.83    0.9015    0.1767  6.4049e-15  1.2554e-15  7.1047e-15
1171.7805    747.50    0.9730    0.1832  6.9153e-15  1.3021e-15  7.1070e-15
1171.8104    755.18    0.8251    0.1692  5.8662e-15  1.2027e-15  7.1094e-15
1171.8403    762.85    0.9956    0.1852  7.0804e-15  1.3169e-15  7.1117e-15
1171.8702    770.52    1.0473    0.1897  7.4506e-15  1.3498e-15  7.1140e-15
1171.9001    778.19    0.8808    0.1745  6.2680e-15  1.2416e-15  7.1164e-15
1171.9300    785.86    1.1503    0.1984  8.1887e-15  1.4124e-15  7.1187e-15
1171.9599    793.53    0.9464    0.1805  6.7393e-15  1.2850e-15  7.1211e-15
1171.9898    801.20    1.0547    0.1901  7.5133e-15  1.3544e-15  7.1235e-15
1172.0197    808.88    1.0587    0.1904  7.5440e-15  1.3568e-15  7.1258e-15
1172.0496    816.55    1.0030    0.1854  7.1499e-15  1.3217e-15  7.1282e-15
1172.0796    824.22    1.1145    0.1950  7.9474e-15  1.3905e-15  7.1306e-15
1172.1095    831.89    1.1776    0.2002  8.3998e-15  1.4280e-15  7.1330e-15
1172.1394    839.56    1.1905    0.2012  8.4949e-15  1.4359e-15  7.1354e-15
1172.1693    847.23    1.0629    0.1904  7.5869e-15  1.3590e-15  7.1378e-15
1172.1992    854.90    1.0711    0.1910  7.6481e-15  1.3641e-15  7.1402e-15
1172.2291    862.58    1.0031    0.1850  7.1644e-15  1.3214e-15  7.1426e-15
1172.2590    870.25    0.9995    0.1846  7.1412e-15  1.3192e-15  7.1450e-15
1172.2889    877.92    1.0739    0.1912  7.6758e-15  1.3663e-15  7.1474e-15
1172.3188    885.59    1.1958    0.2014  8.5496e-15  1.4399e-15  7.1498e-15
1172.3487    893.26    1.4432    0.2207  1.0322e-14  1.5783e-15  7.1523e-15
1172.3787    900.93    0.9164    0.1770  6.5567e-15  1.2662e-15  7.1547e-15
1172.4086    908.60    0.8623    0.1719  6.1720e-15  1.2301e-15  7.1572e-15
1172.4385    916.27    0.7824    0.1640  5.6019e-15  1.1744e-15  7.1596e-15
1172.4684    923.95    0.9612    0.1810  6.8841e-15  1.2962e-15  7.1621e-15
1172.4983    931.62    1.1065    0.1937  7.9276e-15  1.3876e-15  7.1645e-15
1172.5282    939.29    1.0130    0.1855  7.2599e-15  1.3296e-15  7.1670e-15
1172.5581    946.96    1.4440    0.2204  1.0353e-14  1.5799e-15  7.1695e-15
1172.5880    954.63    0.8560    0.1710  6.1395e-15  1.2265e-15  7.1719e-15
1172.6179    962.30    0.8317    0.1686  5.9669e-15  1.2093e-15  7.1744e-15
1172.6478    969.97    0.9208    0.1769  6.6085e-15  1.2699e-15  7.1769e-15
1172.6778    977.65    0.8879    0.1739  6.3744e-15  1.2485e-15  7.1794e-15
1172.7077    985.32    0.9325    0.1780  6.6970e-15  1.2782e-15  7.1819e-15
1172.7376    992.99    0.9006    0.1749  6.4701e-15  1.2568e-15  7.1844e-15
1172.7675   1000.66    1.1989    0.2008  8.6161e-15  1.4434e-15  7.1869e-15
1172.7974   1008.33    0.9428    0.1787  6.7783e-15  1.2850e-15  7.1894e-15
1172.8273   1016.00    1.3295    0.2111  9.5617e-15  1.5181e-15  7.1920e-15
1172.8572   1023.67    0.8218    0.1672  5.9122e-15  1.2027e-15  7.1945e-15
1172.8871   1031.35    0.9006    0.1746  6.4816e-15  1.2569e-15  7.1970e-15
1172.9170   1039.02    0.7823    0.1633  5.6321e-15  1.1754e-15  7.1996e-15
1172.9469   1046.69    1.0152    0.1850  7.3115e-15  1.3324e-15  7.2021e-15
1172.9769   1054.36    0.7666    0.1616  5.5231e-15  1.1642e-15  7.2047e-15
1173.0068   1062.03    0.9897    0.1826  7.1333e-15  1.3163e-15  7.2072e-15
1173.0367   1069.70    1.2616    0.2054  9.0959e-15  1.4808e-15  7.2098e-15
1173.0666   1077.37    1.0687    0.1895  7.7077e-15  1.3665e-15  7.2123e-15
1173.0965   1085.04    1.1087    0.1928  7.9989e-15  1.3912e-15  7.2149e-15
1173.1264   1092.72    0.8510    0.1697  6.1424e-15  1.2245e-15  7.2175e-15
1173.1563   1100.39    0.7736    0.1621  5.5853e-15  1.1701e-15  7.2200e-15
1173.1862   1108.06    1.0623    0.1887  7.6729e-15  1.3633e-15  7.2226e-15
1173.2161   1115.73    0.9828    0.1817  7.1009e-15  1.3132e-15  7.2252e-15
1173.2460   1123.40    1.0295    0.1859  7.4407e-15  1.3434e-15  7.2278e-15
1173.2760   1131.07    0.8656    0.1709  6.2589e-15  1.2359e-15  7.2304e-15
1173.3059   1138.74    1.0463    0.1871  7.5678e-15  1.3536e-15  7.2330e-15
1173.3358   1146.42    1.1937    0.1994  8.6369e-15  1.4428e-15  7.2356e-15
1173.3657   1154.09    0.9511    0.1786  6.8845e-15  1.2928e-15  7.2382e-15
1173.3956   1161.76    0.6449    0.1483  4.6695e-15  1.0735e-15  7.2408e-15
1173.4255   1169.43    1.0480    0.1870  7.5914e-15  1.3547e-15  7.2434e-15
1173.4554   1177.10    1.0984    0.1913  7.9589e-15  1.3859e-15  7.2461e-15
1173.4853   1184.77    1.0161    0.1842  7.3655e-15  1.3353e-15  7.2487e-15
1173.5152   1192.44    1.1123    0.1925  8.0657e-15  1.3956e-15  7.2513e-15
1173.5451   1200.12    0.7806    0.1623  5.6625e-15  1.1770e-15  7.2540e-15
1173.5751   1207.79    1.2121    0.2005  8.7958e-15  1.4553e-15  7.2566e-15
1173.6050   1215.46    1.0107    0.1836  7.3373e-15  1.3328e-15  7.2593e-15
1173.6349   1223.13    0.7769    0.1618  5.6415e-15  1.1747e-15  7.2619e-15
1173.6648   1230.80    1.0026    0.1827  7.2833e-15  1.3273e-15  7.2646e-15
1173.6947   1238.47    1.1985    0.1991  8.7096e-15  1.4470e-15  7.2672e-15
1173.7246   1246.14    0.8895    0.1723  6.4667e-15  1.2529e-15  7.2699e-15
1173.7545   1253.81    0.9537    0.1782  6.9358e-15  1.2960e-15  7.2726e-15
1173.7844   1261.49    0.6423    0.1475  4.6728e-15  1.0732e-15  7.2752e-15
1173.8143   1269.16    0.8967    0.1730  6.5260e-15  1.2591e-15  7.2779e-15
1173.8442   1276.83    1.0330    0.1852  7.5208e-15  1.3484e-15  7.2806e-15
1173.8742   1284.50    0.8870    0.1721  6.4606e-15  1.2533e-15  7.2833e-15
1173.9041   1292.17    0.8270    0.1663  6.0256e-15  1.2116e-15  7.2860e-15
1173.9340   1299.84    0.9141    0.1744  6.6628e-15  1.2712e-15  7.2887e-15
1173.9639   1307.51    0.8115    0.1673  5.9171e-15  1.2201e-15  7.2914e-15
1173.9938   1315.19    0.8318    0.1571  6.0675e-15  1.1460e-15  7.2941e-15
1174.0237   1322.86    0.9102    0.1229  6.6416e-15  8.9701e-16  7.2968e-15
1174.0536   1330.53    0.8223    0.1170  6.0022e-15  8.5425e-16  7.2995e-15
1174.0835   1338.20    1.0572    0.1321  7.7198e-15  9.6449e-16  7.3022e-15
1174.1134   1345.87    0.8289    0.1174  6.0549e-15  8.5745e-16  7.3049e-15
1174.1433   1353.54    1.1043    0.1349  8.0695e-15  9.8582e-16  7.3076e-15
1174.1733   1361.21    0.9678    0.1264  7.0751e-15  9.2428e-16  7.3104e-15
1174.2032   1368.89    0.9179    0.1232  6.7124e-15  9.0073e-16  7.3131e-15
1174.2331   1376.56    1.2115    0.1411  8.8633e-15  1.0319e-15  7.3158e-15
1174.2630   1384.23    0.7477    0.1115  5.4722e-15  8.1604e-16  7.3186e-15
1174.2929   1391.90    0.9169    0.1231  6.7130e-15  9.0110e-16  7.3213e-15
1174.3228   1399.57    0.8085    0.1157  5.9217e-15  8.4770e-16  7.3241e-15
1174.3527   1407.24    0.9831    0.1273  7.2028e-15  9.3292e-16  7.3268e-15
1174.3826   1414.91    0.9552    0.1255  7.0013e-15  9.1951e-16  7.3296e-15
1174.4125   1422.58    0.8764    0.1203  6.4259e-15  8.8203e-16  7.3323e-15
1174.4424   1430.26    0.8492    0.1184  6.2291e-15  8.6817e-16  7.3351e-15
1174.4724   1437.93    1.0477    0.1311  7.6875e-15  9.6191e-16  7.3378e-15
1174.5023   1445.60    1.0073    0.1286  7.3940e-15  9.4376e-16  7.3406e-15
1174.5322   1453.27    1.1706    0.1383  8.5959e-15  1.0158e-15  7.3434e-15
1174.5621   1460.94    1.1614    0.1397  8.5320e-15  1.0265e-15  7.3461e-15
1174.5920   1468.61    1.0153    0.1729  7.4617e-15  1.2707e-15  7.3489e-15
1174.6219   1476.28    1.0106    0.1724  7.4296e-15  1.2671e-15  7.3517e-15
1174.6518   1483.96    1.0195    0.1800  7.4980e-15  1.3236e-15  7.3545e-15
1174.6817   1491.63    0.8617    0.1564  6.3398e-15  1.1507e-15  7.3573e-15
1174.7116   1499.30    0.8919    0.1586  6.5646e-15  1.1673e-15  7.3601e-15
1174.7415   1506.97    1.0033    0.1723  7.3875e-15  1.2685e-15  7.3629e-15
1174.7715   1514.64    1.1271    0.1825  8.3019e-15  1.3441e-15  7.3657e-15
1174.8014   1522.31    0.8791    0.1645  6.4776e-15  1.2125e-15  7.3685e-15
1174.8313   1529.98    1.2192    0.1874  8.9871e-15  1.3815e-15  7.3713e-15
1174.8612   1537.66    0.8809    0.1624  6.4960e-15  1.1976e-15  7.3741e-15
1174.8911   1545.33    0.8710    0.1610  6.4252e-15  1.1880e-15  7.3769e-15
1174.9210   1553.00    0.9282    0.1642  6.8502e-15  1.2117e-15  7.3797e-15
1174.9509   1560.67    0.8597    0.1645  6.3464e-15  1.2142e-15  7.3825e-15
1174.9808   1568.34    1.0486    0.1763  7.7440e-15  1.3020e-15  7.3853e-15
1175.0107   1576.01    1.1255    0.1791  8.3154e-15  1.3230e-15  7.3881e-15
1175.0406   1583.68    0.9667    0.1664  7.1449e-15  1.2301e-15  7.3910e-15
1175.0706   1591.35    1.0193    0.1714  7.5361e-15  1.2670e-15  7.3938e-15
1175.1005   1599.03    0.7897    0.1543  5.8412e-15  1.1413e-15  7.3966e-15
1175.1304   1606.70    0.9414    0.1551  6.9656e-15  1.1477e-15  7.3995e-15
1175.1603   1614.37    0.8374    0.1168  6.1983e-15  8.6442e-16  7.4023e-15
1175.1902   1622.04    0.6176    0.1007  4.5731e-15  7.4586e-16  7.4051e-15
1175.2201   1629.71    0.9431    0.1237  6.9863e-15  9.1600e-16  7.4080e-15
1175.2500   1637.38    0.8499    0.1175  6.2987e-15  8.7064e-16  7.4108e-15
1175.2799   1645.05    1.0131    0.1279  7.5106e-15  9.4832e-16  7.4137e-15
1175.3098   1652.73    1.0718    0.1315  7.9493e-15  9.7510e-16  7.4165e-15
1175.3397   1660.40    0.9034    0.1209  6.7023e-15  8.9700e-16  7.4194e-15
1175.3697   1668.07    0.7504    0.1105  5.5698e-15  8.1983e-16  7.4222e-15
1175.3996   1675.74    0.9116    0.1214  6.7688e-15  9.0148e-16  7.4251e-15
1175.4295   1683.41    0.8384    0.1165  6.2275e-15  8.6542e-16  7.4280e-15
1175.4594   1691.08    0.8254    0.1156  6.1335e-15  8.5918e-16  7.4308e-15
1175.4893   1698.75    0.9465    0.1236  7.0357e-15  9.1898e-16  7.4337e-15
1175.5192   1706.42    0.9435    0.1234  7.0161e-15  9.1750e-16  7.4366e-15
1175.5491   1714.10    0.8952    0.1202  6.6596e-15  8.9444e-16  7.4394e-15
1175.5790   1721.77    1.0455    0.1297  7.7810e-15  9.6506e-16  7.4423e-15
1175.6089   1729.44    1.1090    0.1334  8.2566e-15  9.9322e-16  7.4452e-15
1175.6388   1737.11    0.8150    0.1148  6.0700e-15  8.5502e-16  7.4481e-15
1175.6688   1744.78    0.9948    0.1265  7.4123e-15  9.4276e-16  7.4509e-15
1175.6987   1752.45    0.8625    0.1180  6.4286e-15  8.7945e-16  7.4538e-15
1175.7286   1760.12    0.8808    0.1192  6.5682e-15  8.8867e-16  7.4567e-15
1175.7585   1767.80    0.9589    0.1242  7.1530e-15  9.2678e-16  7.4596e-15
1175.7884   1775.47    1.0517    0.1299  7.8486e-15  9.6922e-16  7.4625e-15
1175.8183   1783.14    0.8632    0.1180  6.4440e-15  8.8074e-16  7.4654e-15
1175.8482   1790.81    1.2196    0.1534  9.1080e-15  1.1459e-15  7.4683e-15
1175.8781   1798.48    1.0874    0.1733  8.1240e-15  1.2944e-15  7.4712e-15
1175.9080   1806.15    1.0689    0.1785  7.9894e-15  1.3341e-15  7.4741e-15
1175.9379   1813.82    0.9363    0.1620  7.0004e-15  1.2116e-15  7.4770e-15
1175.9679   1821.50    1.1466    0.1864  8.5762e-15  1.3939e-15  7.4799e-15
1175.9978   1829.17    0.8549    0.1508  6.3969e-15  1.1282e-15  7.4828e-15
1176.0277   1836.84    1.0213    0.1711  7.6449e-15  1.2810e-15  7.4857e-15
1176.0576   1844.51    0.9052    0.1281  6.7786e-15  9.5958e-16  7.4886e-15
1176.0875   1852.18    0.8675    0.1179  6.4987e-15  8.8314e-16  7.4915e-15
1176.1174   1859.85    1.0330    0.1283  7.7416e-15  9.6138e-16  7.4944e-15
1176.1473   1867.52    1.1832    0.1370  8.8708e-15  1.0275e-15  7.4973e-15
1176.1772   1875.19    0.9905    0.1256  7.4287e-15  9.4217e-16  7.5002e-15
1176.2071   1882.87    0.8617    0.1173  6.4656e-15  8.8047e-16  7.5032e-15
1176.2370   1890.54    1.0875    0.1314  8.1628e-15  9.8625e-16  7.5061e-15
1176.2670   1898.21    0.8923    0.1193  6.7003e-15  8.9561e-16  7.5090e-15
1176.2969   1905.88    0.8871    0.1189  6.6640e-15  8.9337e-16  7.5119e-15
1176.3268   1913.55    0.8442    0.1161  6.3443e-15  8.7219e-16  7.5148e-15
1176.3567   1921.22    0.8643    0.1174  6.4977e-15  8.8256e-16  7.5178e-15
1176.3866   1928.89    0.9342    0.1219  7.0258e-15  9.1670e-16  7.5207e-15
1176.4165   1936.57    1.1045    0.1322  8.3101e-15  9.9495e-16  7.5236e-15
1176.4464   1944.24    0.8675    0.1175  6.5291e-15  8.8443e-16  7.5266e-15
1176.4763   1951.91    0.8629    0.1172  6.4973e-15  8.8231e-16  7.5295e-15
1176.5062   1959.58    1.1668    0.1357  8.7888e-15  1.0221e-15  7.5324e-15
1176.5361   1967.25    0.9191    0.1207  6.9258e-15  9.0974e-16  7.5354e-15
1176.5661   1974.92    0.7646    0.1104  5.7637e-15  8.3224e-16  7.5383e-15
1176.5960   1982.59    0.7147    0.1068  5.3896e-15  8.0518e-16  7.5412e-15
1176.6259   1990.27    0.8319    0.1148  6.2761e-15  8.6643e-16  7.5442e-15
1176.6558   1997.94    0.9489    0.1225  7.1614e-15  9.2417e-16  7.5471e-15
1176.6857   2005.61    1.0196    0.1268  7.6981e-15  9.5733e-16  7.5501e-15
1176.7156   2013.28    0.9020    0.1194  6.8127e-15  9.0156e-16  7.5530e-15
1176.7455   2020.95    0.9178    0.1204  6.9347e-15  9.0950e-16  7.5559e-15
1176.7754   2028.62    1.1079    0.1391  8.3749e-15  1.0517e-15  7.5589e-15
1176.8053   2036.29    0.9795    0.1448  7.4071e-15  1.0949e-15  7.5618e-15
1176.8352   2043.96    1.0509    0.1556  7.9497e-15  1.1768e-15  7.5648e-15
1176.8652   2051.64    1.1698    0.1845  8.8527e-15  1.3966e-15  7.5677e-15
1176.8951   2059.31    1.2444    0.1833  9.4207e-15  1.3879e-15  7.5707e-15
1176.9250   2066.98    1.0170    0.1704  7.7024e-15  1.2909e-15  7.5736e-15
1176.9549   2074.65    1.0707    0.1780  8.1123e-15  1.3485e-15  7.5766e-15
1176.9848   2082.32    1.0799    0.1801  8.1853e-15  1.3648e-15  7.5795e-15
1177.0147   2089.99    1.0556    0.1742  8.0042e-15  1.3210e-15  7.5825e-15
1177.0446   2097.66    0.9514    0.1694  7.2168e-15  1.2851e-15  7.5854e-15
1177.0745   2105.34    1.1393    0.1789  8.6455e-15  1.3577e-15  7.5884e-15
1177.1044   2113.01    0.9045    0.1568  6.8666e-15  1.1904e-15  7.5914e-15
1177.1343   2120.68    1.0102    0.1696  7.6716e-15  1.2878e-15  7.5943e-15
1177.1643   2128.35    0.8258    0.1559  6.2740e-15  1.1843e-15  7.5973e-15
1177.1942   2136.02    1.0066    0.1733  7.6508e-15  1.3173e-15  7.6002e-15
1177.2241   2143.69    1.0419    0.1737  7.9219e-15  1.3209e-15  7.6032e-15
1177.2540   2151.36    0.8637    0.1595  6.5694e-15  1.2135e-15  7.6062e-15
1177.2839   2159.04    0.9347    0.1618  7.1126e-15  1.2315e-15  7.6091e-15
1177.3138   2166.71    0.9921    0.1523  7.5522e-15  1.1591e-15  7.6121e-15
1177.3437   2174.38    0.9618    0.1405  7.3242e-15  1.0701e-15  7.6150e-15
1177.3736   2182.05    0.8742    0.1170  6.6596e-15  8.9158e-16  7.6180e-15
1177.4035   2189.72    0.8187    0.1133  6.2395e-15  8.6358e-16  7.6210e-15
1177.4334   2197.39    0.7003    0.1051  5.3390e-15  8.0098e-16  7.6239e-15
1177.4634   2205.06    0.9787    0.1236  7.4648e-15  9.4255e-16  7.6269e-15
1177.4933   2212.73    1.0429    0.1274  7.9569e-15  9.7236e-16  7.6299e-15
1177.5232   2220.41    1.1134    0.1316  8.4981e-15  1.0047e-15  7.6328e-15
1177.5531   2228.08    1.1801    0.1353  9.0109e-15  1.0334e-15  7.6358e-15
1177.5830   2235.75    0.9967    0.1246  7.6137e-15  9.5161e-16  7.6388e-15
1177.6129   2243.42    1.0857    0.1299  8.2963e-15  9.9268e-16  7.6417e-15
1177.6428   2251.09    1.0566    0.1280  8.0772e-15  9.7874e-16  7.6447e-15
1177.6727   2258.76    0.9642    0.1224  7.3742e-15  9.3632e-16  7.6477e-15
1177.7026   2266.43    0.9655    0.1226  7.3868e-15  9.3775e-16  7.6506e-15
1177.7325   2274.11    1.1672    0.1345  8.9336e-15  1.0293e-15  7.6536e-15
1177.7625   2281.78    0.9054    0.1187  6.9321e-15  9.0872e-16  7.6566e-15
1177.7924   2289.45    0.8475    0.1149  6.4914e-15  8.8030e-16  7.6595e-15
1177.8223   2297.12    0.9643    0.1224  7.3888e-15  9.3794e-16  7.6625e-15
1177.8522   2304.79    1.0360    0.1267  7.9412e-15  9.7145e-16  7.6655e-15
1177.8821   2312.46    1.0539    0.1277  8.0816e-15  9.7934e-16  7.6685e-15
1177.9120   2320.13    0.8878    0.1176  6.8106e-15  9.0180e-16  7.6714e-15
1177.9419   2327.81    0.8532    0.1153  6.5478e-15  8.8499e-16  7.6744e-15
1177.9718   2335.48    1.0719    0.1287  8.2297e-15  9.8782e-16  7.6774e-15
1178.0017   2343.15    1.0606    0.1281  8.1458e-15  9.8388e-16  7.6803e-15
1178.0316   2350.82    1.0555    0.1279  8.1094e-15  9.8251e-16  7.6833e-15
1178.0616   2358.49    0.9445    0.1209  7.2600e-15  9.2922e-16  7.6863e-15
1178.0915   2366.16    1.2274    0.1376  9.4376e-15  1.0577e-15  7.6892e-15
1178.1214   2373.83    1.1664    0.1340  8.9719e-15  1.0311e-15  7.6922e-15
1178.1513   2381.50    1.0494    0.1272  8.0752e-15  9.7912e-16  7.6952e-15
1178.1812   2389.18    1.1024    0.1304  8.4866e-15  1.0040e-15  7.6981e-15
1178.2111   2396.85    0.9559    0.1214  7.3615e-15  9.3519e-16  7.7011e-15
1178.2410   2404.52    1.2447    0.1383  9.5889e-15  1.0655e-15  7.7041e-15
1178.2709   2412.19    1.1226    0.1314  8.6518e-15  1.0126e-15  7.7070e-15
1178.3008   2419.86    1.1090    0.1306  8.5504e-15  1.0069e-15  7.7100e-15
1178.3307   2427.53    1.0614    0.1279  8.1862e-15  9.8627e-16  7.7130e-15
1178.3607   2435.20    0.9862    0.1234  7.6093e-15  9.5218e-16  7.7159e-15
1178.3906   2442.88    0.8744    0.1163  6.7492e-15  8.9770e-16  7.7189e-15
1178.4205   2450.55    0.8749    0.1162  6.7557e-15  8.9760e-16  7.7219e-15
1178.4504   2458.22    0.8738    0.1164  6.7496e-15  8.9883e-16  7.7248e-15
1178.4803   2465.89    0.9748    0.1225  7.5333e-15  9.4701e-16  7.7278e-15
1178.5102   2473.56    0.9687    0.1222  7.4888e-15  9.4432e-16  7.7308e-15
1178.5401   2481.23    1.0552    0.1273  8.1604e-15  9.8475e-16  7.7337e-15
1178.5700   2488.90    0.9446    0.1208  7.3083e-15  9.3427e-16  7.7367e-15
1178.5999   2496.58    0.8875    0.1170  6.8689e-15  9.0582e-16  7.7397e-15
1178.6298   2504.25    0.8643    0.1155  6.6921e-15  8.9426e-16  7.7426e-15
1178.6598   2511.92    0.9173    0.1191  7.1051e-15  9.2220e-16  7.7456e-15
1178.6897   2519.59    0.9874    0.1232  7.6507e-15  9.5469e-16  7.7485e-15
1178.7196   2527.26    0.8825    0.1166  6.8407e-15  9.0370e-16  7.7515e-15
1178.7495   2534.93    0.9918    0.1236  7.6910e-15  9.5840e-16  7.7545e-15
1178.7794   2542.60    0.9153    0.1187  7.1001e-15  9.2114e-16  7.7574e-15
1178.8093   2550.27    0.9060    0.1179  7.0306e-15  9.1504e-16  7.7604e-15
1178.8392   2557.95    1.1173    0.1308  8.6741e-15  1.0156e-15  7.7633e-15
1178.8691   2565.62    1.0694    0.1281  8.3049e-15  9.9464e-16  7.7663e-15
1178.8990   2573.29    0.9093    0.1184  7.0642e-15  9.1952e-16  7.7692e-15
1178.9289   2580.96    1.0708    0.1282  8.3225e-15  9.9618e-16  7.7722e-15
1178.9589   2588.63    1.0523    0.1269  8.1821e-15  9.8650e-16  7.7751e-15
1178.9888   2596.30    0.9341    0.1197  7.2659e-15  9.3076e-16  7.7781e-15
1179.0187   2603.97    1.0230    0.1251  7.9596e-15  9.7365e-16  7.7810e-15
1179.0486   2611.65    0.9280    0.1192  7.2237e-15  9.2811e-16  7.7840e-15
1179.0785   2619.32    0.8185    0.1123  6.3738e-15  8.7449e-16  7.7869e-15
1179.1084   2626.99    1.0144    0.1249  7.9019e-15  9.7271e-16  7.7899e-15
1179.1383   2634.66    0.9499    0.1208  7.4024e-15  9.4153e-16  7.7928e-15
1179.1682   2642.33    1.0245    0.1255  7.9870e-15  9.7811e-16  7.7958e-15
1179.1981   2650.00    1.0002    0.1239  7.8004e-15  9.6611e-16  7.7987e-15
1179.2280   2657.67    1.2606    0.1386  9.8349e-15  1.0816e-15  7.8016e-15
1179.2580   2665.34    0.8614    0.1151  6.7228e-15  8.9801e-16  7.8046e-15
1179.2879   2673.02    1.0006    0.1240  7.8121e-15  9.6816e-16  7.8075e-15
1179.3178   2680.69    0.9353    0.1201  7.3055e-15  9.3836e-16  7.8105e-15
1179.3477   2688.36    0.9628    0.1217  7.5225e-15  9.5088e-16  7.8134e-15
1179.3776   2696.03    0.8692    0.1157  6.7937e-15  9.0415e-16  7.8163e-15
1179.4075   2703.70    0.7429    0.1073  5.8086e-15  8.3866e-16  7.8193e-15
1179.4374   2711.37    0.9207    0.1189  7.2016e-15  9.3023e-16  7.8222e-15
1179.4673   2719.04    0.9579    0.1216  7.4957e-15  9.5120e-16  7.8251e-15
1179.4972   2726.72    1.0524    0.1268  8.2380e-15  9.9247e-16  7.8280e-15
1179.5271   2734.39    1.1070    0.1301  8.6687e-15  1.0190e-15  7.8310e-15
1179.5571   2742.06    1.1449    0.1323  8.9694e-15  1.0364e-15  7.8339e-15
1179.5870   2749.73    1.0916    0.1291  8.5545e-15  1.0118e-15  7.8368e-15
1179.6169   2757.40    0.9567    0.1211  7.5000e-15  9.4927e-16  7.8398e-15
1179.6468   2765.07    1.0241    0.1254  8.0314e-15  9.8321e-16  7.8427e-15
1179.6767   2772.74    1.1361    0.1317  8.9135e-15  1.0333e-15  7.8457e-15
1179.7066   2780.42    0.9729    0.1219  7.6362e-15  9.5675e-16  7.8486e-15
1179.7365   2788.09    0.8921    0.1172  7.0040e-15  9.2008e-16  7.8516e-15
1179.7664   2795.76    1.0091    0.1243  7.9259e-15  9.7636e-16  7.8545e-15
1179.7963   2803.43    0.9579    0.1211  7.5264e-15  9.5167e-16  7.8575e-15
1179.8262   2811.10    1.1049    0.1298  8.6853e-15  1.0203e-15  7.8604e-15
1179.8562   2818.77    0.8538    0.1143  6.7140e-15  8.9855e-16  7.8634e-15
1179.8861   2826.44    0.8853    0.1163  6.9641e-15  9.1503e-16  7.8664e-15
1179.9160   2834.11    0.9671    0.1216  7.6107e-15  9.5717e-16  7.8694e-15
1179.9459   2841.79    1.0794    0.1281  8.4971e-15  1.0086e-15  7.8723e-15
1179.9758   2849.46    1.0672    0.1277  8.4047e-15  1.0054e-15  7.8753e-15
1180.0057   2857.13    0.8211    0.1121  6.4687e-15  8.8337e-16  7.8783e-15
1180.0356   2864.80    1.0748    0.1278  8.4708e-15  1.0070e-15  7.8813e-15
