# Wave  Vhel  NormFlux  NormErr      Flux        Error       Continuum
1394.1912  -1834.03    0.6977    0.0604  6.8684e-15  5.9416e-16  9.8439e-15
1394.2211  -1827.63    0.9592    0.0702  9.4496e-15  6.9114e-16  9.8515e-15
1394.2510  -1821.24    0.9038    0.0693  8.9107e-15  6.8299e-16  9.8592e-15
1394.2809  -1814.85    0.8429    0.0666  8.3164e-15  6.5744e-16  9.8670e-15
1394.3109  -1808.46    0.9639    0.0712  9.5181e-15  7.0283e-16  9.8747e-15
1394.3408  -1802.07    0.9495    0.0704  9.3831e-15  6.9553e-16  9.8826e-15
1394.3707  -1795.67    1.0303    0.0733  1.0190e-14  7.2461e-16  9.8904e-15
1394.4006  -1789.28    0.9415    0.0702  9.3189e-15  6.9518e-16  9.8983e-15
1394.4305  -1782.89    0.9692    0.0710  9.6016e-15  7.0374e-16  9.9063e-15
1394.4604  -1776.50    0.9882    0.0719  9.7977e-15  7.1300e-16  9.9143e-15
1394.4903  -1770.10    1.0689    0.0740  1.0606e-14  7.3440e-16  9.9224e-15
1394.5202  -1763.71    1.0943    0.0754  1.0867e-14  7.4871e-16  9.9305e-15
1394.5501  -1757.32    0.9695    0.0712  9.6350e-15  7.0725e-16  9.9386e-15
1394.5800  -1750.93    1.0681    0.0747  1.0624e-14  7.4255e-16  9.9468e-15
1394.6100  -1744.54    1.0534    0.0740  1.0486e-14  7.3693e-16  9.9550e-15
1394.6399  -1738.14    0.9898    0.0721  9.8621e-15  7.1814e-16  9.9633e-15
1394.6698  -1731.75    0.8566    0.0666  8.5412e-15  6.6400e-16  9.9716e-15
1394.6997  -1725.36    0.9614    0.0711  9.5950e-15  7.0996e-16  9.9800e-15
1394.7296  -1718.97    0.9468    0.0703  9.4571e-15  7.0205e-16  9.9884e-15
1394.7595  -1712.58    0.9509    0.0708  9.5064e-15  7.0780e-16  9.9969e-15
1394.7894  -1706.18    0.8673    0.0667  8.6778e-15  6.6729e-16  1.0005e-14
1394.8193  -1699.79    1.0189    0.0722  1.0203e-14  7.2305e-16  1.0014e-14
1394.8492  -1693.40    0.9801    0.0705  9.8233e-15  7.0615e-16  1.0023e-14
1394.8791  -1687.01    1.0962    0.0750  1.0996e-14  7.5196e-16  1.0031e-14
1394.9091  -1680.61    1.0697    0.0738  1.0740e-14  7.4078e-16  1.0040e-14
1394.9390  -1674.22    1.0395    0.0725  1.0446e-14  7.2879e-16  1.0049e-14
1394.9689  -1667.83    0.8805    0.0662  8.8559e-15  6.6613e-16  1.0057e-14
1394.9988  -1661.44    0.8738    0.0669  8.7954e-15  6.7361e-16  1.0066e-14
1395.0287  -1655.05    0.9049    0.0678  9.1167e-15  6.8262e-16  1.0075e-14
1395.0586  -1648.65    0.8368    0.0656  8.4385e-15  6.6116e-16  1.0084e-14
1395.0885  -1642.26    0.8692    0.0670  8.7726e-15  6.7639e-16  1.0093e-14
1395.1184  -1635.87    1.0453    0.0730  1.0560e-14  7.3778e-16  1.0102e-14
1395.1483  -1629.48    0.8921    0.0679  9.0202e-15  6.8638e-16  1.0111e-14
1395.1782  -1623.08    0.9455    0.0691  9.5681e-15  6.9968e-16  1.0120e-14
1395.2082  -1616.69    0.9496    0.0698  9.6186e-15  7.0706e-16  1.0129e-14
1395.2381  -1610.30    0.9608    0.0713  9.7405e-15  7.2322e-16  1.0138e-14
1395.2680  -1603.91    0.8481    0.0662  8.6058e-15  6.7148e-16  1.0147e-14
1395.2979  -1597.52    0.9896    0.0712  1.0051e-14  7.2329e-16  1.0157e-14
1395.3278  -1591.12    1.1020    0.0747  1.1203e-14  7.5949e-16  1.0166e-14
1395.3577  -1584.73    1.0600    0.0725  1.0786e-14  7.3821e-16  1.0175e-14
1395.3876  -1578.34    0.9429    0.0685  9.6033e-15  6.9805e-16  1.0185e-14
1395.4175  -1571.95    1.0764    0.0738  1.0973e-14  7.5204e-16  1.0194e-14
1395.4474  -1565.55    0.9620    0.0697  9.8159e-15  7.1079e-16  1.0204e-14
1395.4773  -1559.16    1.0910    0.0740  1.1143e-14  7.5555e-16  1.0213e-14
1395.5073  -1552.77    1.0951    0.0748  1.1195e-14  7.6468e-16  1.0223e-14
1395.5372  -1546.38    1.1583    0.0759  1.1852e-14  7.7672e-16  1.0232e-14
1395.5671  -1539.99    1.1007    0.0735  1.1273e-14  7.5317e-16  1.0242e-14
1395.5970  -1533.59    1.0524    0.0729  1.0789e-14  7.4722e-16  1.0252e-14
1395.6269  -1527.20    0.9987    0.0704  1.0248e-14  7.2209e-16  1.0261e-14
1395.6568  -1520.81    1.0651    0.0731  1.0940e-14  7.5103e-16  1.0271e-14
1395.6867  -1514.42    1.1076    0.0766  1.1387e-14  7.8702e-16  1.0281e-14
1395.7166  -1508.03    0.9149    0.0719  9.4150e-15  7.3999e-16  1.0291e-14
1395.7465  -1501.63    0.9027    0.0723  9.2985e-15  7.4494e-16  1.0301e-14
1395.7764  -1495.24    0.9079    0.0731  9.3612e-15  7.5392e-16  1.0311e-14
1395.8064  -1488.85    1.0623    0.0823  1.0963e-14  8.4986e-16  1.0320e-14
1395.8363  -1482.46    1.0291    0.0812  1.0632e-14  8.3862e-16  1.0330e-14
1395.8662  -1476.06    1.0546    0.0831  1.0905e-14  8.5917e-16  1.0341e-14
1395.8961  -1469.67    0.9487    0.0771  9.8193e-15  7.9780e-16  1.0351e-14
1395.9260  -1463.28    0.9871    0.0787  1.0227e-14  8.1559e-16  1.0361e-14
1395.9559  -1456.89    1.0870    0.0815  1.1273e-14  8.4516e-16  1.0371e-14
1395.9858  -1450.50    0.9474    0.0770  9.8356e-15  7.9912e-16  1.0381e-14
1396.0157  -1444.10    0.9712    0.0802  1.0092e-14  8.3311e-16  1.0391e-14
1396.0456  -1437.71    1.0902    0.0832  1.1340e-14  8.6529e-16  1.0402e-14
1396.0755  -1431.32    1.0989    0.0829  1.1442e-14  8.6267e-16  1.0412e-14
1396.1055  -1424.93    1.0763    0.0811  1.1218e-14  8.4497e-16  1.0422e-14
1396.1354  -1418.53    0.9940    0.0785  1.0370e-14  8.1945e-16  1.0433e-14
1396.1653  -1412.14    1.0026    0.0789  1.0471e-14  8.2426e-16  1.0443e-14
1396.1952  -1405.75    0.9491    0.0775  9.9217e-15  8.1034e-16  1.0454e-14
1396.2251  -1399.36    0.8956    0.0747  9.3716e-15  7.8218e-16  1.0464e-14
1396.2550  -1392.97    0.8572    0.0702  8.9791e-15  7.3577e-16  1.0475e-14
1396.2849  -1386.57    0.9844    0.0735  1.0322e-14  7.7121e-16  1.0486e-14
1396.3148  -1380.18    0.9466    0.0689  9.9353e-15  7.2270e-16  1.0496e-14
1396.3447  -1373.79    0.9298    0.0673  9.7695e-15  7.0665e-16  1.0507e-14
1396.3746  -1367.40    0.8771    0.0653  9.2252e-15  6.8664e-16  1.0518e-14
1396.4046  -1361.00    1.0542    0.0728  1.1099e-14  7.6663e-16  1.0528e-14
1396.4345  -1354.61    1.0411    0.0723  1.0972e-14  7.6238e-16  1.0539e-14
1396.4644  -1348.22    1.0360    0.0721  1.0929e-14  7.6049e-16  1.0550e-14
1396.4943  -1341.83    0.9482    0.0681  1.0014e-14  7.1888e-16  1.0561e-14
1396.5242  -1335.44    0.9041    0.0664  9.5579e-15  7.0215e-16  1.0572e-14
1396.5541  -1329.04    0.9158    0.0674  9.6913e-15  7.1297e-16  1.0583e-14
1396.5840  -1322.65    0.8527    0.0657  9.0337e-15  6.9553e-16  1.0594e-14
1396.6139  -1316.26    0.7631    0.0617  8.0924e-15  6.5460e-16  1.0605e-14
1396.6438  -1309.87    0.8245    0.0641  8.7527e-15  6.8063e-16  1.0616e-14
1396.6737  -1303.47    0.7568    0.0609  8.0426e-15  6.4766e-16  1.0627e-14
1396.7037  -1297.08    0.7124    0.0589  7.5790e-15  6.2679e-16  1.0638e-14
1396.7336  -1290.69    0.6545    0.0560  6.9698e-15  5.9665e-16  1.0650e-14
1396.7635  -1284.30    0.6761    0.0574  7.2073e-15  6.1184e-16  1.0661e-14
1396.7934  -1277.91    0.5824    0.0537  6.2159e-15  5.7262e-16  1.0672e-14
1396.8233  -1271.51    0.4382    0.0461  4.6819e-15  4.9303e-16  1.0683e-14
1396.8532  -1265.12    0.4458    0.0474  4.7675e-15  5.0651e-16  1.0695e-14
1396.8831  -1258.73    0.3845    0.0435  4.1168e-15  4.6585e-16  1.0706e-14
1396.9130  -1252.34    0.3507    0.0406  3.7587e-15  4.3563e-16  1.0718e-14
1396.9429  -1245.95    0.3941    0.0442  4.2283e-15  4.7397e-16  1.0729e-14
1396.9728  -1239.55    0.4103    0.0442  4.4066e-15  4.7496e-16  1.0741e-14
1397.0028  -1233.16    0.5429    0.0516  5.8377e-15  5.5473e-16  1.0752e-14
1397.0327  -1226.77    0.5169    0.0499  5.5639e-15  5.3709e-16  1.0764e-14
1397.0626  -1220.38    0.5911    0.0534  6.3697e-15  5.7534e-16  1.0775e-14
1397.0925  -1213.98    0.6927    0.0580  7.4725e-15  6.2581e-16  1.0787e-14
1397.1224  -1207.59    0.8052    0.0614  8.6947e-15  6.6292e-16  1.0799e-14
1397.1523  -1201.20    0.9169    0.0668  9.9121e-15  7.2213e-16  1.0810e-14
1397.1822  -1194.81    0.8518    0.0637  9.2188e-15  6.8956e-16  1.0822e-14
1397.2121  -1188.42    1.0376    0.0701  1.1241e-14  7.5941e-16  1.0834e-14
1397.2420  -1182.02    0.9461    0.0668  1.0261e-14  7.2473e-16  1.0846e-14
1397.2719  -1175.63    1.0457    0.0706  1.1354e-14  7.6644e-16  1.0858e-14
1397.3019  -1169.24    1.0627    0.0706  1.1552e-14  7.6749e-16  1.0870e-14
1397.3318  -1162.85    1.0066    0.0687  1.0953e-14  7.4778e-16  1.0882e-14
1397.3617  -1156.45    0.9535    0.0668  1.0387e-14  7.2716e-16  1.0894e-14
1397.3916  -1150.06    0.9562    0.0672  1.0428e-14  7.3295e-16  1.0906e-14
1397.4215  -1143.67    1.0145    0.0694  1.1076e-14  7.5747e-16  1.0918e-14
1397.4514  -1137.28    1.0647    0.0712  1.1637e-14  7.7864e-16  1.0930e-14
1397.4813  -1130.89    1.0012    0.0693  1.0955e-14  7.5868e-16  1.0942e-14
1397.5112  -1124.49    1.0242    0.0707  1.1219e-14  7.7454e-16  1.0954e-14
1397.5411  -1118.10    0.9918    0.0687  1.0877e-14  7.5324e-16  1.0966e-14
1397.5710  -1111.71    1.0609    0.0704  1.1647e-14  7.7242e-16  1.0979e-14
1397.6010  -1105.32    1.0282    0.0693  1.1301e-14  7.6165e-16  1.0991e-14
1397.6309  -1098.92    0.9414    0.0663  1.0359e-14  7.2928e-16  1.1003e-14
1397.6608  -1092.53    1.0072    0.0689  1.1095e-14  7.5876e-16  1.1016e-14
1397.6907  -1086.14    0.9564    0.0666  1.0547e-14  7.3477e-16  1.1028e-14
1397.7206  -1079.75    1.0676    0.0703  1.1787e-14  7.7616e-16  1.1040e-14
1397.7505  -1073.36    1.0025    0.0688  1.1081e-14  7.6054e-16  1.1053e-14
1397.7804  -1066.96    1.0761    0.0711  1.1907e-14  7.8651e-16  1.1065e-14
1397.8103  -1060.57    0.9149    0.0655  1.0135e-14  7.2585e-16  1.1078e-14
1397.8402  -1054.18    0.9525    0.0671  1.0564e-14  7.4437e-16  1.1090e-14
1397.8701  -1047.79    1.0168    0.0687  1.1289e-14  7.6300e-16  1.1103e-14
1397.9001  -1041.40    1.0599    0.0705  1.1782e-14  7.8404e-16  1.1116e-14
1397.9300  -1035.00    0.9889    0.0678  1.1005e-14  7.5503e-16  1.1128e-14
1397.9599  -1028.61    0.8627    0.0627  9.6110e-15  6.9890e-16  1.1141e-14
1397.9898  -1022.22    0.9530    0.0668  1.0630e-14  7.4469e-16  1.1154e-14
1398.0197  -1015.83    0.8013    0.0611  8.9482e-15  6.8247e-16  1.1167e-14
1398.0496  -1009.43    0.9229    0.0665  1.0318e-14  7.4293e-16  1.1179e-14
1398.0795  -1003.04    0.9279    0.0661  1.0385e-14  7.3936e-16  1.1192e-14
1398.1094   -996.65    0.9146    0.0656  1.0248e-14  7.3506e-16  1.1205e-14
1398.1393   -990.26    0.9191    0.0651  1.0311e-14  7.3022e-16  1.1218e-14
1398.1692   -983.87    0.9329    0.0658  1.0478e-14  7.3932e-16  1.1231e-14
1398.1992   -977.47    0.9351    0.0658  1.0514e-14  7.3951e-16  1.1244e-14
1398.2291   -971.08    1.0595    0.0696  1.1927e-14  7.8364e-16  1.1257e-14
1398.2590   -964.69    0.9502    0.0660  1.0709e-14  7.4417e-16  1.1270e-14
1398.2889   -958.30    1.0115    0.0684  1.1413e-14  7.7188e-16  1.1283e-14
1398.3188   -951.90    0.9142    0.0645  1.0327e-14  7.2875e-16  1.1296e-14
1398.3487   -945.51    1.0652    0.0697  1.2047e-14  7.8873e-16  1.1309e-14
1398.3786   -939.12    0.9854    0.0675  1.1157e-14  7.6431e-16  1.1322e-14
1398.4085   -932.73    0.9557    0.0659  1.0833e-14  7.4715e-16  1.1336e-14
1398.4384   -926.34    0.9898    0.0674  1.1233e-14  7.6471e-16  1.1349e-14
1398.4683   -919.94    1.0264    0.0689  1.1662e-14  7.8244e-16  1.1362e-14
1398.4983   -913.55    0.9905    0.0671  1.1267e-14  7.6290e-16  1.1375e-14
1398.5282   -907.16    1.0857    0.0706  1.2365e-14  8.0378e-16  1.1389e-14
1398.5581   -900.77    0.9194    0.0647  1.0484e-14  7.3825e-16  1.1402e-14
1398.5880   -894.37    0.9849    0.0677  1.1243e-14  7.7275e-16  1.1416e-14
1398.6179   -887.98    1.0302    0.0686  1.1774e-14  7.8363e-16  1.1429e-14
1398.6478   -881.59    0.9664    0.0662  1.1058e-14  7.5779e-16  1.1443e-14
1398.6777   -875.20    0.8778    0.0632  1.0056e-14  7.2385e-16  1.1456e-14
1398.7076   -868.81    0.9652    0.0674  1.1071e-14  7.7323e-16  1.1470e-14
1398.7375   -862.41    0.9885    0.0751  1.1351e-14  8.6186e-16  1.1483e-14
1398.7674   -856.02    1.0910    0.0808  1.2543e-14  9.2848e-16  1.1497e-14
1398.7974   -849.63    1.0354    0.0776  1.1918e-14  8.9331e-16  1.1510e-14
1398.8273   -843.24    0.9143    0.0720  1.0537e-14  8.2961e-16  1.1524e-14
1398.8572   -836.84    1.0105    0.0759  1.1658e-14  8.7615e-16  1.1538e-14
1398.8871   -830.45    0.9362    0.0732  1.0814e-14  8.4588e-16  1.1551e-14
1398.9170   -824.06    1.0587    0.0790  1.2244e-14  9.1392e-16  1.1565e-14
1398.9469   -817.67    0.8977    0.0721  1.0394e-14  8.3433e-16  1.1579e-14
1398.9768   -811.28    0.9636    0.0743  1.1171e-14  8.6177e-16  1.1593e-14
1399.0067   -804.88    0.9100    0.0729  1.0563e-14  8.4596e-16  1.1607e-14
1399.0366   -798.49    0.8911    0.0729  1.0355e-14  8.4657e-16  1.1621e-14
1399.0665   -792.10    0.9815    0.0752  1.1419e-14  8.7459e-16  1.1634e-14
1399.0965   -785.71    0.9941    0.0763  1.1579e-14  8.8908e-16  1.1648e-14
1399.1264   -779.32    0.9446    0.0742  1.1016e-14  8.6566e-16  1.1662e-14
1399.1563   -772.92    0.9715    0.0759  1.1344e-14  8.8619e-16  1.1676e-14
1399.1862   -766.53    1.0179    0.0762  1.1900e-14  8.9063e-16  1.1690e-14
1399.2161   -760.14    0.9634    0.0743  1.1276e-14  8.6965e-16  1.1705e-14
1399.2460   -753.75    0.9745    0.0752  1.1420e-14  8.8163e-16  1.1719e-14
1399.2759   -747.35    0.9222    0.0722  1.0819e-14  8.4700e-16  1.1733e-14
1399.3058   -740.96    0.9727    0.0698  1.1426e-14  8.1938e-16  1.1747e-14
1399.3357   -734.57    1.0151    0.0675  1.1939e-14  7.9399e-16  1.1761e-14
1399.3656   -728.18    1.0283    0.0676  1.2109e-14  7.9653e-16  1.1775e-14
1399.3956   -721.79    0.9817    0.0658  1.1574e-14  7.7519e-16  1.1790e-14
1399.4255   -715.39    0.9881    0.0662  1.1663e-14  7.8130e-16  1.1804e-14
1399.4554   -709.00    0.9311    0.0641  1.1004e-14  7.5779e-16  1.1819e-14
1399.4853   -702.61    1.0812    0.0688  1.2795e-14  8.1449e-16  1.1833e-14
1399.5152   -696.22    0.9755    0.0661  1.1558e-14  7.8304e-16  1.1848e-14
1399.5451   -689.82    0.9324    0.0641  1.1061e-14  7.6089e-16  1.1863e-14
1399.5750   -683.43    0.9690    0.0655  1.1511e-14  7.7806e-16  1.1879e-14
1399.6049   -677.04    0.8949    0.0623  1.0644e-14  7.4159e-16  1.1894e-14
1399.6348   -670.65    1.0403    0.0672  1.2389e-14  8.0067e-16  1.1910e-14
1399.6647   -664.26    1.0548    0.0681  1.2579e-14  8.1226e-16  1.1925e-14
1399.6947   -657.86    0.9627    0.0656  1.1496e-14  7.8290e-16  1.1941e-14
1399.7246   -651.47    0.9729    0.0647  1.1633e-14  7.7371e-16  1.1957e-14
1399.7545   -645.08    0.9984    0.0661  1.1955e-14  7.9205e-16  1.1974e-14
1399.7844   -638.69    0.9782    0.0654  1.1729e-14  7.8421e-16  1.1990e-14
1399.8143   -632.29    0.9604    0.0646  1.1531e-14  7.7606e-16  1.2007e-14
1399.8442   -625.90    1.0740    0.0690  1.2913e-14  8.2942e-16  1.2023e-14
1399.8741   -619.51    1.0597    0.0680  1.2760e-14  8.1884e-16  1.2040e-14
1399.9040   -613.12    0.9799    0.0653  1.1815e-14  7.8773e-16  1.2058e-14
1399.9339   -606.73    0.9544    0.0643  1.1524e-14  7.7599e-16  1.2075e-14
1399.9638   -600.33    1.0491    0.0672  1.2686e-14  8.1266e-16  1.2092e-14
1399.9938   -593.94    1.0739    0.0681  1.3005e-14  8.2520e-16  1.2110e-14
1400.0237   -587.55    0.9680    0.0646  1.1739e-14  7.8384e-16  1.2128e-14
1400.0536   -581.16    0.8436    0.0601  1.0247e-14  7.3024e-16  1.2146e-14
1400.0835   -574.77    1.0487    0.0675  1.2757e-14  8.2115e-16  1.2164e-14
1400.1134   -568.37    1.0384    0.0670  1.2650e-14  8.1566e-16  1.2182e-14
1400.1433   -561.98    1.0266    0.0663  1.2526e-14  8.0839e-16  1.2201e-14
1400.1732   -555.59    1.0006    0.0658  1.2227e-14  8.0373e-16  1.2220e-14
1400.2031   -549.20    0.8698    0.0613  1.0645e-14  7.4990e-16  1.2239e-14
1400.2330   -542.80    1.0836    0.0681  1.3282e-14  8.3456e-16  1.2258e-14
1400.2629   -536.41    0.9696    0.0639  1.1904e-14  7.8489e-16  1.2277e-14
1400.2929   -530.02    1.0307    0.0658  1.2674e-14  8.0903e-16  1.2296e-14
1400.3228   -523.63    1.1130    0.0691  1.3708e-14  8.5059e-16  1.2316e-14
1400.3527   -517.24    1.0231    0.0660  1.2621e-14  8.1434e-16  1.2336e-14
1400.3826   -510.84    1.0495    0.0670  1.2967e-14  8.2802e-16  1.2356e-14
1400.4125   -504.45    1.0290    0.0660  1.2735e-14  8.1714e-16  1.2376e-14
1400.4424   -498.06    0.8784    0.0611  1.0889e-14  7.5770e-16  1.2397e-14
1400.4723   -491.67    0.9804    0.0651  1.2174e-14  8.0878e-16  1.2418e-14
1400.5022   -485.27    1.0085    0.0647  1.2544e-14  8.0454e-16  1.2439e-14
1400.5321   -478.88    1.0074    0.0651  1.2552e-14  8.1162e-16  1.2460e-14
1400.5620   -472.49    0.9997    0.0649  1.2478e-14  8.1040e-16  1.2481e-14
1400.5920   -466.10    1.0161    0.0653  1.2703e-14  8.1602e-16  1.2502e-14
1400.6219   -459.71    1.0349    0.0668  1.2961e-14  8.3645e-16  1.2524e-14
1400.6518   -453.31    0.9341    0.0625  1.1719e-14  7.8424e-16  1.2546e-14
1400.6817   -446.92    1.0831    0.0673  1.3612e-14  8.4635e-16  1.2568e-14
1400.7116   -440.53    1.0303    0.0656  1.2972e-14  8.2540e-16  1.2590e-14
1400.7415   -434.14    0.9988    0.0644  1.2597e-14  8.1219e-16  1.2613e-14
1400.7714   -427.74    1.0887    0.0677  1.3757e-14  8.5549e-16  1.2636e-14
1400.8013   -421.35    1.0730    0.0665  1.3582e-14  8.4121e-16  1.2659e-14
1400.8312   -414.96    1.0493    0.0652  1.3307e-14  8.2685e-16  1.2682e-14
1400.8611   -408.57    1.0619    0.0660  1.3492e-14  8.3862e-16  1.2705e-14
1400.8911   -402.18    0.9989    0.0644  1.2715e-14  8.1929e-16  1.2729e-14
1400.9210   -395.78    0.9705    0.0633  1.2377e-14  8.0708e-16  1.2753e-14
1400.9509   -389.39    0.9237    0.0617  1.1802e-14  7.8818e-16  1.2777e-14
1400.9808   -383.00    0.8632    0.0595  1.1050e-14  7.6121e-16  1.2801e-14
1401.0107   -376.61    0.9416    0.0623  1.2077e-14  7.9934e-16  1.2826e-14
1401.0406   -370.22    0.8694    0.0598  1.1173e-14  7.6871e-16  1.2850e-14
1401.0705   -363.82    0.8999    0.0609  1.1586e-14  7.8370e-16  1.2875e-14
1401.1004   -357.43    0.9842    0.0631  1.2696e-14  8.1356e-16  1.2900e-14
1401.1303   -351.04    0.8797    0.0597  1.1371e-14  7.7155e-16  1.2926e-14
1401.1602   -344.65    0.9229    0.0617  1.1952e-14  7.9912e-16  1.2951e-14
1401.1902   -338.25    0.9389    0.0615  1.2184e-14  7.9857e-16  1.2977e-14
1401.2201   -331.86    0.9446    0.0618  1.2284e-14  8.0369e-16  1.3003e-14
1401.2500   -325.47    0.9998    0.0641  1.3027e-14  8.3577e-16  1.3030e-14
1401.2799   -319.08    0.9136    0.0605  1.1928e-14  7.8966e-16  1.3056e-14
1401.3098   -312.69    0.8351    0.0583  1.0925e-14  7.6289e-16  1.3083e-14
1401.3397   -306.29    0.7797    0.0567  1.0221e-14  7.4276e-16  1.3110e-14
1401.3696   -299.90    0.8915    0.0602  1.1711e-14  7.9086e-16  1.3137e-14
1401.3995   -293.51    0.9142    0.0608  1.2035e-14  8.0018e-16  1.3165e-14
1401.4294   -287.12    0.7847    0.0559  1.0352e-14  7.3724e-16  1.3192e-14
1401.4593   -280.72    0.8180    0.0568  1.0815e-14  7.5157e-16  1.3220e-14
1401.4893   -274.33    0.8106    0.0560  1.0739e-14  7.4257e-16  1.3249e-14
1401.5192   -267.94    0.8809    0.0583  1.1695e-14  7.7453e-16  1.3277e-14
1401.5491   -261.55    0.8871    0.0584  1.1804e-14  7.7717e-16  1.3306e-14
1401.5790   -255.16    0.7765    0.0547  1.0354e-14  7.2942e-16  1.3335e-14
1401.6089   -248.76    0.7549    0.0575  1.0089e-14  7.6857e-16  1.3364e-14
1401.6388   -242.37    0.6463    0.0572  8.6567e-15  7.6601e-16  1.3393e-14
1401.6687   -235.98    0.6019    0.0557  8.0797e-15  7.4726e-16  1.3423e-14
1401.6986   -229.59    0.6070    0.0562  8.1666e-15  7.5569e-16  1.3453e-14
1401.7285   -223.19    0.6011    0.0554  8.1043e-15  7.4677e-16  1.3483e-14
1401.7584   -216.80    0.5506    0.0532  7.4409e-15  7.1908e-16  1.3514e-14
1401.7884   -210.41    0.4981    0.0500  6.7467e-15  6.7747e-16  1.3544e-14
1401.8183   -204.02    0.4652    0.0491  6.3146e-15  6.6627e-16  1.3575e-14
1401.8482   -197.63    0.4131    0.0452  5.6214e-15  6.1468e-16  1.3607e-14
1401.8781   -191.23    0.4521    0.0486  6.1664e-15  6.6262e-16  1.3638e-14
1401.9080   -184.84    0.4992    0.0500  6.8244e-15  6.8412e-16  1.3670e-14
1401.9379   -178.45    0.5143    0.0680  7.0467e-15  9.3120e-16  1.3702e-14
1401.9678   -172.06    0.4796    0.0662  6.5862e-15  9.0923e-16  1.3734e-14
1401.9977   -165.66    0.5572    0.0752  7.6703e-15  1.0346e-15  1.3767e-14
1402.0276   -159.27    0.5344    0.0737  7.3742e-15  1.0167e-15  1.3799e-14
1402.0575   -152.88    0.5524    0.0751  7.6416e-15  1.0383e-15  1.3832e-14
1402.0875   -146.49    0.6024    0.0790  8.3524e-15  1.0952e-15  1.3866e-14
1402.1174   -140.10    0.5122    0.0736  7.1197e-15  1.0225e-15  1.3899e-14
1402.1473   -133.70    0.5560    0.0640  7.7472e-15  8.9195e-16  1.3933e-14
1402.1772   -127.31    0.5735    0.0644  8.0102e-15  8.9963e-16  1.3967e-14
1402.2071   -120.92    0.5530    0.0633  7.7429e-15  8.8656e-16  1.4002e-14
1402.2370   -114.53    0.6944    0.0704  9.7471e-15  9.8814e-16  1.4036e-14
1402.2669   -108.14    0.6592    0.0681  9.2757e-15  9.5801e-16  1.4071e-14
1402.2968   -101.74    0.7232    0.0715  1.0201e-14  1.0091e-15  1.4107e-14
1402.3267    -95.35    0.7303    0.0721  1.0328e-14  1.0195e-15  1.4142e-14
1402.3566    -88.96    0.7715    0.0740  1.0938e-14  1.0485e-15  1.4178e-14
1402.3866    -82.57    0.9117    0.0792  1.2958e-14  1.1252e-15  1.4214e-14
1402.4165    -76.17    0.7429    0.0729  1.0586e-14  1.0396e-15  1.4250e-14
1402.4464    -69.78    0.8262    0.0760  1.1804e-14  1.0862e-15  1.4287e-14
1402.4763    -63.39    0.7993    0.0749  1.1449e-14  1.0731e-15  1.4324e-14
1402.5062    -57.00    0.7899    0.0743  1.1343e-14  1.0671e-15  1.4361e-14
1402.5361    -50.61    0.8119    0.0751  1.1690e-14  1.0811e-15  1.4398e-14
1402.5660    -44.21    0.7542    0.0698  1.0888e-14  1.0082e-15  1.4436e-14
1402.5959    -37.82    0.6285    0.0497  9.0974e-15  7.1866e-16  1.4474e-14
1402.6258    -31.43    0.7249    0.0511  1.0520e-14  7.4216e-16  1.4513e-14
1402.6557    -25.04    0.7274    0.0505  1.0584e-14  7.3542e-16  1.4551e-14
1402.6857    -18.64    0.7227    0.0504  1.0544e-14  7.3537e-16  1.4590e-14
1402.7156    -12.25    0.7812    0.0533  1.1429e-14  7.7980e-16  1.4629e-14
1402.7455     -5.86    0.8419    0.0553  1.2350e-14  8.1093e-16  1.4669e-14
1402.7754      0.53    0.8365    0.0545  1.2304e-14  8.0231e-16  1.4709e-14
1402.8053      6.92    0.8490    0.0549  1.2522e-14  8.0962e-16  1.4749e-14
1402.8352     13.32    0.8393    0.0544  1.2412e-14  8.0469e-16  1.4789e-14
1402.8651     19.71    0.7822    0.0530  1.1599e-14  7.8587e-16  1.4830e-14
1402.8950     26.10    0.8194    0.0545  1.2185e-14  8.1100e-16  1.4871e-14
1402.9249     32.49    0.7846    0.0528  1.1701e-14  7.8687e-16  1.4912e-14
1402.9548     38.89    0.8386    0.0542  1.2540e-14  8.1001e-16  1.4954e-14
1402.9848     45.28    0.8471    0.0547  1.2703e-14  8.2043e-16  1.4996e-14
1403.0147     51.67    0.8835    0.0559  1.3286e-14  8.4046e-16  1.5038e-14
1403.0446     58.06    0.8863    0.0564  1.3365e-14  8.5014e-16  1.5081e-14
1403.0745     64.45    0.8634    0.0548  1.3058e-14  8.2823e-16  1.5124e-14
1403.1044     70.85    0.8713    0.0552  1.3214e-14  8.3650e-16  1.5167e-14
1403.1343     77.24    0.9049    0.0559  1.3764e-14  8.5094e-16  1.5210e-14
1403.1642     83.63    0.8827    0.0551  1.3465e-14  8.4028e-16  1.5254e-14
1403.1941     90.02    0.7926    0.0522  1.2125e-14  7.9905e-16  1.5298e-14
1403.2240     96.41    0.9722    0.0578  1.4916e-14  8.8709e-16  1.5343e-14
1403.2539    102.81    0.9808    0.0572  1.5091e-14  8.8002e-16  1.5387e-14
1403.2839    109.20    1.0103    0.0580  1.5592e-14  8.9579e-16  1.5432e-14
1403.3138    115.59    0.9334    0.0565  1.4446e-14  8.7375e-16  1.5478e-14
1403.3437    121.98    0.9579    0.0574  1.4870e-14  8.9036e-16  1.5523e-14
1403.3736    128.38    0.9505    0.0567  1.4798e-14  8.8353e-16  1.5569e-14
1403.4035    134.77    0.9477    0.0567  1.4799e-14  8.8514e-16  1.5616e-14
1403.4334    141.16    0.9937    0.0582  1.5564e-14  9.1193e-16  1.5662e-14
1403.4633    147.55    1.0282    0.0584  1.6152e-14  9.1805e-16  1.5709e-14
1403.4932    153.94    1.0730    0.0597  1.6907e-14  9.3998e-16  1.5757e-14
1403.5231    160.34    1.0070    0.0587  1.5915e-14  9.2760e-16  1.5804e-14
1403.5530    166.73    1.0393    0.0591  1.6475e-14  9.3763e-16  1.5852e-14
1403.5830    173.12    0.9672    0.0562  1.5380e-14  8.9408e-16  1.5901e-14
1403.6129    179.51    0.9742    0.0566  1.5537e-14  9.0318e-16  1.5949e-14
1403.6428    185.91    1.0063    0.0576  1.6099e-14  9.2142e-16  1.5998e-14
1403.6727    192.30    1.0182    0.0575  1.6339e-14  9.2254e-16  1.6048e-14
1403.7026    198.69    1.0240    0.0578  1.6484e-14  9.2985e-16  1.6097e-14
1403.7325    205.08    1.0361    0.0581  1.6730e-14  9.3876e-16  1.6147e-14
1403.7624    211.47    1.0749    0.0589  1.7410e-14  9.5458e-16  1.6198e-14
1403.7923    217.87    1.0657    0.0584  1.7316e-14  9.4907e-16  1.6248e-14
1403.8222    224.26    0.9917    0.0562  1.6164e-14  9.1655e-16  1.6299e-14
1403.8521    230.65    1.0768    0.0587  1.7606e-14  9.5913e-16  1.6351e-14
1403.8821    237.04    0.9740    0.0560  1.5976e-14  9.1835e-16  1.6402e-14
1403.9120    243.44    1.0220    0.0570  1.6816e-14  9.3770e-16  1.6454e-14
1403.9419    249.83    1.0172    0.0576  1.6790e-14  9.5012e-16  1.6507e-14
1403.9718    256.22    1.0015    0.0565  1.6585e-14  9.3532e-16  1.6559e-14
1404.0017    262.61    1.1235    0.0593  1.8664e-14  9.8590e-16  1.6612e-14
1404.0316    269.00    1.0120    0.0570  1.6866e-14  9.5011e-16  1.6666e-14
1404.0615    275.40    0.9441    0.0561  1.5785e-14  9.3753e-16  1.6720e-14
1404.0914    281.79    0.9390    0.0579  1.5750e-14  9.7047e-16  1.6774e-14
1404.1213    288.18    0.9684    0.0587  1.6297e-14  9.8812e-16  1.6828e-14
1404.1512    294.57    1.0078    0.0608  1.7015e-14  1.0260e-15  1.6883e-14
1404.1812    300.97    0.8966    0.0597  1.5186e-14  1.0112e-15  1.6938e-14
1404.2111    307.36    0.8843    0.0607  1.5027e-14  1.0311e-15  1.6993e-14
1404.2410    313.75    0.9618    0.0624  1.6396e-14  1.0632e-15  1.7048e-14
1404.2709    320.14    1.0705    0.0660  1.8308e-14  1.1294e-15  1.7103e-14
1404.3008    326.53    1.0115    0.0637  1.7356e-14  1.0926e-15  1.7158e-14
1404.3307    332.93    1.0010    0.0623  1.7230e-14  1.0723e-15  1.7213e-14
1404.3606    339.32    1.0309    0.0631  1.7801e-14  1.0902e-15  1.7268e-14
1404.3905    345.71    1.0556    0.0635  1.8286e-14  1.1000e-15  1.7323e-14
1404.4204    352.10    0.9751    0.0615  1.6945e-14  1.0694e-15  1.7378e-14
1404.4503    358.49    0.9578    0.0602  1.6697e-14  1.0490e-15  1.7433e-14
1404.4803    364.89    0.9602    0.0602  1.6792e-14  1.0520e-15  1.7488e-14
1404.5102    371.28    0.9562    0.0598  1.6775e-14  1.0489e-15  1.7543e-14
1404.5401    377.67    1.0378    0.0626  1.8264e-14  1.1021e-15  1.7599e-14
1404.5700    384.06    0.9326    0.0602  1.6463e-14  1.0622e-15  1.7654e-14
1404.5999    390.46    0.9869    0.0586  1.7477e-14  1.0372e-15  1.7709e-14
1404.6298    396.85    0.9484    0.0562  1.6848e-14  9.9905e-16  1.7765e-14
1404.6597    403.24    0.9491    0.0537  1.6913e-14  9.5783e-16  1.7820e-14
1404.6896    409.63    0.9687    0.0536  1.7315e-14  9.5847e-16  1.7876e-14
1404.7195    416.02    1.0254    0.0551  1.8387e-14  9.8738e-16  1.7931e-14
1404.7494    422.42    0.8926    0.0514  1.6055e-14  9.2486e-16  1.7987e-14
1404.7794    428.81    0.9087    0.0518  1.6395e-14  9.3463e-16  1.8042e-14
1404.8093    435.20    0.9184    0.0518  1.6621e-14  9.3671e-16  1.8098e-14
1404.8392    441.59    0.9335    0.0521  1.6945e-14  9.4633e-16  1.8153e-14
1404.8691    447.99    0.9707    0.0529  1.7676e-14  9.6347e-16  1.8209e-14
1404.8990    454.38    1.0466    0.0549  1.9116e-14  1.0023e-15  1.8264e-14
1404.9289    460.77    0.9970    0.0532  1.8266e-14  9.7492e-16  1.8320e-14
1404.9588    467.16    1.0070    0.0536  1.8504e-14  9.8534e-16  1.8376e-14
1404.9887    473.55    0.9002    0.0506  1.6591e-14  9.3209e-16  1.8432e-14
1405.0186    479.95    0.9983    0.0534  1.8456e-14  9.8709e-16  1.8487e-14
1405.0485    486.34    1.1064    0.0566  2.0516e-14  1.0487e-15  1.8543e-14
1405.0785    492.73    1.0421    0.0548  1.9381e-14  1.0201e-15  1.8599e-14
1405.1084    499.12    1.0466    0.0547  1.9524e-14  1.0205e-15  1.8655e-14
1405.1383    505.52    0.9983    0.0534  1.8678e-14  9.9900e-16  1.8711e-14
1405.1682    511.91    0.9871    0.0528  1.8525e-14  9.9107e-16  1.8766e-14
1405.1981    518.30    0.9276    0.0511  1.7459e-14  9.6131e-16  1.8822e-14
1405.2280    524.69    1.0461    0.0537  1.9749e-14  1.0143e-15  1.8878e-14
1405.2579    531.08    1.0745    0.0544  2.0345e-14  1.0298e-15  1.8934e-14
1405.2878    537.48    1.0399    0.0533  1.9748e-14  1.0124e-15  1.8990e-14
1405.3177    543.87    0.9644    0.0518  1.8368e-14  9.8582e-16  1.9046e-14
1405.3476    550.26    0.9023    0.0498  1.7236e-14  9.5104e-16  1.9102e-14
1405.3776    556.65    0.9307    0.0506  1.7831e-14  9.7017e-16  1.9158e-14
1405.4075    563.04    0.9161    0.0508  1.7602e-14  9.7683e-16  1.9214e-14
1405.4374    569.44    0.8684    0.0493  1.6734e-14  9.4991e-16  1.9270e-14
1405.4673    575.83    0.9983    0.0522  1.9293e-14  1.0086e-15  1.9326e-14
1405.4972    582.22    1.0131    0.0530  1.9636e-14  1.0269e-15  1.9383e-14
1405.5271    588.61    0.9619    0.0513  1.8697e-14  9.9631e-16  1.9439e-14
1405.5570    595.01    0.8788    0.0487  1.7132e-14  9.5017e-16  1.9495e-14
1405.5869    601.40    0.9629    0.0514  1.8826e-14  1.0043e-15  1.9551e-14
1405.6168    607.79    0.9099    0.0496  1.7840e-14  9.7218e-16  1.9607e-14
1405.6467    614.18    0.9225    0.0500  1.8140e-14  9.8346e-16  1.9664e-14
1405.6767    620.57    0.9577    0.0510  1.8885e-14  1.0050e-15  1.9720e-14
1405.7066    626.97    0.9227    0.0498  1.8247e-14  9.8394e-16  1.9776e-14
1405.7365    633.36    0.9805    0.0514  1.9446e-14  1.0193e-15  1.9832e-14
1405.7664    639.75    0.8843    0.0484  1.7587e-14  9.6201e-16  1.9889e-14
1405.7963    646.14    0.8430    0.0476  1.6814e-14  9.4897e-16  1.9945e-14
1405.8262    652.54    0.9928    0.0516  1.9857e-14  1.0320e-15  2.0001e-14
1405.8561    658.93    0.9934    0.0513  1.9925e-14  1.0286e-15  2.0058e-14
1405.8860    665.32    1.0781    0.0531  2.1686e-14  1.0682e-15  2.0114e-14
1405.9159    671.71    1.0586    0.0526  2.1352e-14  1.0615e-15  2.0170e-14
1405.9458    678.10    1.0937    0.0533  2.2121e-14  1.0784e-15  2.0227e-14
1405.9758    684.50    1.0039    0.0508  2.0363e-14  1.0295e-15  2.0283e-14
1406.0057    690.89    1.0458    0.0520  2.1272e-14  1.0573e-15  2.0340e-14
1406.0356    697.28    1.0693    0.0529  2.1810e-14  1.0784e-15  2.0396e-14
1406.0655    703.67    1.0296    0.0515  2.1057e-14  1.0531e-15  2.0452e-14
1406.0954    710.07    1.0244    0.0511  2.1009e-14  1.0474e-15  2.0509e-14
1406.1253    716.46    0.9046    0.0484  1.8604e-14  9.9493e-16  2.0565e-14
1406.1552    722.85    0.9924    0.0507  2.0465e-14  1.0450e-15  2.0622e-14
1406.1851    729.24    0.9501    0.0491  1.9646e-14  1.0155e-15  2.0678e-14
1406.2150    735.63    1.0211    0.0510  2.1173e-14  1.0573e-15  2.0735e-14
1406.2449    742.03    0.9654    0.0492  2.0073e-14  1.0240e-15  2.0791e-14
1406.2749    748.42    1.0108    0.0508  2.1073e-14  1.0586e-15  2.0848e-14
1406.3048    754.81    0.9883    0.0500  2.0659e-14  1.0456e-15  2.0905e-14
1406.3347    761.20    1.0098    0.0501  2.1167e-14  1.0500e-15  2.0961e-14
1406.3646    767.60    0.9665    0.0494  2.0314e-14  1.0381e-15  2.1018e-14
1406.3945    773.99    0.9315    0.0483  1.9630e-14  1.0182e-15  2.1074e-14
1406.4244    780.38    0.9323    0.0482  1.9701e-14  1.0194e-15  2.1131e-14
1406.4543    786.77    1.0042    0.0500  2.1276e-14  1.0596e-15  2.1187e-14
1406.4842    793.16    1.0411    0.0508  2.2117e-14  1.0800e-15  2.1244e-14
1406.5141    799.56    1.0116    0.0502  2.1548e-14  1.0695e-15  2.1301e-14
1406.5440    805.95    0.9738    0.0489  2.0799e-14  1.0448e-15  2.1357e-14
1406.5740    812.34    1.0352    0.0507  2.2168e-14  1.0865e-15  2.1414e-14
1406.6039    818.73    0.9501    0.0482  2.0399e-14  1.0343e-15  2.1471e-14
1406.6338    825.12    0.9627    0.0483  2.0725e-14  1.0398e-15  2.1527e-14
1406.6637    831.52    0.9185    0.0473  1.9826e-14  1.0218e-15  2.1584e-14
1406.6936    837.91    0.9807    0.0489  2.1223e-14  1.0592e-15  2.1641e-14
1406.7235    844.30    0.9897    0.0492  2.1473e-14  1.0673e-15  2.1697e-14
1406.7534    850.69    0.9924    0.0497  2.1589e-14  1.0814e-15  2.1754e-14
1406.7833    857.09    1.0144    0.0499  2.2125e-14  1.0880e-15  2.1811e-14
1406.8132    863.48    1.0143    0.0502  2.2180e-14  1.0976e-15  2.1867e-14
1406.8431    869.87    1.0010    0.0491  2.1946e-14  1.0758e-15  2.1924e-14
1406.8731    876.26    1.0166    0.0493  2.2345e-14  1.0847e-15  2.1981e-14
1406.9030    882.65    1.0618    0.0504  2.3399e-14  1.1108e-15  2.2037e-14
1406.9329    889.05    1.0099    0.0493  2.2314e-14  1.0888e-15  2.2094e-14
1406.9628    895.44    0.9559    0.0476  2.1173e-14  1.0536e-15  2.2151e-14
1406.9927    901.83    0.9521    0.0475  2.1144e-14  1.0551e-15  2.2207e-14
1407.0226    908.22    0.8585    0.0453  1.9114e-14  1.0086e-15  2.2264e-14
1407.0525    914.62    0.9083    0.0469  2.0274e-14  1.0464e-15  2.2321e-14
1407.0824    921.01    0.8946    0.0461  2.0018e-14  1.0307e-15  2.2377e-14
1407.1123    927.40    0.9430    0.0473  2.1155e-14  1.0606e-15  2.2434e-14
1407.1422    933.79    0.8969    0.0461  2.0172e-14  1.0369e-15  2.2491e-14
1407.1722    940.18    0.9697    0.0476  2.1865e-14  1.0727e-15  2.2548e-14
1407.2021    946.58    0.9559    0.0472  2.1607e-14  1.0675e-15  2.2604e-14
1407.2320    952.97    0.9561    0.0473  2.1665e-14  1.0728e-15  2.2661e-14
1407.2619    959.36    0.9956    0.0486  2.2617e-14  1.1031e-15  2.2718e-14
1407.2918    965.75    0.9578    0.0472  2.1813e-14  1.0752e-15  2.2774e-14
1407.3217    972.15    0.9637    0.0475  2.2003e-14  1.0835e-15  2.2831e-14
1407.3516    978.54    0.9234    0.0465  2.1136e-14  1.0634e-15  2.2888e-14
1407.3815    984.93    0.9024    0.0459  2.0705e-14  1.0521e-15  2.2944e-14
1407.4114    991.32    0.9608    0.0469  2.2099e-14  1.0792e-15  2.3001e-14
1407.4413    997.71    0.9609    0.0470  2.2157e-14  1.0834e-15  2.3058e-14
1407.4713   1004.11    1.0464    0.0491  2.4186e-14  1.1349e-15  2.3114e-14
1407.5012   1010.50    1.0499    0.0487  2.4328e-14  1.1274e-15  2.3171e-14
1407.5311   1016.89    1.0894    0.0497  2.5305e-14  1.1554e-15  2.3228e-14
1407.5610   1023.28    1.0310    0.0485  2.4006e-14  1.1294e-15  2.3284e-14
1407.5909   1029.67    0.9654    0.0472  2.2535e-14  1.1017e-15  2.3341e-14
1407.6208   1036.07    1.0237    0.0484  2.3953e-14  1.1327e-15  2.3398e-14
1407.6507   1042.46    1.0125    0.0481  2.3746e-14  1.1276e-15  2.3454e-14
1407.6806   1048.85    0.9397    0.0460  2.2094e-14  1.0821e-15  2.3511e-14
1407.7105   1055.24    0.9346    0.0459  2.2025e-14  1.0819e-15  2.3568e-14
1407.7404   1061.64    0.9085    0.0451  2.1464e-14  1.0662e-15  2.3624e-14
1407.7704   1068.03    0.9256    0.0458  2.1920e-14  1.0842e-15  2.3681e-14
1407.8003   1074.42    0.9841    0.0469  2.3360e-14  1.1143e-15  2.3737e-14
1407.8302   1080.81    0.9784    0.0468  2.3281e-14  1.1139e-15  2.3794e-14
1407.8601   1087.20    1.0381    0.0483  2.4759e-14  1.1530e-15  2.3851e-14
1407.8900   1093.60    1.0461    0.0483  2.5010e-14  1.1554e-15  2.3907e-14
1407.9199   1099.99    0.9799    0.0467  2.3481e-14  1.1194e-15  2.3964e-14
1407.9498   1106.38    0.9490    0.0463  2.2795e-14  1.1111e-15  2.4020e-14
1407.9797   1112.77    0.9221    0.0455  2.2201e-14  1.0964e-15  2.4077e-14
1408.0096   1119.17    0.8959    0.0448  2.1622e-14  1.0818e-15  2.4133e-14
1408.0395   1125.56    0.9418    0.0460  2.2781e-14  1.1121e-15  2.4190e-14
1408.0695   1131.95    1.0260    0.0477  2.4876e-14  1.1554e-15  2.4247e-14
1408.0994   1138.34    0.9084    0.0449  2.2076e-14  1.0908e-15  2.4303e-14
1408.1293   1144.73    0.8894    0.0441  2.1666e-14  1.0743e-15  2.4360e-14
1408.1592   1151.13    0.9259    0.0450  2.2606e-14  1.0984e-15  2.4416e-14
1408.1891   1157.52    0.9124    0.0444  2.2328e-14  1.0865e-15  2.4472e-14
1408.2190   1163.91    0.9147    0.0446  2.2438e-14  1.0936e-15  2.4529e-14
1408.2489   1170.30    0.9280    0.0446  2.2815e-14  1.0970e-15  2.4585e-14
1408.2788   1176.70    1.0037    0.0464  2.4732e-14  1.1441e-15  2.4642e-14
1408.3087   1183.09    0.9727    0.0457  2.4023e-14  1.1297e-15  2.4698e-14
1408.3386   1189.48    0.9971    0.0463  2.4683e-14  1.1468e-15  2.4755e-14
1408.3686   1195.87    1.0652    0.0479  2.6430e-14  1.1888e-15  2.4811e-14
1408.3985   1202.26    0.9789    0.0461  2.4343e-14  1.1476e-15  2.4867e-14
1408.4284   1208.66    0.9544    0.0453  2.3787e-14  1.1296e-15  2.4924e-14
1408.4583   1215.05    1.0839    0.0482  2.7076e-14  1.2037e-15  2.4980e-14
1408.4882   1221.44    1.0484    0.0473  2.6248e-14  1.1842e-15  2.5036e-14
1408.5181   1227.83    1.0349    0.0470  2.5967e-14  1.1782e-15  2.5093e-14
1408.5480   1234.22    0.9343    0.0446  2.3497e-14  1.1228e-15  2.5149e-14
1408.5779   1240.62    0.9350    0.0443  2.3568e-14  1.1164e-15  2.5205e-14
1408.6078   1247.01    0.8714    0.0428  2.2014e-14  1.0819e-15  2.5261e-14
1408.6377   1253.40    0.9917    0.0459  2.5107e-14  1.1610e-15  2.5318e-14
1408.6677   1259.79    0.9538    0.0448  2.4201e-14  1.1373e-15  2.5374e-14
1408.6976   1266.19    0.9157    0.0438  2.3285e-14  1.1150e-15  2.5430e-14
1408.7275   1272.58    0.9327    0.0441  2.3772e-14  1.1238e-15  2.5486e-14
1408.7574   1278.97    0.9949    0.0458  2.5412e-14  1.1687e-15  2.5542e-14
1408.7873   1285.36    0.9369    0.0443  2.3982e-14  1.1328e-15  2.5599e-14
1408.8172   1291.75    0.9427    0.0445  2.4184e-14  1.1408e-15  2.5655e-14
1408.8471   1298.15    1.0053    0.0456  2.5848e-14  1.1734e-15  2.5711e-14
1408.8770   1304.54    0.9343    0.0441  2.4075e-14  1.1356e-15  2.5767e-14
1408.9069   1310.93    0.8878    0.0429  2.2926e-14  1.1082e-15  2.5823e-14
1408.9368   1317.32    0.8553    0.0423  2.2135e-14  1.0957e-15  2.5879e-14
1408.9668   1323.72    0.9121    0.0439  2.3654e-14  1.1375e-15  2.5935e-14
1408.9967   1330.11    0.8806    0.0429  2.2887e-14  1.1160e-15  2.5991e-14
1409.0266   1336.50    0.8995    0.0432  2.3429e-14  1.1265e-15  2.6047e-14
1409.0565   1342.89    0.8706    0.0423  2.2727e-14  1.1051e-15  2.6103e-14
1409.0864   1349.28    0.8676    0.0422  2.2696e-14  1.1044e-15  2.6160e-14
1409.1163   1355.68    0.9393    0.0438  2.4626e-14  1.1494e-15  2.6216e-14
1409.1462   1362.07    0.9906    0.0452  2.6027e-14  1.1866e-15  2.6273e-14
1409.1761   1368.46    1.0486    0.0461  2.7608e-14  1.2145e-15  2.6330e-14
1409.2060   1374.85    0.9451    0.0439  2.4938e-14  1.1591e-15  2.6386e-14
1409.2359   1381.25    0.9996    0.0449  2.6434e-14  1.1884e-15  2.6443e-14
1409.2659   1387.64    0.9237    0.0432  2.4479e-14  1.1439e-15  2.6500e-14
1409.2958   1394.03    1.0242    0.0453  2.7200e-14  1.2038e-15  2.6557e-14
1409.3257   1400.42    1.0338    0.0453  2.7515e-14  1.2059e-15  2.6615e-14
1409.3556   1406.81    0.9921    0.0443  2.6461e-14  1.1823e-15  2.6672e-14
1409.3855   1413.21    0.9643    0.0438  2.5775e-14  1.1705e-15  2.6729e-14
1409.4154   1419.60    0.9906    0.0446  2.6536e-14  1.1936e-15  2.6787e-14
1409.4453   1425.99    0.9267    0.0428  2.4877e-14  1.1488e-15  2.6844e-14
1409.4752   1432.38    0.9267    0.0428  2.4929e-14  1.1524e-15  2.6902e-14
1409.5051   1438.78    0.9441    0.0435  2.5453e-14  1.1724e-15  2.6960e-14
1409.5350   1445.17    0.7310    0.0385  1.9749e-14  1.0404e-15  2.7017e-14
1409.5650   1451.56    0.7107    0.0376  1.9242e-14  1.0187e-15  2.7075e-14
1409.5949   1457.95    0.7818    0.0396  2.1211e-14  1.0744e-15  2.7133e-14
1409.6248   1464.34    0.7241    0.0378  1.9689e-14  1.0266e-15  2.7191e-14
1409.6547   1470.74    0.6160    0.0348  1.6785e-14  9.4763e-16  2.7249e-14
1409.6846   1477.13    0.7258    0.0378  1.9819e-14  1.0325e-15  2.7307e-14
1409.7145   1483.52    0.7682    0.0389  2.1023e-14  1.0632e-15  2.7365e-14
1409.7444   1489.91    0.8798    0.0415  2.4126e-14  1.1383e-15  2.7423e-14
1409.7743   1496.30    0.8962    0.0418  2.4629e-14  1.1478e-15  2.7481e-14
1409.8042   1502.70    0.9438    0.0429  2.5991e-14  1.1817e-15  2.7539e-14
1409.8341   1509.09    0.9475    0.0430  2.6148e-14  1.1878e-15  2.7598e-14
1409.8641   1515.48    1.0364    0.0449  2.8664e-14  1.2425e-15  2.7656e-14
1409.8940   1521.87    0.9762    0.0446  2.7054e-14  1.2364e-15  2.7714e-14
1409.9239   1528.27    1.0002    0.0496  2.7779e-14  1.3766e-15  2.7772e-14
1409.9538   1534.66    0.9995    0.0496  2.7818e-14  1.3812e-15  2.7830e-14
1409.9837   1541.05    0.8991    0.0474  2.5076e-14  1.3212e-15  2.7889e-14
1410.0136   1547.44    0.8846    0.0467  2.4721e-14  1.3050e-15  2.7947e-14
1410.0435   1553.83    0.9203    0.0482  2.5772e-14  1.3505e-15  2.8005e-14
1410.0734   1560.23    0.9049    0.0471  2.5394e-14  1.3230e-15  2.8063e-14
1410.1033   1566.62    0.9472    0.0481  2.6636e-14  1.3532e-15  2.8122e-14
1410.1332   1573.01    0.9140    0.0474  2.5757e-14  1.3356e-15  2.8180e-14
1410.1632   1579.40    0.9829    0.0487  2.7754e-14  1.3749e-15  2.8238e-14
1410.1931   1585.80    1.0010    0.0497  2.8326e-14  1.4069e-15  2.8296e-14
1410.2230   1592.19    0.9633    0.0491  2.7312e-14  1.3921e-15  2.8354e-14
1410.2529   1598.58    1.0025    0.0493  2.8483e-14  1.3994e-15  2.8412e-14
1410.2828   1604.97    1.0358    0.0506  2.9490e-14  1.4417e-15  2.8471e-14
1410.3127   1611.36    1.0378    0.0501  2.9607e-14  1.4306e-15  2.8529e-14
1410.3426   1617.76    1.0300    0.0495  2.9445e-14  1.4148e-15  2.8587e-14
1410.3725   1624.15    1.0380    0.0495  2.9732e-14  1.4176e-15  2.8645e-14
1410.4024   1630.54    1.0602    0.0498  3.0429e-14  1.4288e-15  2.8703e-14
1410.4323   1636.93    1.0560    0.0501  3.0370e-14  1.4398e-15  2.8760e-14
1410.4623   1643.33    1.0382    0.0460  2.9920e-14  1.3271e-15  2.8818e-14
1410.4922   1649.72    1.0605    0.0446  3.0623e-14  1.2866e-15  2.8876e-14
1410.5221   1656.11    0.9254    0.0413  2.6776e-14  1.1947e-15  2.8934e-14
1410.5520   1662.50    0.9779    0.0424  2.8352e-14  1.2296e-15  2.8991e-14
1410.5819   1668.89    1.0205    0.0435  2.9644e-14  1.2623e-15  2.9049e-14
1410.6118   1675.29    1.0396    0.0438  3.0260e-14  1.2762e-15  2.9106e-14
1410.6417   1681.68    0.9913    0.0429  2.8910e-14  1.2507e-15  2.9164e-14
1410.6716   1688.07    0.9729    0.0421  2.8429e-14  1.2309e-15  2.9221e-14
1410.7015   1694.46    1.0955    0.0447  3.2074e-14  1.3089e-15  2.9278e-14
1410.7314   1700.85    1.1165    0.0460  3.2754e-14  1.3494e-15  2.9335e-14
1410.7614   1707.25    1.0343    0.0463  3.0400e-14  1.3595e-15  2.9392e-14
1410.7913   1713.64    0.9971    0.0452  2.9364e-14  1.3312e-15  2.9449e-14
1410.8212   1720.03    0.9932    0.0449  2.9304e-14  1.3251e-15  2.9506e-14
1410.8511   1726.42    1.0984    0.0500  3.2472e-14  1.4773e-15  2.9563e-14
1410.8810   1732.82    0.9899    0.0478  2.9319e-14  1.4167e-15  2.9620e-14
1410.9109   1739.21    1.0666    0.0496  3.1651e-14  1.4711e-15  2.9676e-14
1410.9408   1745.60    1.0368    0.0487  3.0825e-14  1.4467e-15  2.9732e-14
1410.9707   1751.99    1.0802    0.0495  3.2178e-14  1.4754e-15  2.9789e-14
1411.0006   1758.38    1.0656    0.0490  3.1803e-14  1.4621e-15  2.9845e-14
1411.0305   1764.78    1.0328    0.0484  3.0882e-14  1.4463e-15  2.9901e-14
1411.0605   1771.17    1.0172    0.0480  3.0472e-14  1.4392e-15  2.9957e-14
1411.0904   1777.56    1.0190    0.0482  3.0583e-14  1.4472e-15  3.0013e-14
1411.1203   1783.95    0.9702    0.0473  2.9172e-14  1.4221e-15  3.0068e-14
1411.1502   1790.35    1.0159    0.0478  3.0602e-14  1.4404e-15  3.0124e-14
1411.1801   1796.74    1.0506    0.0412  3.1707e-14  1.2449e-15  3.0179e-14
1411.2100   1803.13    1.0164    0.0354  3.0729e-14  1.0716e-15  3.0234e-14
1411.2399   1809.52    0.9982    0.0341  3.0234e-14  1.0321e-15  3.0289e-14
1411.2698   1815.91    1.0099    0.0343  3.0643e-14  1.0397e-15  3.0344e-14
1411.2997   1822.31    1.0522    0.0352  3.1987e-14  1.0713e-15  3.0399e-14
1411.3296   1828.70    0.9171    0.0327  2.7927e-14  9.9526e-16  3.0453e-14
1411.3596   1835.09    0.9738    0.0335  2.9709e-14  1.0220e-15  3.0507e-14
1411.3895   1841.48    0.9549    0.0332  2.9184e-14  1.0132e-15  3.0562e-14
1411.4194   1847.88    1.0050    0.0341  3.0770e-14  1.0435e-15  3.0616e-14
1411.4493   1854.27    1.0218    0.0342  3.1337e-14  1.0484e-15  3.0669e-14
1411.4792   1860.66    1.0781    0.0351  3.3122e-14  1.0770e-15  3.0723e-14
1411.5091   1867.05    0.9720    0.0334  2.9916e-14  1.0292e-15  3.0777e-14
1411.5390   1873.44    0.9894    0.0337  3.0504e-14  1.0375e-15  3.0830e-14
1411.5689   1879.84    1.0220    0.0342  3.1561e-14  1.0558e-15  3.0883e-14
1411.5988   1886.23    0.9831    0.0336  3.0413e-14  1.0387e-15  3.0936e-14
1411.6287   1892.62    1.0059    0.0339  3.1172e-14  1.0508e-15  3.0988e-14
1411.6587   1899.01    0.9882    0.0337  3.0674e-14  1.0456e-15  3.1041e-14
1411.6886   1905.41    0.9442    0.0329  2.9358e-14  1.0243e-15  3.1093e-14
1411.7185   1911.80    0.9751    0.0335  3.0368e-14  1.0421e-15  3.1145e-14
1411.7484   1918.19    1.0137    0.0340  3.1625e-14  1.0601e-15  3.1197e-14
1411.7783   1924.58    1.0167    0.0339  3.1771e-14  1.0601e-15  3.1248e-14
1411.8082   1930.97    1.0243    0.0339  3.2062e-14  1.0625e-15  3.1300e-14
1411.8381   1937.37    1.0511    0.0345  3.2953e-14  1.0809e-15  3.1351e-14
1411.8680   1943.76    1.0237    0.0339  3.2146e-14  1.0643e-15  3.1402e-14
1411.8979   1950.15    1.0273    0.0338  3.2312e-14  1.0641e-15  3.1452e-14
1411.9278   1956.54    1.0523    0.0342  3.3152e-14  1.0782e-15  3.1503e-14
1411.9578   1962.93    1.0318    0.0339  3.2556e-14  1.0686e-15  3.1553e-14
1411.9877   1969.33    1.0129    0.0336  3.2009e-14  1.0612e-15  3.1603e-14
1412.0176   1975.72    0.9821    0.0332  3.1086e-14  1.0502e-15  3.1652e-14
1412.0475   1982.11    0.9486    0.0326  3.0071e-14  1.0328e-15  3.1701e-14
1412.0774   1988.50    0.9457    0.0325  3.0025e-14  1.0328e-15  3.1751e-14
1412.1073   1994.90    1.0019    0.0333  3.1859e-14  1.0574e-15  3.1799e-14
1412.1372   2001.29    1.0972    0.0348  3.4943e-14  1.1083e-15  3.1848e-14
1412.1671   2007.68    0.9941    0.0333  3.1707e-14  1.0622e-15  3.1896e-14
1412.1970   2014.07    0.9917    0.0386  3.1679e-14  1.2315e-15  3.1944e-14
1412.2269   2020.46    0.9901    0.0384  3.1675e-14  1.2300e-15  3.1992e-14
1412.2569   2026.86    1.0407    0.0410  3.3343e-14  1.3124e-15  3.2039e-14
1412.2868   2033.25    0.9715    0.0396  3.1171e-14  1.2699e-15  3.2087e-14
1412.3167   2039.64    0.9610    0.0395  3.0879e-14  1.2709e-15  3.2133e-14
1412.3466   2046.03    1.0198    0.0420  3.2817e-14  1.3524e-15  3.2180e-14
1412.3765   2052.43    1.0215    0.0433  3.2919e-14  1.3948e-15  3.2226e-14
1412.4064   2058.82    0.9430    0.0410  3.0433e-14  1.3247e-15  3.2272e-14
1412.4363   2065.21    0.9898    0.0427  3.1989e-14  1.3794e-15  3.2318e-14
1412.4662   2071.60    1.0456    0.0447  3.3839e-14  1.4480e-15  3.2363e-14
1412.4961   2077.99    1.0321    0.0446  3.3448e-14  1.4466e-15  3.2408e-14
1412.5260   2084.39    1.0640    0.0454  3.4527e-14  1.4723e-15  3.2449e-14
1412.5560   2090.78    1.0424    0.0451  3.3865e-14  1.4645e-15  3.2487e-14
1412.5859   2097.17    1.0030    0.0447  3.2617e-14  1.4546e-15  3.2521e-14
1412.6158   2103.56    0.9781    0.0444  3.1837e-14  1.4460e-15  3.2551e-14
1412.6457   2109.96    0.9687    0.0442  3.1558e-14  1.4396e-15  3.2577e-14
1412.6756   2116.35    0.9398    0.0432  3.0638e-14  1.4076e-15  3.2600e-14
1412.7055   2122.74    0.9383    0.0435  3.0608e-14  1.4184e-15  3.2619e-14
1412.7354   2129.13    0.8698    0.0423  2.8387e-14  1.3798e-15  3.2635e-14
1412.7653   2135.52    0.8255    0.0413  2.6951e-14  1.3487e-15  3.2647e-14
1412.7952   2141.92    0.7488    0.0392  2.4452e-14  1.2787e-15  3.2656e-14
1412.8251   2148.31    0.5740    0.0345  1.8747e-14  1.1258e-15  3.2661e-14
1412.8551   2154.70    0.5023    0.0304  1.6405e-14  9.9220e-16  3.2663e-14
1412.8850   2161.09    0.4636    0.0260  1.5143e-14  8.4952e-16  3.2662e-14
1412.9149   2167.48    0.3205    0.0203  1.0467e-14  6.6140e-16  3.2658e-14
1412.9448   2173.88    0.2484    0.0174  8.1096e-15  5.6933e-16  3.2651e-14
1412.9747   2180.27    0.1872    0.0153  6.1097e-15  5.0023e-16  3.2640e-14
1413.0046   2186.66    0.1630    0.0144  5.3189e-15  4.6944e-16  3.2627e-14
1413.0345   2193.05    0.1722    0.0146  5.6151e-15  4.7493e-16  3.2611e-14
1413.0644   2199.45    0.1789    0.0152  5.8297e-15  4.9541e-16  3.2591e-14
1413.0943   2205.84    0.1654    0.0144  5.3865e-15  4.6988e-16  3.2569e-14
1413.1242   2212.23    0.0891    0.0108  2.9007e-15  3.5156e-16  3.2544e-14
1413.1542   2218.62    0.0767    0.0099  2.4944e-15  3.2036e-16  3.2517e-14
1413.1841   2225.01    0.0769    0.0095  2.4971e-15  3.0913e-16  3.2486e-14
1413.2140   2231.41    0.0652    0.0085  2.1166e-15  2.7729e-16  3.2453e-14
1413.2439   2237.80    0.0920    0.0102  2.9820e-15  3.2975e-16  3.2418e-14
1413.2738   2244.19    0.1032    0.0107  3.3432e-15  3.4493e-16  3.2380e-14
1413.3037   2250.58    0.1183    0.0113  3.8264e-15  3.6602e-16  3.2340e-14
1413.3336   2256.98    0.1681    0.0136  5.4294e-15  4.3833e-16  3.2297e-14
1413.3635   2263.37    0.2657    0.0172  8.5708e-15  5.5373e-16  3.2252e-14
1413.3934   2269.76    0.3877    0.0208  1.2485e-14  6.6922e-16  3.2204e-14
1413.4233   2276.15    0.4827    0.0230  1.5520e-14  7.4073e-16  3.2155e-14
1413.4533   2282.54    0.6677    0.0270  2.1434e-14  8.6737e-16  3.2103e-14
1413.4832   2288.94    0.7586    0.0289  2.4314e-14  9.2631e-16  3.2049e-14
1413.5131   2295.33    0.8606    0.0310  2.7533e-14  9.9142e-16  3.1993e-14
1413.5430   2301.72    0.9470    0.0325  3.0242e-14  1.0384e-15  3.1935e-14
1413.5729   2308.11    1.0076    0.0334  3.2116e-14  1.0654e-15  3.1875e-14
1413.6028   2314.51    0.9983    0.0333  3.1759e-14  1.0593e-15  3.1813e-14
1413.6327   2320.90    0.9977    0.0335  3.1678e-14  1.0632e-15  3.1750e-14
1413.6626   2327.29    1.0198    0.0339  3.2313e-14  1.0743e-15  3.1684e-14
1413.6925   2333.68    1.0320    0.0341  3.2628e-14  1.0782e-15  3.1617e-14
1413.7224   2340.07    1.0769    0.0346  3.3974e-14  1.0911e-15  3.1548e-14
1413.7524   2346.47    1.0696    0.0371  3.3667e-14  1.1682e-15  3.1478e-14
1413.7823   2352.86    1.0807    0.0409  3.3942e-14  1.2844e-15  3.1406e-14
1413.8122   2359.25    1.1097    0.0417  3.4771e-14  1.3051e-15  3.1333e-14
1413.8421   2365.64    1.0458    0.0420  3.2689e-14  1.3127e-15  3.1258e-14
1413.8720   2372.03    1.1343    0.0435  3.5371e-14  1.3577e-15  3.1182e-14
1413.9019   2378.43    1.0076    0.0413  3.1342e-14  1.2852e-15  3.1104e-14
1413.9318   2384.82    1.0792    0.0425  3.3482e-14  1.3195e-15  3.1026e-14
1413.9617   2391.21    1.0619    0.0418  3.2861e-14  1.2933e-15  3.0946e-14
1413.9916   2397.60    1.0371    0.0410  3.2009e-14  1.2656e-15  3.0864e-14
1414.0215   2404.00    1.0347    0.0345  3.1850e-14  1.0634e-15  3.0782e-14
1414.0515   2410.39    0.9885    0.0338  3.0346e-14  1.0382e-15  3.0699e-14
1414.0814   2416.78    1.0241    0.0344  3.1352e-14  1.0544e-15  3.0615e-14
1414.1113   2423.17    1.0008    0.0342  3.0555e-14  1.0450e-15  3.0529e-14
1414.1412   2429.56    0.9733    0.0337  2.9630e-14  1.0249e-15  3.0443e-14
1414.1711   2435.96    0.9634    0.0335  2.9246e-14  1.0162e-15  3.0356e-14
