# Wave  Vhel  NormFlux  NormErr      Flux        Error       Continuum
1234.0531  -2110.92    1.0557    0.1157  7.0811e-15  7.7599e-16  6.7076e-15
1234.0830  -2103.71    1.0212    0.1138  6.8500e-15  7.6366e-16  6.7078e-15
1234.1129  -2096.49    1.0964    0.1179  7.3550e-15  7.9061e-16  6.7080e-15
1234.1428  -2089.28    0.9889    0.1121  6.6336e-15  7.5190e-16  6.7082e-15
1234.1727  -2082.06    0.9888    0.1121  6.6332e-15  7.5172e-16  6.7084e-15
1234.2026  -2074.85    0.9343    0.1090  6.2678e-15  7.3113e-16  6.7086e-15
1234.2325  -2067.63    1.0219    0.1139  6.8555e-15  7.6404e-16  6.7088e-15
1234.2624  -2060.42    0.9589    0.1104  6.4333e-15  7.4057e-16  6.7090e-15
1234.2924  -2053.20    0.9672    0.1109  6.4889e-15  7.4394e-16  6.7092e-15
1234.3223  -2045.99    1.0731    0.1167  7.1998e-15  7.8281e-16  6.7095e-15
1234.3522  -2038.77    1.0085    0.1131  6.7669e-15  7.5910e-16  6.7097e-15
1234.3821  -2031.56    1.1033    0.1182  7.4030e-15  7.9338e-16  6.7099e-15
1234.4120  -2024.34    1.0232    0.1140  6.8656e-15  7.6468e-16  6.7101e-15
1234.4419  -2017.13    1.0014    0.1127  6.7198e-15  7.5614e-16  6.7103e-15
1234.4718  -2009.91    1.2151    0.1240  8.1537e-15  8.3195e-16  6.7105e-15
1234.5017  -2002.70    1.1500    0.1206  7.7172e-15  8.0931e-16  6.7107e-15
1234.5316  -1995.48    1.0115    0.1132  6.7878e-15  7.5978e-16  6.7109e-15
1234.5615  -1988.27    0.9979    0.1125  6.6973e-15  7.5476e-16  6.7111e-15
1234.5915  -1981.05    1.0676    0.1162  7.1648e-15  7.7995e-16  6.7113e-15
1234.6214  -1973.84    0.8663    0.1050  5.8142e-15  7.0442e-16  6.7115e-15
1234.6513  -1966.62    1.0871    0.1173  7.2959e-15  7.8708e-16  6.7117e-15
1234.6812  -1959.41    0.9292    0.1086  6.2368e-15  7.2908e-16  6.7118e-15
1234.7111  -1952.19    0.9736    0.1111  6.5347e-15  7.4563e-16  6.7120e-15
1234.7410  -1944.98    0.9693    0.1238  6.5062e-15  8.3122e-16  6.7122e-15
1234.7709  -1937.76    1.0964    0.1563  7.3594e-15  1.0490e-15  6.7124e-15
1234.8008  -1930.55    0.9860    0.2284  6.6187e-15  1.5330e-15  6.7126e-15
1234.8307  -1923.33    0.9304    0.4429  6.2453e-15  2.9734e-15  6.7128e-15
1234.8606  -1916.12    0.0000    0.0906  0.0000e+00  6.0846e-16  6.7130e-15
1234.8906  -1908.90    0.0000    0.0918  0.0000e+00  6.1613e-16  6.7132e-15
1234.9205  -1901.69    0.0000    0.0929  0.0000e+00  6.2400e-16  6.7134e-15
1234.9504  -1894.47    0.0000    0.0941  0.0000e+00  6.3207e-16  6.7136e-15
1234.9803  -1887.26    0.0000    0.0954  0.0000e+00  6.4035e-16  6.7138e-15
1235.0102  -1880.04    0.9212    0.4040  6.1848e-15  2.7123e-15  6.7139e-15
1235.0401  -1872.83    0.9408    0.2245  6.3170e-15  1.5070e-15  6.7141e-15
1235.0700  -1865.61    0.4735    0.2278  3.1793e-15  1.5295e-15  6.7143e-15
1235.0999  -1858.40    0.9537    0.1576  6.4035e-15  1.0581e-15  6.7145e-15
1235.1298  -1851.18    0.9469    0.1569  6.3584e-15  1.0537e-15  6.7147e-15
1235.1597  -1843.97    1.0988    0.1687  7.3780e-15  1.1325e-15  6.7149e-15
1235.1897  -1836.75    1.2133    0.1769  8.1475e-15  1.1876e-15  6.7150e-15
1235.2196  -1829.54    0.9773    0.1593  6.5630e-15  1.0694e-15  6.7152e-15
1235.2495  -1822.32    0.8105    0.1454  5.4428e-15  9.7661e-16  6.7154e-15
1235.2794  -1815.11    1.0294    0.1631  6.9130e-15  1.0953e-15  6.7156e-15
1235.3093  -1807.89    0.9853    0.1597  6.6168e-15  1.0727e-15  6.7158e-15
1235.3392  -1800.68    0.7795    0.1426  5.2350e-15  9.5789e-16  6.7159e-15
1235.3691  -1793.46    1.1906    0.1751  7.9963e-15  1.1760e-15  6.7161e-15
1235.3990  -1786.25    1.4011    0.1895  9.4100e-15  1.2728e-15  6.7163e-15
1235.4289  -1779.03    0.9900    0.1600  6.6490e-15  1.0746e-15  6.7165e-15
1235.4588  -1771.82    0.9754    0.1589  6.5514e-15  1.0670e-15  6.7166e-15
1235.4888  -1764.60    1.0846    0.1673  7.2849e-15  1.1239e-15  6.7168e-15
1235.5187  -1757.39    0.9796    0.1593  6.5796e-15  1.0699e-15  6.7170e-15
1235.5486  -1750.17    0.8568    0.1493  5.7553e-15  1.0028e-15  6.7171e-15
1235.5785  -1742.96    0.7350    0.1387  4.9375e-15  9.3166e-16  6.7173e-15
1235.6084  -1735.74    0.9209    0.1546  6.1863e-15  1.0384e-15  6.7175e-15
1235.6383  -1728.53    0.6173    0.1429  4.1470e-15  9.6006e-16  6.7176e-15
1235.6682  -1721.31    1.0509    0.2215  7.0598e-15  1.4879e-15  6.7178e-15
1235.6981  -1714.10    0.8770    0.2026  5.8914e-15  1.3611e-15  6.7180e-15
1235.7280  -1706.88    1.0711    0.1977  7.1955e-15  1.3285e-15  6.7181e-15
1235.7579  -1699.67    0.9023    0.1408  6.0617e-15  9.4599e-16  6.7183e-15
1235.7879  -1692.45    1.0049    0.1463  6.7515e-15  9.8306e-16  6.7185e-15
1235.8178  -1685.24    0.9823    0.1473  6.5995e-15  9.8969e-16  6.7186e-15
1235.8477  -1678.02    1.2495    0.1655  8.3948e-15  1.1117e-15  6.7188e-15
1235.8776  -1670.81    1.0921    0.1517  7.3376e-15  1.0194e-15  6.7189e-15
1235.9075  -1663.59    0.8593    0.1405  5.7736e-15  9.4413e-16  6.7191e-15
1235.9374  -1656.38    0.9334    0.1478  6.2716e-15  9.9341e-16  6.7193e-15
1235.9673  -1649.16    1.0925    0.1533  7.3408e-15  1.0302e-15  6.7194e-15
1235.9972  -1641.95    0.8983    0.1411  6.0362e-15  9.4783e-16  6.7196e-15
1236.0271  -1634.73    0.9509    0.1457  6.3897e-15  9.7907e-16  6.7197e-15
1236.0570  -1627.52    0.8937    0.1421  6.0058e-15  9.5489e-16  6.7199e-15
1236.0870  -1620.30    0.9185    0.1415  6.1726e-15  9.5115e-16  6.7200e-15
1236.1169  -1613.09    1.0362    0.1511  6.9634e-15  1.0157e-15  6.7202e-15
1236.1468  -1605.87    0.9631    0.1489  6.4722e-15  1.0006e-15  6.7203e-15
1236.1767  -1598.66    1.0204    0.1499  6.8574e-15  1.0076e-15  6.7205e-15
1236.2066  -1591.44    0.9245    0.1279  6.2129e-15  8.5931e-16  6.7206e-15
1236.2365  -1584.23    1.0398    0.1321  6.9882e-15  8.8813e-16  6.7208e-15
1236.2664  -1577.01    0.9706    0.1170  6.5233e-15  7.8661e-16  6.7209e-15
1236.2963  -1569.80    1.0369    0.1142  6.9688e-15  7.6785e-16  6.7210e-15
1236.3262  -1562.58    1.0089    0.1127  6.7813e-15  7.5752e-16  6.7212e-15
1236.3561  -1555.37    1.0343    0.1140  6.9522e-15  7.6641e-16  6.7213e-15
1236.3861  -1548.15    0.9870    0.1115  6.6341e-15  7.4938e-16  6.7215e-15
1236.4160  -1540.94    1.0683    0.1159  7.1808e-15  7.7886e-16  6.7216e-15
1236.4459  -1533.72    0.9549    0.1097  6.4187e-15  7.3724e-16  6.7217e-15
1236.4758  -1526.51    0.9255    0.1080  6.2211e-15  7.2576e-16  6.7219e-15
1236.5057  -1519.29    0.8597    0.1042  5.7788e-15  7.0071e-16  6.7220e-15
1236.5356  -1512.08    0.9959    0.1120  6.6946e-15  7.5282e-16  6.7221e-15
1236.5655  -1504.86    0.9930    0.1118  6.6755e-15  7.5139e-16  6.7223e-15
1236.5954  -1497.65    1.0001    0.1122  6.7231e-15  7.5412e-16  6.7224e-15
1236.6253  -1490.43    1.0035    0.1123  6.7462e-15  7.5518e-16  6.7225e-15
1236.6552  -1483.22    0.8921    0.1061  5.9970e-15  7.1296e-16  6.7227e-15
1236.6852  -1476.00    0.9926    0.1117  6.6729e-15  7.5111e-16  6.7228e-15
1236.7151  -1468.79    0.9759    0.1108  6.5612e-15  7.4482e-16  6.7229e-15
1236.7450  -1461.57    0.9307    0.1082  6.2573e-15  7.2773e-16  6.7231e-15
1236.7749  -1454.36    1.0155    0.1130  6.8271e-15  7.5948e-16  6.7232e-15
1236.8048  -1447.14    0.7500    0.0974  5.0421e-15  6.5484e-16  6.7233e-15
1236.8347  -1439.93    0.9667    0.1103  6.4995e-15  7.4140e-16  6.7234e-15
1236.8646  -1432.71    0.8367    0.1027  5.6257e-15  6.9056e-16  6.7235e-15
1236.8945  -1425.50    0.9637    0.1101  6.4797e-15  7.4007e-16  6.7237e-15
1236.9244  -1418.28    0.9943    0.1117  6.6858e-15  7.5133e-16  6.7238e-15
1236.9543  -1411.07    1.0938    0.1171  7.3544e-15  7.8726e-16  6.7239e-15
1236.9843  -1403.85    0.9284    0.1080  6.2423e-15  7.2645e-16  6.7240e-15
1237.0142  -1396.64    0.9121    0.1071  6.1334e-15  7.2012e-16  6.7241e-15
1237.0441  -1389.42    1.0299    0.1136  6.9254e-15  7.6405e-16  6.7242e-15
1237.0740  -1382.21    0.8834    0.1054  5.9404e-15  7.0903e-16  6.7243e-15
1237.1039  -1374.99    1.0002    0.1120  6.7257e-15  7.5333e-16  6.7245e-15
1237.1338  -1367.78    1.1343    0.1191  7.6276e-15  8.0099e-16  6.7246e-15
1237.1637  -1360.56    0.9249    0.1078  6.2197e-15  7.2471e-16  6.7247e-15
1237.1936  -1353.35    0.9810    0.1109  6.5970e-15  7.4584e-16  6.7248e-15
1237.2235  -1346.13    0.9581    0.1097  6.4433e-15  7.3755e-16  6.7249e-15
1237.2534  -1338.92    1.0646    0.1154  7.1592e-15  7.7635e-16  6.7250e-15
1237.2834  -1331.70    1.1427    0.1196  7.6849e-15  8.0401e-16  6.7251e-15
1237.3133  -1324.49    1.0270    0.1134  6.9067e-15  7.6277e-16  6.7252e-15
1237.3432  -1317.27    1.2341    0.1241  8.2994e-15  8.3447e-16  6.7253e-15
1237.3731  -1310.06    1.0424    0.1143  7.0109e-15  7.6852e-16  6.7254e-15
1237.4030  -1302.84    1.2275    0.1238  8.2554e-15  8.3274e-16  6.7255e-15
1237.4329  -1295.63    1.0677    0.1156  7.1809e-15  7.7740e-16  6.7256e-15
1237.4628  -1288.41    0.8651    0.1042  5.8185e-15  7.0111e-16  6.7257e-15
1237.4927  -1281.20    0.9001    0.1063  6.0540e-15  7.1464e-16  6.7258e-15
1237.5226  -1273.98    1.0204    0.1130  6.8631e-15  7.5992e-16  6.7259e-15
1237.5525  -1266.77    0.9483    0.1089  6.3781e-15  7.3251e-16  6.7259e-15
1237.5825  -1259.55    1.0390    0.1140  6.9883e-15  7.6648e-16  6.7260e-15
1237.6124  -1252.34    0.9661    0.1099  6.4983e-15  7.3946e-16  6.7261e-15
1237.6423  -1245.12    0.9474    0.1089  6.3724e-15  7.3272e-16  6.7262e-15
1237.6722  -1237.91    1.1689    0.1208  7.8621e-15  8.1237e-16  6.7263e-15
1237.7021  -1230.69    0.9330    0.1081  6.2758e-15  7.2731e-16  6.7264e-15
1237.7320  -1223.48    0.9505    0.1091  6.3935e-15  7.3396e-16  6.7264e-15
1237.7619  -1216.26    0.7998    0.1003  5.3799e-15  6.7494e-16  6.7265e-15
1237.7918  -1209.05    1.0651    0.1154  7.1644e-15  7.7642e-16  6.7266e-15
1237.8217  -1201.83    0.8665    0.1044  5.8290e-15  7.0207e-16  6.7267e-15
1237.8516  -1194.62    0.9315    0.1081  6.2663e-15  7.2692e-16  6.7268e-15
1237.8816  -1187.40    0.9503    0.1091  6.3927e-15  7.3364e-16  6.7268e-15
1237.9115  -1180.19    1.0473    0.1144  7.0453e-15  7.6984e-16  6.7269e-15
1237.9414  -1172.97    0.9718    0.1103  6.5373e-15  7.4205e-16  6.7270e-15
1237.9713  -1165.76    1.0394    0.1141  6.9922e-15  7.6723e-16  6.7270e-15
1238.0012  -1158.54    0.8858    0.1055  5.9586e-15  7.0976e-16  6.7271e-15
1238.0311  -1151.33    0.9210    0.1075  6.1956e-15  7.2318e-16  6.7272e-15
1238.0610  -1144.11    0.9860    0.1112  6.6334e-15  7.4802e-16  6.7272e-15
1238.0909  -1136.90    1.0294    0.1135  6.9253e-15  7.6355e-16  6.7273e-15
1238.1208  -1129.68    0.9707    0.1104  6.5300e-15  7.4247e-16  6.7274e-15
1238.1507  -1122.47    0.9551    0.1095  6.4255e-15  7.3642e-16  6.7274e-15
1238.1807  -1115.25    0.9873    0.1112  6.6423e-15  7.4830e-16  6.7275e-15
1238.2106  -1108.04    0.9658    0.1100  6.4974e-15  7.4005e-16  6.7275e-15
1238.2405  -1100.82    0.9965    0.1117  6.7044e-15  7.5167e-16  6.7276e-15
1238.2704  -1093.61    1.0284    0.1135  6.9189e-15  7.6332e-16  6.7276e-15
1238.3003  -1086.39    1.0968    0.1171  7.3788e-15  7.8757e-16  6.7277e-15
1238.3302  -1079.18    0.8497    0.1034  5.7165e-15  6.9535e-16  6.7278e-15
1238.3601  -1071.96    0.9188    0.1074  6.1812e-15  7.2238e-16  6.7278e-15
1238.3900  -1064.75    0.9808    0.1108  6.5990e-15  7.4571e-16  6.7278e-15
1238.4199  -1057.53    0.8890    0.1056  5.9814e-15  7.1078e-16  6.7279e-15
1238.4498  -1050.32    0.9718    0.1104  6.5381e-15  7.4244e-16  6.7279e-15
1238.4798  -1043.10    0.8893    0.1056  5.9829e-15  7.1074e-16  6.7280e-15
1238.5097  -1035.89    0.9193    0.1074  6.1850e-15  7.2241e-16  6.7280e-15
1238.5396  -1028.67    1.0950    0.1170  7.3670e-15  7.8687e-16  6.7281e-15
1238.5695  -1021.46    0.8181    0.1014  5.5039e-15  6.8247e-16  6.7281e-15
1238.5994  -1014.24    0.8335    0.1023  5.6079e-15  6.8850e-16  6.7281e-15
1238.6293  -1007.03    0.9715    0.1103  6.5365e-15  7.4206e-16  6.7282e-15
1238.6592   -999.81    0.8065    0.1006  5.4261e-15  6.7693e-16  6.7282e-15
1238.6891   -992.60    0.8347    0.1023  5.6161e-15  6.8817e-16  6.7282e-15
1238.7190   -985.38    0.9367    0.1082  6.3024e-15  7.2815e-16  6.7283e-15
1238.7489   -978.17    0.9785    0.1106  6.5836e-15  7.4394e-16  6.7283e-15
1238.7789   -970.95    0.8797    0.1049  5.9190e-15  7.0561e-16  6.7283e-15
1238.8088   -963.74    0.8544    0.1034  5.7487e-15  6.9559e-16  6.7283e-15
1238.8387   -956.53    0.8290    0.1018  5.5776e-15  6.8513e-16  6.7284e-15
1238.8686   -949.31    0.7619    0.0978  5.1267e-15  6.5785e-16  6.7284e-15
1238.8985   -942.10    1.0101    0.1123  6.7961e-15  7.5531e-16  6.7284e-15
1238.9284   -934.88    0.9186    0.1071  6.1808e-15  7.2058e-16  6.7284e-15
1238.9583   -927.67    0.8796    0.1048  5.9180e-15  7.0481e-16  6.7284e-15
1238.9882   -920.45    0.6610    0.0911  4.4474e-15  6.1312e-16  6.7284e-15
1239.0181   -913.24    0.8075    0.1004  5.4336e-15  6.7585e-16  6.7285e-15
1239.0480   -906.02    0.8963    0.1057  6.0306e-15  7.1135e-16  6.7285e-15
1239.0780   -898.81    0.9507    0.1088  6.3971e-15  7.3195e-16  6.7285e-15
1239.1079   -891.59    0.9354    0.1079  6.2937e-15  7.2619e-16  6.7285e-15
1239.1378   -884.38    0.8657    0.1039  5.8246e-15  6.9913e-16  6.7285e-15
1239.1677   -877.16    0.9538    0.1089  6.4175e-15  7.3294e-16  6.7285e-15
1239.1976   -869.95    0.9441    0.1084  6.3521e-15  7.2905e-16  6.7285e-15
1239.2275   -862.73    0.6921    0.0931  4.6565e-15  6.2674e-16  6.7285e-15
1239.2574   -855.52    0.9115    0.1066  6.1331e-15  7.1706e-16  6.7285e-15
1239.2873   -848.30    0.9561    0.1091  6.4331e-15  7.3376e-16  6.7285e-15
1239.3172   -841.09    0.8904    0.1053  5.9911e-15  7.0818e-16  6.7285e-15
1239.3471   -833.87    1.0306    0.1131  6.9347e-15  7.6131e-16  6.7285e-15
1239.3771   -826.66    1.0389    0.1136  6.9901e-15  7.6449e-16  6.7285e-15
1239.4070   -819.44    0.8004    0.1000  5.3852e-15  6.7275e-16  6.7285e-15
1239.4369   -812.23    0.7979    0.0998  5.3688e-15  6.7151e-16  6.7285e-15
1239.4668   -805.01    0.9094    0.1064  6.1188e-15  7.1573e-16  6.7284e-15
1239.4967   -797.80    0.9268    0.1073  6.2357e-15  7.2211e-16  6.7284e-15
1239.5266   -790.58    0.8895    0.1053  5.9847e-15  7.0838e-16  6.7284e-15
1239.5565   -783.37    0.9436    0.1083  6.3486e-15  7.2878e-16  6.7284e-15
1239.5864   -776.15    0.9263    0.1074  6.2324e-15  7.2233e-16  6.7284e-15
1239.6163   -768.94    0.9244    0.1073  6.2198e-15  7.2163e-16  6.7283e-15
1239.6462   -761.72    0.9519    0.1088  6.4047e-15  7.3197e-16  6.7283e-15
1239.6762   -754.51    0.9206    0.1071  6.1942e-15  7.2037e-16  6.7283e-15
1239.7061   -747.29    1.1296    0.1183  7.6001e-15  7.9620e-16  6.7283e-15
1239.7360   -740.08    0.9556    0.1090  6.4295e-15  7.3353e-16  6.7282e-15
1239.7659   -732.86    1.1889    0.1214  7.9993e-15  8.1663e-16  6.7282e-15
1239.7958   -725.65    0.8362    0.1021  5.6261e-15  6.8704e-16  6.7282e-15
1239.8257   -718.43    1.0591    0.1147  7.1257e-15  7.7157e-16  6.7281e-15
1239.8556   -711.22    0.9151    0.1068  6.1572e-15  7.1856e-16  6.7281e-15
1239.8855   -704.00    0.8574    0.1034  5.7690e-15  6.9589e-16  6.7280e-15
1239.9154   -696.79    0.8296    0.1017  5.5815e-15  6.8444e-16  6.7280e-15
1239.9453   -689.57    0.7492    0.0968  5.0403e-15  6.5122e-16  6.7280e-15
1239.9753   -682.36    0.7147    0.0946  4.8086e-15  6.3642e-16  6.7279e-15
1240.0052   -675.14    0.9150    0.1068  6.1560e-15  7.1831e-16  6.7279e-15
1240.0351   -667.93    0.9173    0.1069  6.1715e-15  7.1887e-16  6.7278e-15
1240.0650   -660.71    1.0486    0.1141  7.0549e-15  7.6753e-16  6.7278e-15
1240.0949   -653.50    1.0277    0.1130  6.9138e-15  7.5996e-16  6.7277e-15
1240.1248   -646.28    0.9405    0.1081  6.3276e-15  7.2730e-16  6.7277e-15
1240.1547   -639.07    0.9849    0.1106  6.6258e-15  7.4391e-16  6.7276e-15
1240.1846   -631.85    0.9019    0.1059  6.0676e-15  7.1254e-16  6.7275e-15
1240.2145   -624.64    0.9443    0.1084  6.3525e-15  7.2920e-16  6.7275e-15
1240.2444   -617.42    0.9206    0.1070  6.1929e-15  7.1978e-16  6.7274e-15
1240.2744   -610.21    1.1262    0.1181  7.5762e-15  7.9432e-16  6.7273e-15
1240.3043   -602.99    0.8349    0.1020  5.6169e-15  6.8617e-16  6.7273e-15
1240.3342   -595.78    0.9911    0.1109  6.6675e-15  7.4612e-16  6.7272e-15
1240.3641   -588.56    0.9361    0.1078  6.2972e-15  7.2538e-16  6.7271e-15
1240.3940   -581.35    1.0129    0.1121  6.8142e-15  7.5406e-16  6.7271e-15
1240.4239   -574.13    0.9183    0.1068  6.1772e-15  7.1871e-16  6.7270e-15
1240.4538   -566.92    0.8002    0.0999  5.3825e-15  6.7189e-16  6.7269e-15
1240.4837   -559.70    0.8827    0.1049  5.9381e-15  7.0536e-16  6.7268e-15
1240.5136   -552.49    0.8547    0.1032  5.7494e-15  6.9390e-16  6.7267e-15
1240.5435   -545.27    0.9242    0.1071  6.2169e-15  7.2072e-16  6.7267e-15
1240.5735   -538.06    1.0388    0.1135  6.9876e-15  7.6325e-16  6.7266e-15
1240.6034   -530.84    1.1076    0.1171  7.4500e-15  7.8795e-16  6.7265e-15
1240.6333   -523.63    0.8745    0.1043  5.8823e-15  7.0170e-16  6.7264e-15
1240.6632   -516.41    0.8945    0.1055  6.0169e-15  7.0942e-16  6.7263e-15
1240.6931   -509.20    1.0303    0.1131  6.9301e-15  7.6049e-16  6.7262e-15
1240.7230   -501.98    1.0497    0.1140  7.0602e-15  7.6707e-16  6.7261e-15
1240.7529   -494.77    1.0268    0.1128  6.9062e-15  7.5896e-16  6.7260e-15
1240.7828   -487.55    0.9443    0.1084  6.3513e-15  7.2880e-16  6.7259e-15
1240.8127   -480.34    0.9820    0.1104  6.6046e-15  7.4276e-16  6.7258e-15
1240.8426   -473.12    0.8242    0.1014  5.5433e-15  6.8191e-16  6.7257e-15
1240.8726   -465.91    0.7661    0.0978  5.1528e-15  6.5761e-16  6.7256e-15
1240.9025   -458.69    0.9231    0.1071  6.2081e-15  7.2022e-16  6.7255e-15
1240.9324   -451.48    0.9116    0.1064  6.1311e-15  7.1590e-16  6.7254e-15
1240.9623   -444.26    0.9563    0.1089  6.4315e-15  7.3267e-16  6.7253e-15
1240.9922   -437.05    0.9769    0.1101  6.5696e-15  7.4022e-16  6.7252e-15
1241.0221   -429.83    0.9996    0.1114  6.7226e-15  7.4899e-16  6.7250e-15
1241.0520   -422.62    0.8625    0.1036  5.8005e-15  6.9687e-16  6.7249e-15
1241.0819   -415.40    1.0206    0.1125  6.8633e-15  7.5657e-16  6.7248e-15
1241.1118   -408.19    1.0260    0.1127  6.8995e-15  7.5807e-16  6.7247e-15
1241.1417   -400.97    0.8869    0.1050  5.9639e-15  7.0615e-16  6.7245e-15
1241.1717   -393.76    1.0046    0.1116  6.7555e-15  7.5034e-16  6.7244e-15
1241.2016   -386.54    0.9319    0.1076  6.2663e-15  7.2336e-16  6.7243e-15
1241.2315   -379.33    0.9502    0.1086  6.3895e-15  7.3000e-16  6.7242e-15
1241.2614   -372.11    0.8979    0.1056  6.0374e-15  7.1007e-16  6.7240e-15
1241.2913   -364.90    0.9926    0.1109  6.6742e-15  7.4569e-16  6.7239e-15
1241.3212   -357.68    1.1276    0.1181  7.5818e-15  7.9384e-16  6.7237e-15
1241.3511   -350.47    0.9102    0.1063  6.1195e-15  7.1476e-16  6.7236e-15
1241.3810   -343.25    0.7971    0.0996  5.3593e-15  6.6961e-16  6.7235e-15
1241.4109   -336.04    0.9312    0.1074  6.2609e-15  7.2225e-16  6.7233e-15
1241.4408   -328.82    0.8249    0.1012  5.5458e-15  6.8039e-16  6.7232e-15
1241.4708   -321.61    0.7338    0.0957  4.9334e-15  6.4306e-16  6.7230e-15
1241.5007   -314.39    0.8772    0.1043  5.8973e-15  7.0099e-16  6.7229e-15
1241.5306   -307.18    0.8989    0.1056  6.0432e-15  7.0971e-16  6.7227e-15
1241.5605   -299.96    0.8066    0.1001  5.4227e-15  6.7270e-16  6.7225e-15
1241.5904   -292.75    0.9293    0.1072  6.2470e-15  7.2096e-16  6.7224e-15
1241.6203   -285.53    0.8832    0.1046  5.9372e-15  7.0335e-16  6.7222e-15
1241.6502   -278.32    1.0009    0.1112  6.7279e-15  7.4760e-16  6.7221e-15
1241.6801   -271.10    0.8837    0.1046  5.9400e-15  7.0285e-16  6.7219e-15
1241.7100   -263.89    0.9851    0.1103  6.6215e-15  7.4165e-16  6.7217e-15
1241.7399   -256.67    0.9008    0.1056  6.0547e-15  7.0975e-16  6.7216e-15
1241.7699   -249.46    0.9377    0.1077  6.3028e-15  7.2378e-16  6.7214e-15
1241.7998   -242.24    0.9372    0.1077  6.2992e-15  7.2355e-16  6.7212e-15
1241.8297   -235.03    0.8624    0.1033  5.7960e-15  6.9448e-16  6.7210e-15
1241.8596   -227.81    0.9569    0.1087  6.4314e-15  7.3082e-16  6.7208e-15
1241.8895   -220.60    1.0501    0.1295  7.0570e-15  8.7017e-16  6.7207e-15
1241.9194   -213.38    0.9754    0.1464  6.5551e-15  9.8408e-16  6.7205e-15
1241.9493   -206.17    1.0269    0.1518  6.9008e-15  1.0199e-15  6.7203e-15
1241.9792   -198.95    0.9647    0.1459  6.4831e-15  9.8034e-16  6.7201e-15
1242.0091   -191.74    1.1597    0.1601  7.7932e-15  1.0758e-15  6.7199e-15
1242.0390   -184.52    1.0778    0.1564  7.2425e-15  1.0507e-15  6.7197e-15
1242.0690   -177.31    0.9004    0.1434  6.0501e-15  9.6387e-16  6.7195e-15
1242.0989   -170.09    0.9135    0.1485  6.1383e-15  9.9772e-16  6.7193e-15
1242.1288   -162.88    0.9788    0.1496  6.5767e-15  1.0050e-15  6.7191e-15
1242.1587   -155.66    1.0701    0.1572  7.1896e-15  1.0564e-15  6.7189e-15
1242.1886   -148.45    1.1789    0.1604  7.9206e-15  1.0776e-15  6.7187e-15
1242.2185   -141.23    0.9097    0.1432  6.1118e-15  9.6234e-16  6.7185e-15
1242.2484   -134.02    0.8754    0.1388  5.8813e-15  9.3231e-16  6.7183e-15
1242.2783   -126.80    1.0744    0.1533  7.2176e-15  1.0301e-15  6.7181e-15
1242.3082   -119.59    1.1286    0.1569  7.5819e-15  1.0540e-15  6.7179e-15
1242.3381   -112.37    1.0696    0.1561  7.1854e-15  1.0489e-15  6.7176e-15
1242.3681   -105.16    0.9190    0.1435  6.1731e-15  9.6423e-16  6.7174e-15
1242.3980    -97.94    0.9457    0.1389  6.3527e-15  9.3270e-16  6.7172e-15
1242.4279    -90.73    0.8568    0.1383  5.7552e-15  9.2866e-16  6.7170e-15
1242.4578    -83.51    0.9120    0.1432  6.1259e-15  9.6169e-16  6.7167e-15
1242.4877    -76.30    0.9714    0.1441  6.5244e-15  9.6790e-16  6.7165e-15
1242.5176    -69.08    1.0043    0.1493  6.7455e-15  1.0026e-15  6.7163e-15
1242.5475    -61.87    1.0235    0.1502  6.8739e-15  1.0087e-15  6.7160e-15
1242.5774    -54.65    1.0113    0.1502  6.7917e-15  1.0084e-15  6.7158e-15
1242.6073    -47.44    0.9951    0.1456  6.6827e-15  9.7785e-16  6.7156e-15
1242.6372    -40.22    0.9665    0.1481  6.4900e-15  9.9466e-16  6.7153e-15
1242.6672    -33.01    1.0653    0.1535  7.1539e-15  1.0309e-15  6.7151e-15
1242.6971    -25.79    0.7808    0.1320  5.2430e-15  8.8658e-16  6.7148e-15
1242.7270    -18.58    0.9646    0.1468  6.4769e-15  9.8538e-16  6.7146e-15
1242.7569    -11.36    0.8596    0.1386  5.7720e-15  9.3090e-16  6.7143e-15
1242.7868     -4.15    0.9166    0.1406  6.1543e-15  9.4382e-16  6.7141e-15
1242.8167      3.07    0.8549    0.1386  5.7396e-15  9.3021e-16  6.7138e-15
1242.8466     10.28    1.0018    0.1530  6.7254e-15  1.0272e-15  6.7135e-15
1242.8765     17.50    0.9549    0.1429  6.4106e-15  9.5960e-16  6.7133e-15
1242.9064     24.71    0.9007    0.1415  6.0466e-15  9.4961e-16  6.7130e-15
1242.9363     31.93    1.0802    0.1496  7.2509e-15  1.0044e-15  6.7127e-15
1242.9663     39.14    0.9296    0.1463  6.2399e-15  9.8177e-16  6.7125e-15
1242.9962     46.36    0.9414    0.1461  6.3189e-15  9.8071e-16  6.7122e-15
1243.0261     53.57    0.9643    0.1467  6.4720e-15  9.8445e-16  6.7119e-15
1243.0560     60.79    0.8589    0.1366  5.7649e-15  9.1675e-16  6.7116e-15
1243.0859     68.00    0.9278    0.1444  6.2268e-15  9.6940e-16  6.7114e-15
1243.1158     75.22    0.9388    0.1450  6.3002e-15  9.7311e-16  6.7111e-15
1243.1457     82.43    0.8324    0.1371  5.5858e-15  9.1997e-16  6.7108e-15
1243.1756     89.65    0.9224    0.1444  6.1897e-15  9.6874e-16  6.7105e-15
1243.2055     96.86    1.0453    0.1528  7.0140e-15  1.0256e-15  6.7102e-15
1243.2354    104.08    0.9724    0.1441  6.5250e-15  9.6711e-16  6.7099e-15
1243.2654    111.29    0.8990    0.1384  6.0321e-15  9.2881e-16  6.7096e-15
1243.2953    118.51    0.9944    0.1503  6.6715e-15  1.0085e-15  6.7093e-15
1243.3252    125.72    0.9278    0.1403  6.2249e-15  9.4136e-16  6.7090e-15
1243.3551    132.94    1.0180    0.1458  6.8297e-15  9.7813e-16  6.7087e-15
1243.3850    140.15    1.1051    0.1544  7.4134e-15  1.0356e-15  6.7084e-15
1243.4149    147.37    1.0291    0.1467  6.9033e-15  9.8402e-16  6.7081e-15
1243.4448    154.58    1.0168    0.1444  6.8205e-15  9.6868e-16  6.7078e-15
1243.4747    161.80    0.9390    0.1480  6.2983e-15  9.9291e-16  6.7075e-15
1243.5046    169.01    0.9355    0.1442  6.2748e-15  9.6725e-16  6.7071e-15
1243.5345    176.23    0.9317    0.1471  6.2486e-15  9.8655e-16  6.7068e-15
1243.5645    183.44    1.1765    0.1610  7.8899e-15  1.0795e-15  6.7065e-15
1243.5944    190.66    1.0805    0.1549  7.2463e-15  1.0387e-15  6.7062e-15
1243.6243    197.87    0.9310    0.1417  6.2434e-15  9.5054e-16  6.7058e-15
1243.6542    205.08    0.9953    0.1481  6.6743e-15  9.9302e-16  6.7055e-15
1243.6841    212.30    0.8994    0.1393  6.0309e-15  9.3409e-16  6.7052e-15
1243.7140    219.51    0.8476    0.1369  5.6828e-15  9.1803e-16  6.7048e-15
1243.7439    226.73    0.9601    0.1428  6.4369e-15  9.5747e-16  6.7045e-15
1243.7738    233.94    0.9725    0.1461  6.5195e-15  9.7954e-16  6.7042e-15
1243.8037    241.16    1.0708    0.1531  7.1785e-15  1.0264e-15  6.7038e-15
1243.8336    248.37    1.0420    0.1539  6.9851e-15  1.0320e-15  6.7035e-15
1243.8636    255.59    0.8452    0.1364  5.6654e-15  9.1397e-16  6.7031e-15
1243.8935    262.80    1.0757    0.1517  7.2100e-15  1.0168e-15  6.7028e-15
1243.9234    270.02    1.1288    0.1576  7.5660e-15  1.0560e-15  6.7024e-15
1243.9533    277.23    0.9359    0.1350  6.2722e-15  9.0479e-16  6.7020e-15
1243.9832    284.45    0.9448    0.1078  6.3317e-15  7.2229e-16  6.7017e-15
1244.0131    291.66    0.9530    0.1083  6.3866e-15  7.2575e-16  6.7013e-15
1244.0430    298.88    1.1303    0.1178  7.5740e-15  7.8907e-16  6.7009e-15
1244.0729    306.09    1.2201    0.1222  8.1756e-15  8.1901e-16  6.7006e-15
1244.1028    313.31    0.9840    0.1128  6.5931e-15  7.5600e-16  6.7002e-15
1244.1327    320.52    0.9822    0.1713  6.5807e-15  1.1478e-15  6.6998e-15
1244.1627    327.74    1.1716    0.1962  7.8489e-15  1.3146e-15  6.6994e-15
1244.1926    334.95    1.0200    0.2240  6.8331e-15  1.5004e-15  6.6991e-15
1244.2225    342.17    1.0448    0.2268  6.9990e-15  1.5193e-15  6.6987e-15
1244.2524    349.38    0.8687    0.2072  5.8189e-15  1.3882e-15  6.6983e-15
1244.2823    356.60    0.8660    0.2069  5.8002e-15  1.3855e-15  6.6979e-15
1244.3122    363.81    0.9265    0.2138  6.2050e-15  1.4317e-15  6.6975e-15
1244.3421    371.03    1.1680    0.2394  7.8224e-15  1.6030e-15  6.6971e-15
1244.3720    378.24    1.3769    0.1789  9.2207e-15  1.1983e-15  6.6967e-15
1244.4019    385.46    1.0832    0.1540  7.2536e-15  1.0314e-15  6.6963e-15
1244.4318    392.67    1.0616    0.1524  7.1087e-15  1.0202e-15  6.6959e-15
1244.4618    399.89    1.0312    0.1479  6.9042e-15  9.9014e-16  6.6955e-15
1244.4917    407.10    1.1092    0.1538  7.4262e-15  1.0294e-15  6.6951e-15
1244.5216    414.32    1.0959    0.1536  7.3364e-15  1.0285e-15  6.6947e-15
1244.5515    421.53    0.9231    0.1462  6.1797e-15  9.7893e-16  6.6942e-15
1244.5814    428.75    0.8589    0.1381  5.7497e-15  9.2444e-16  6.6938e-15
1244.6113    435.96    0.8824    0.1384  5.9065e-15  9.2636e-16  6.6934e-15
1244.6412    443.18    0.8790    0.1382  5.8831e-15  9.2488e-16  6.6930e-15
1244.6711    450.39    0.9814    0.1447  6.5682e-15  9.6842e-16  6.6926e-15
1244.7010    457.61    0.9949    0.1465  6.6582e-15  9.8065e-16  6.6921e-15
1244.7309    464.82    0.9748    0.1431  6.5232e-15  9.5778e-16  6.6917e-15
1244.7609    472.04    0.9921    0.1446  6.6385e-15  9.6736e-16  6.6912e-15
1244.7908    479.25    1.0309    0.1502  6.8974e-15  1.0049e-15  6.6908e-15
1244.8207    486.47    1.0705    0.1462  7.1618e-15  9.7797e-16  6.6904e-15
1244.8506    493.68    0.9654    0.1250  6.4585e-15  8.3650e-16  6.6899e-15
1244.8805    500.90    0.8964    0.1121  5.9963e-15  7.4987e-16  6.6895e-15
1244.9104    508.11    0.9069    0.1056  6.0663e-15  7.0611e-16  6.6890e-15
1244.9403    515.33    1.0321    0.1126  6.9030e-15  7.5284e-16  6.6886e-15
1244.9702    522.54    0.9876    0.1101  6.6049e-15  7.3651e-16  6.6881e-15
1245.0001    529.76    0.9026    0.1054  6.0364e-15  7.0505e-16  6.6876e-15
1245.0300    536.97    0.9871    0.1101  6.6011e-15  7.3605e-16  6.6872e-15
1245.0600    544.19    0.9139    0.1060  6.1110e-15  7.0881e-16  6.6867e-15
1245.0899    551.40    1.0051    0.1111  6.7206e-15  7.4277e-16  6.6862e-15
1245.1198    558.62    1.0882    0.1155  7.2756e-15  7.7206e-16  6.6858e-15
1245.1497    565.83    1.0001    0.1134  6.6858e-15  7.5842e-16  6.6853e-15
1245.1796    573.05    0.8511    0.1161  5.6897e-15  7.7632e-16  6.6848e-15
1245.2095    580.26    1.0426    0.1296  6.9694e-15  8.6652e-16  6.6843e-15
1245.2394    587.48    0.8649    0.1361  5.7807e-15  9.0990e-16  6.6838e-15
1245.2693    594.69    1.0056    0.1483  6.7205e-15  9.9143e-16  6.6834e-15
1245.2992    601.91    0.9079    0.1363  6.0671e-15  9.1110e-16  6.6829e-15
1245.3291    609.12    0.8408    0.1156  5.6183e-15  7.7249e-16  6.6824e-15
1245.3591    616.34    1.0149    0.1139  6.7817e-15  7.6083e-16  6.6819e-15
1245.3890    623.55    0.9575    0.1085  6.3977e-15  7.2480e-16  6.6814e-15
1245.4189    630.77    0.9812    0.1097  6.5553e-15  7.3310e-16  6.6809e-15
1245.4488    637.98    1.1013    0.1161  7.3568e-15  7.7580e-16  6.6804e-15
1245.4787    645.20    0.9832    0.1098  6.5674e-15  7.3371e-16  6.6799e-15
1245.5086    652.41    1.0415    0.1130  6.9567e-15  7.5495e-16  6.6793e-15
1245.5385    659.63    1.0844    0.1153  7.2423e-15  7.6980e-16  6.6788e-15
1245.5684    666.84    1.1451    0.1184  7.6472e-15  7.9097e-16  6.6783e-15
1245.5983    674.06    0.9567    0.1085  6.3883e-15  7.2424e-16  6.6778e-15
1245.6282    681.27    1.1083    0.1166  7.4006e-15  7.7842e-16  6.6773e-15
1245.6582    688.49    1.0073    0.1112  6.7258e-15  7.4224e-16  6.6767e-15
1245.6881    695.70    1.0962    0.1160  7.3187e-15  7.7411e-16  6.6762e-15
1245.7180    702.92    0.9267    0.1068  6.1865e-15  7.1285e-16  6.6757e-15
1245.7479    710.13    0.9689    0.1091  6.4677e-15  7.2844e-16  6.6751e-15
1245.7778    717.35    1.0397    0.1129  6.9395e-15  7.5364e-16  6.6746e-15
1245.8077    724.56    0.9323    0.1071  6.2219e-15  7.1494e-16  6.6740e-15
1245.8376    731.78    0.8211    0.1006  5.4796e-15  6.7150e-16  6.6735e-15
1245.8675    738.99    0.8445    0.1020  5.6352e-15  6.8089e-16  6.6729e-15
1245.8974    746.21    1.0036    0.1110  6.6962e-15  7.4067e-16  6.6724e-15
1245.9273    753.42    0.9201    0.1064  6.1390e-15  7.0994e-16  6.6718e-15
1245.9573    760.64    1.0322    0.1126  6.8861e-15  7.5088e-16  6.6713e-15
1245.9872    767.85    1.0100    0.1113  6.7373e-15  7.4257e-16  6.6707e-15
1246.0171    775.07    0.9511    0.1081  6.3441e-15  7.2076e-16  6.6701e-15
1246.0470    782.28    0.8850    0.1043  5.9024e-15  6.9573e-16  6.6696e-15
1246.0769    789.50    0.8526    0.1025  5.6859e-15  6.8357e-16  6.6690e-15
1246.1068    796.71    1.0284    0.1123  6.8576e-15  7.4897e-16  6.6684e-15
1246.1367    803.93    1.0848    0.1152  7.2332e-15  7.6833e-16  6.6678e-15
1246.1666    811.14    1.0599    0.1139  7.0667e-15  7.5940e-16  6.6673e-15
1246.1965    818.36    1.0400    0.1129  6.9333e-15  7.5239e-16  6.6667e-15
1246.2264    825.57    1.0012    0.1108  6.6739e-15  7.3892e-16  6.6661e-15
1246.2564    832.79    1.2053    0.1214  8.0340e-15  8.0938e-16  6.6655e-15
1246.2863    840.00    1.0798    0.1151  7.1967e-15  7.6709e-16  6.6649e-15
1246.3162    847.22    1.1009    0.1162  7.3370e-15  7.7443e-16  6.6643e-15
1246.3461    854.43    0.9035    0.1055  6.0209e-15  7.0326e-16  6.6637e-15
1246.3760    861.65    1.0763    0.1149  7.1717e-15  7.6571e-16  6.6631e-15
1246.4059    868.86    1.1439    0.1184  7.6215e-15  7.8900e-16  6.6625e-15
1246.4358    876.08    0.8872    0.1045  5.9102e-15  6.9645e-16  6.6619e-15
1246.4657    883.29    0.8989    0.1052  5.9878e-15  7.0080e-16  6.6612e-15
1246.4956    890.51    0.8424    0.1020  5.6110e-15  6.7924e-16  6.6606e-15
1246.5255    897.72    0.9201    0.1146  6.1276e-15  7.6329e-16  6.6600e-15
1246.5555    904.94    0.8724    0.1190  5.8094e-15  7.9241e-16  6.6594e-15
1246.5854    912.15    0.8896    0.1323  5.9234e-15  8.8122e-16  6.6587e-15
1246.6153    919.37    1.0023    0.1520  6.6731e-15  1.0119e-15  6.6581e-15
1246.6452    926.58    0.8279    0.1395  5.5118e-15  9.2840e-16  6.6575e-15
1246.6751    933.80    1.0380    0.1515  6.9100e-15  1.0085e-15  6.6568e-15
1246.7050    941.01    0.9885    0.1360  6.5795e-15  9.0502e-16  6.6562e-15
1246.7349    948.23    1.0972    0.1289  7.3022e-15  8.5779e-16  6.6555e-15
1246.7648    955.44    0.8375    0.1017  5.5736e-15  6.7656e-16  6.6549e-15
1246.7947    962.66    1.1032    0.1163  7.3406e-15  7.7373e-16  6.6542e-15
1246.8246    969.87    1.1117    0.1167  7.3969e-15  7.7648e-16  6.6536e-15
1246.8546    977.09    1.0270    0.1122  6.8327e-15  7.4646e-16  6.6529e-15
1246.8845    984.30    1.1238    0.1173  7.4756e-15  7.8041e-16  6.6523e-15
1246.9144    991.52    1.1270    0.1175  7.4963e-15  7.8130e-16  6.6516e-15
1246.9443    998.73    1.1131    0.1168  7.4031e-15  7.7665e-16  6.6509e-15
1246.9742   1005.95    0.9766    0.1116  6.4947e-15  7.4199e-16  6.6503e-15
1247.0041   1013.16    0.9742    0.1234  6.4780e-15  8.2041e-16  6.6496e-15
1247.0340   1020.38    1.0577    0.1347  7.0326e-15  8.9584e-16  6.6489e-15
1247.0639   1027.59    1.0247    0.1482  6.8124e-15  9.8508e-16  6.6482e-15
1247.0938   1034.81    1.2084    0.1619  8.0329e-15  1.0763e-15  6.6475e-15
1247.1237   1042.02    1.1227    0.1549  7.4624e-15  1.0299e-15  6.6468e-15
1247.1537   1049.24    0.9644    0.1434  6.4093e-15  9.5311e-16  6.6461e-15
1247.1836   1056.45    1.0546    0.1485  7.0086e-15  9.8684e-16  6.6454e-15
1247.2135   1063.67    1.0191    0.1437  6.7719e-15  9.5513e-16  6.6447e-15
1247.2434   1070.88    0.9104    0.1404  6.0489e-15  9.3268e-16  6.6440e-15
1247.2733   1078.10    0.9908    0.1510  6.5821e-15  1.0031e-15  6.6433e-15
1247.3032   1085.31    1.0868    0.1533  7.2195e-15  1.0185e-15  6.6426e-15
1247.3331   1092.53    0.9528    0.1430  6.3286e-15  9.5006e-16  6.6419e-15
1247.3630   1099.74    1.1184    0.1552  7.4275e-15  1.0310e-15  6.6412e-15
1247.3929   1106.96    0.8621    0.1365  5.7245e-15  9.0650e-16  6.6405e-15
1247.4228   1114.17    1.0524    0.1476  6.9878e-15  9.8007e-16  6.6397e-15
1247.4528   1121.39    0.9210    0.1426  6.1144e-15  9.4663e-16  6.6390e-15
1247.4827   1128.60    1.0879    0.1539  7.2220e-15  1.0218e-15  6.6383e-15
1247.5126   1135.82    1.1494    0.1580  7.6289e-15  1.0490e-15  6.6375e-15
1247.5425   1143.03    0.9113    0.1456  6.0478e-15  9.6614e-16  6.6368e-15
1247.5724   1150.25    0.9432    0.1454  6.2590e-15  9.6491e-16  6.6360e-15
1247.6023   1157.46    1.0537    0.1488  6.9919e-15  9.8750e-16  6.6353e-15
1247.6322   1164.68    0.8884    0.1394  5.8942e-15  9.2487e-16  6.6346e-15
1247.6621   1171.89    1.0207    0.1463  6.7708e-15  9.7024e-16  6.6338e-15
1247.6920   1179.11    0.9240    0.1423  6.1290e-15  9.4387e-16  6.6330e-15
1247.7219   1186.32    1.0775    0.1506  7.1464e-15  9.9901e-16  6.6323e-15
1247.7519   1193.54    0.9905    0.1440  6.5684e-15  9.5462e-16  6.6315e-15
1247.7818   1200.75    0.9042    0.1400  5.9957e-15  9.2860e-16  6.6307e-15
1247.8117   1207.97    1.2169    0.1579  8.0681e-15  1.0468e-15  6.6300e-15
1247.8416   1215.18    1.1560    0.1588  7.6633e-15  1.0527e-15  6.6292e-15
1247.8715   1222.40    1.0023    0.1488  6.6434e-15  9.8645e-16  6.6284e-15
1247.9014   1229.61    0.8883    0.1362  5.8874e-15  9.0292e-16  6.6277e-15
1247.9313   1236.83    0.9821    0.1461  6.5085e-15  9.6837e-16  6.6269e-15
1247.9612   1244.04    1.1480    0.1535  7.6065e-15  1.0169e-15  6.6261e-15
1247.9911   1251.26    0.9366    0.1411  6.2055e-15  9.3495e-16  6.6253e-15
1248.0210   1258.47    1.1157    0.1547  7.3907e-15  1.0245e-15  6.6245e-15
1248.0510   1265.69    1.0767    0.1491  7.1317e-15  9.8779e-16  6.6238e-15
1248.0809   1272.90    0.9684    0.1450  6.4140e-15  9.6059e-16  6.6230e-15
1248.1108   1280.12    0.9440    0.1471  6.2516e-15  9.7440e-16  6.6222e-15
1248.1407   1287.33    0.9390    0.1414  6.2176e-15  9.3599e-16  6.6214e-15
1248.1706   1294.55    0.9964    0.1465  6.5966e-15  9.6973e-16  6.6206e-15
1248.2005   1301.76    1.1226    0.1519  7.4312e-15  1.0056e-15  6.6198e-15
1248.2304   1308.98    1.0281    0.1485  6.8047e-15  9.8265e-16  6.6190e-15
1248.2603   1316.19    0.8836    0.1383  5.8475e-15  9.1500e-16  6.6182e-15
1248.2902   1323.41    1.0555    0.1497  6.9844e-15  9.9093e-16  6.6174e-15
1248.3201   1330.62    1.0045    0.1483  6.6467e-15  9.8092e-16  6.6166e-15
1248.3501   1337.84    0.9172    0.1435  6.0677e-15  9.4933e-16  6.6158e-15
1248.3800   1345.05    1.0789    0.1515  7.1372e-15  1.0021e-15  6.6150e-15
1248.4099   1352.27    1.0177    0.1493  6.7311e-15  9.8764e-16  6.6141e-15
1248.4398   1359.48    1.1106    0.1552  7.3446e-15  1.0267e-15  6.6133e-15
1248.4697   1366.70    1.0480    0.1470  6.9296e-15  9.7213e-16  6.6125e-15
1248.4996   1373.91    1.0302    0.1526  6.8116e-15  1.0089e-15  6.6117e-15
1248.5295   1381.12    0.7831    0.1312  5.1770e-15  8.6767e-16  6.6109e-15
1248.5594   1388.34    1.0161    0.1455  6.7164e-15  9.6188e-16  6.6100e-15
1248.5893   1395.55    0.9683    0.1472  6.4000e-15  9.7309e-16  6.6092e-15
1248.6192   1402.77    1.0028    0.1487  6.6267e-15  9.8285e-16  6.6084e-15
1248.6492   1409.98    1.0009    0.1502  6.6135e-15  9.9265e-16  6.6076e-15
1248.6791   1417.20    1.0488    0.1529  6.9293e-15  1.0105e-15  6.6067e-15
1248.7090   1424.41    0.8833    0.1424  5.8349e-15  9.4070e-16  6.6059e-15
1248.7389   1431.63    0.9423    0.1455  6.2239e-15  9.6124e-16  6.6051e-15
1248.7688   1438.84    0.9150    0.1411  6.0428e-15  9.3205e-16  6.6042e-15
1248.7987   1446.06    1.0226    0.1486  6.7526e-15  9.8124e-16  6.6034e-15
1248.8286   1453.27    1.0298    0.1484  6.7995e-15  9.7994e-16  6.6025e-15
1248.8585   1460.49    0.9583    0.1457  6.3263e-15  9.6167e-16  6.6017e-15
1248.8884   1467.70    0.9904    0.1438  6.5374e-15  9.4941e-16  6.6008e-15
1248.9183   1474.92    0.9352    0.1412  6.1722e-15  9.3175e-16  6.6000e-15
1248.9483   1482.13    1.0041    0.1487  6.6260e-15  9.8161e-16  6.5991e-15
1248.9782   1489.35    0.9668    0.1337  6.3790e-15  8.8250e-16  6.5983e-15
1249.0081   1496.56    0.9859    0.1242  6.5045e-15  8.1910e-16  6.5974e-15
1249.0380   1503.78    1.0072    0.1111  6.6441e-15  7.3315e-16  6.5966e-15
1249.0679   1510.99    1.0675    0.1144  7.0409e-15  7.5431e-16  6.5957e-15
1249.0978   1518.21    1.0713    0.1146  7.0653e-15  7.5571e-16  6.5949e-15
1249.1277   1525.42    1.0615    0.1141  6.9994e-15  7.5213e-16  6.5940e-15
1249.1576   1532.64    0.8944    0.1049  5.8972e-15  6.9167e-16  6.5931e-15
1249.1875   1539.85    0.6990    0.0930  4.6083e-15  6.1304e-16  6.5923e-15
1249.2174   1547.07    0.8820    0.1041  5.8139e-15  6.8643e-16  6.5914e-15
1249.2474   1554.28    0.9889    0.1102  6.5174e-15  7.2614e-16  6.5905e-15
1249.2773   1561.50    1.0763    0.1148  7.0927e-15  7.5680e-16  6.5896e-15
1249.3072   1568.71    1.0466    0.1133  6.8959e-15  7.4675e-16  6.5888e-15
1249.3371   1575.93    1.1068    0.1165  7.2916e-15  7.6758e-16  6.5879e-15
1249.3670   1583.14    0.9962    0.1106  6.5620e-15  7.2884e-16  6.5870e-15
1249.3969   1590.36    1.0994    0.1162  7.2407e-15  7.6499e-16  6.5861e-15
1249.4268   1597.57    0.8758    0.1039  5.7672e-15  6.8408e-16  6.5852e-15
1249.4567   1604.79    1.0207    0.1120  6.7208e-15  7.3743e-16  6.5844e-15
1249.4866   1612.00    0.9508    0.1082  6.2598e-15  7.1228e-16  6.5835e-15
1249.5165   1619.22    0.8365    0.1016  5.5061e-15  6.6895e-16  6.5826e-15
1249.5465   1626.43    0.7913    0.0989  5.2083e-15  6.5115e-16  6.5817e-15
1249.5764   1633.65    0.9303    0.1071  6.1224e-15  7.0459e-16  6.5808e-15
1249.6063   1640.86    1.0972    0.1161  7.2194e-15  7.6384e-16  6.5799e-15
1249.6362   1648.08    0.8563    0.1028  5.6333e-15  6.7623e-16  6.5790e-15
1249.6661   1655.29    0.9853    0.1101  6.4811e-15  7.2446e-16  6.5781e-15
1249.6960   1662.51    1.0288    0.1125  6.7669e-15  7.3968e-16  6.5772e-15
1249.7259   1669.72    1.0937    0.1159  7.1923e-15  7.6202e-16  6.5763e-15
1249.7558   1676.94    0.9777    0.1097  6.4289e-15  7.2144e-16  6.5754e-15
1249.7857   1684.15    1.0681    0.1146  7.0224e-15  7.5341e-16  6.5745e-15
1249.8156   1691.37    1.2292    0.1228  8.0804e-15  8.0701e-16  6.5736e-15
1249.8456   1698.58    0.9714    0.1094  6.3847e-15  7.1893e-16  6.5727e-15
1249.8755   1705.80    0.9727    0.1094  6.3925e-15  7.1925e-16  6.5718e-15
1249.9054   1713.01    0.9523    0.1083  6.2574e-15  7.1161e-16  6.5708e-15
1249.9353   1720.23    1.3118    0.1267  8.6184e-15  8.3230e-16  6.5699e-15
1249.9652   1727.44    1.0000    0.1110  6.5689e-15  7.2906e-16  6.5690e-15
1249.9951   1734.66    0.8333    0.1015  5.4730e-15  6.6648e-16  6.5681e-15
1250.0250   1741.87    0.8479    0.1023  5.5683e-15  6.7198e-16  6.5672e-15
1250.0549   1749.09    1.0901    0.1157  7.1577e-15  7.6001e-16  6.5662e-15
1250.0848   1756.30    0.9820    0.1100  6.4474e-15  7.2214e-16  6.5653e-15
1250.1147   1763.52    0.9189    0.1065  6.0318e-15  6.9897e-16  6.5644e-15
1250.1447   1770.73    1.0563    0.1140  6.9327e-15  7.4822e-16  6.5635e-15
1250.1746   1777.95    0.8877    0.1047  5.8253e-15  6.8740e-16  6.5625e-15
1250.2045   1785.16    0.9199    0.1066  6.0363e-15  6.9923e-16  6.5616e-15
1250.2344   1792.38    0.8807    0.1211  5.7777e-15  7.9446e-16  6.5607e-15
1250.2643   1799.59    0.9816    0.1476  6.4387e-15  9.6812e-16  6.5597e-15
1250.2942   1806.81    0.9685    0.1498  6.3524e-15  9.8265e-16  6.5588e-15
1250.3241   1814.02    0.9768    0.1501  6.4060e-15  9.8439e-16  6.5579e-15
1250.3540   1821.24    0.8892    0.1389  5.8306e-15  9.1077e-16  6.5569e-15
1250.3839   1828.45    0.9156    0.1434  6.0023e-15  9.3987e-16  6.5560e-15
1250.4138   1835.67    0.8681    0.1386  5.6901e-15  9.0832e-16  6.5550e-15
1250.4438   1842.88    0.9825    0.1433  6.4395e-15  9.3911e-16  6.5541e-15
1250.4737   1850.10    0.8686    0.1385  5.6918e-15  9.0757e-16  6.5531e-15
1250.5036   1857.31    0.9175    0.1445  6.0117e-15  9.4700e-16  6.5522e-15
1250.5335   1864.53    0.8549    0.1395  5.6007e-15  9.1406e-16  6.5512e-15
1250.5634   1871.74    0.7451    0.1324  4.8804e-15  8.6710e-16  6.5503e-15
1250.5933   1878.96    0.5759    0.1119  3.7718e-15  7.3319e-16  6.5493e-15
1250.6232   1886.17    0.3959    0.0950  2.5926e-15  6.2235e-16  6.5484e-15
1250.6531   1893.39    0.4975    0.1083  3.2572e-15  7.0916e-16  6.5474e-15
1250.6830   1900.60    0.6947    0.1227  4.5476e-15  8.0353e-16  6.5464e-15
1250.7129   1907.82    0.7186    0.1260  4.7034e-15  8.2461e-16  6.5455e-15
1250.7429   1915.03    0.9692    0.1455  6.3431e-15  9.5212e-16  6.5445e-15
1250.7728   1922.25    0.7148    0.1260  4.6776e-15  8.2451e-16  6.5435e-15
1250.8027   1929.46    0.9201    0.1404  6.0197e-15  9.1869e-16  6.5426e-15
1250.8326   1936.68    0.8132    0.1139  5.3196e-15  7.4517e-16  6.5416e-15
1250.8625   1943.89    0.8606    0.1031  5.6288e-15  6.7460e-16  6.5406e-15
1250.8924   1951.11    0.9316    0.1072  6.0925e-15  7.0073e-16  6.5397e-15
1250.9223   1958.32    0.9506    0.1082  6.2159e-15  7.0780e-16  6.5387e-15
1250.9522   1965.54    1.0461    0.1134  6.8388e-15  7.4148e-16  6.5377e-15
1250.9821   1972.75    0.9801    0.1098  6.4068e-15  7.1792e-16  6.5367e-15
1251.0120   1979.97    1.0736    0.1149  7.0168e-15  7.5081e-16  6.5358e-15
1251.0420   1987.18    0.9837    0.1100  6.4282e-15  7.1883e-16  6.5348e-15
1251.0719   1994.40    0.8435    0.1020  5.5112e-15  6.6665e-16  6.5338e-15
1251.1018   2001.61    0.9182    0.1064  5.9984e-15  6.9484e-16  6.5328e-15
1251.1317   2008.83    0.8975    0.1052  5.8624e-15  6.8702e-16  6.5318e-15
1251.1616   2016.04    1.0480    0.1135  6.8442e-15  7.4118e-16  6.5308e-15
1251.1915   2023.26    1.0282    0.1124  6.7140e-15  7.3413e-16  6.5299e-15
1251.2214   2030.47    1.0760    0.1150  7.0249e-15  7.5053e-16  6.5289e-15
1251.2513   2037.69    0.9263    0.1068  6.0468e-15  6.9719e-16  6.5279e-15
1251.2812   2044.90    1.0534    0.1138  6.8752e-15  7.4271e-16  6.5269e-15
1251.3111   2052.12    1.2305    0.1229  8.0304e-15  8.0185e-16  6.5259e-15
1251.3411   2059.33    0.9918    0.1105  6.4717e-15  7.2097e-16  6.5249e-15
1251.3710   2066.55    1.0966    0.1160  7.1540e-15  7.5704e-16  6.5239e-15
1251.4009   2073.76    0.9635    0.1090  6.2845e-15  7.1100e-16  6.5229e-15
1251.4308   2080.98    1.0194    0.1121  6.6482e-15  7.3085e-16  6.5219e-15
1251.4607   2088.19    0.9549    0.1085  6.2268e-15  7.0773e-16  6.5209e-15
1251.4906   2095.41    0.8417    0.1021  5.4877e-15  6.6536e-16  6.5199e-15
1251.5205   2102.62    0.9165    0.1063  5.9749e-15  6.9319e-16  6.5189e-15
1251.5504   2109.84    1.0500    0.1137  6.8438e-15  7.4095e-16  6.5179e-15
1251.5803   2117.05    0.7972    0.0993  5.1955e-15  6.4703e-16  6.5169e-15
1251.6102   2124.27    0.7869    0.0987  5.1270e-15  6.4322e-16  6.5159e-15
1251.6402   2131.48    0.8716    0.1038  5.6783e-15  6.7607e-16  6.5148e-15
1251.6701   2138.70    1.0937    0.1160  7.1239e-15  7.5545e-16  6.5138e-15
1251.7000   2145.91    1.2360    0.1232  8.0496e-15  8.0223e-16  6.5128e-15
1251.7299   2153.13    1.2198    0.1224  7.9432e-15  7.9677e-16  6.5118e-15
1251.7598   2160.34    0.9579    0.1087  6.2368e-15  7.0751e-16  6.5108e-15
1251.7897   2167.56    0.8068    0.0999  5.2521e-15  6.5012e-16  6.5098e-15
1251.8196   2174.77    0.9501    0.1082  6.1840e-15  7.0451e-16  6.5087e-15
1251.8495   2181.99    1.0327    0.1127  6.7203e-15  7.3359e-16  6.5077e-15
1251.8794   2189.20    0.9820    0.1100  6.3893e-15  7.1555e-16  6.5067e-15
1251.9093   2196.42    0.9112    0.1060  5.9278e-15  6.8974e-16  6.5057e-15
1251.9393   2203.63    0.8313    0.1013  5.4071e-15  6.5918e-16  6.5047e-15
1251.9692   2210.85    0.9218    0.1066  5.9951e-15  6.9342e-16  6.5036e-15
1251.9991   2218.06    0.8547    0.1028  5.5576e-15  6.6861e-16  6.5026e-15
1252.0290   2225.28    1.0361    0.1130  6.7360e-15  7.3457e-16  6.5016e-15
1252.0589   2232.49    1.0686    0.1147  6.9465e-15  7.4568e-16  6.5005e-15
1252.0888   2239.71    0.7346    0.0955  4.7745e-15  6.2052e-16  6.4995e-15
1252.1187   2246.92    0.7199    0.0946  4.6779e-15  6.1450e-16  6.4985e-15
1252.1486   2254.14    0.9111    0.1061  5.9197e-15  6.8957e-16  6.4974e-15
1252.1785   2261.35    1.0005    0.1111  6.4999e-15  7.2198e-16  6.4964e-15
1252.2084   2268.57    1.1168    0.1173  7.2537e-15  7.6180e-16  6.4954e-15
1252.2384   2275.78    1.0494    0.1137  6.8151e-15  7.3867e-16  6.4943e-15
1252.2683   2283.00    0.9241    0.1068  6.0002e-15  6.9381e-16  6.4933e-15
1252.2982   2290.21    1.0211    0.1122  6.6294e-15  7.2866e-16  6.4922e-15
1252.3281   2297.43    0.9224    0.1068  5.9874e-15  6.9308e-16  6.4912e-15
1252.3580   2304.64    0.9550    0.1086  6.1981e-15  7.0505e-16  6.4901e-15
1252.3879   2311.86    1.0370    0.1131  6.7289e-15  7.3370e-16  6.4891e-15
1252.4178   2319.07    1.0000    0.1111  6.4883e-15  7.2101e-16  6.4881e-15
1252.4477   2326.29    0.9632    0.1091  6.2481e-15  7.0777e-16  6.4870e-15
1252.4776   2333.50    1.0233    0.1124  6.6373e-15  7.2871e-16  6.4860e-15
1252.5075   2340.72    1.1042    0.1167  7.1605e-15  7.5651e-16  6.4849e-15
1252.5375   2347.93    0.9434    0.1108  6.1166e-15  7.1816e-16  6.4838e-15
1252.5674   2355.15    0.9224    0.1227  5.9796e-15  7.9527e-16  6.4828e-15
1252.5973   2362.36    1.0635    0.1361  6.8936e-15  8.8219e-16  6.4817e-15
1252.6272   2369.58    0.8220    0.1361  5.3271e-15  8.8179e-16  6.4807e-15
1252.6571   2376.79    1.0192    0.1494  6.6041e-15  9.6832e-16  6.4796e-15
1252.6870   2384.01    0.9825    0.1508  6.3652e-15  9.7704e-16  6.4786e-15
1252.7169   2391.22    0.9615    0.1478  6.2278e-15  9.5756e-16  6.4775e-15
1252.7468   2398.44    0.9056    0.1445  5.8650e-15  9.3564e-16  6.4764e-15
1252.7767   2405.65    0.7605    0.1341  4.9246e-15  8.6824e-16  6.4754e-15
1252.8066   2412.87    1.0811    0.1555  6.9995e-15  1.0070e-15  6.4743e-15
1252.8366   2420.08    0.9231    0.1409  5.9755e-15  9.1197e-16  6.4732e-15
1252.8665   2427.30    1.0137    0.1477  6.5608e-15  9.5592e-16  6.4722e-15
1252.8964   2434.51    1.2458    0.1656  8.0617e-15  1.0718e-15  6.4711e-15
1252.9263   2441.73    1.0875    0.1574  7.0360e-15  1.0186e-15  6.4700e-15
1252.9562   2448.94    0.9939    0.1520  6.4296e-15  9.8345e-16  6.4690e-15
1252.9861   2456.16    0.8520    0.1341  5.5107e-15  8.6718e-16  6.4679e-15
1253.0160   2463.37    0.9198    0.1414  5.9482e-15  9.1473e-16  6.4668e-15
1253.0459   2470.59    0.9556    0.1328  6.1786e-15  8.5876e-16  6.4658e-15
1253.0758   2477.80    1.1072    0.1301  7.1574e-15  8.4085e-16  6.4647e-15
1253.1057   2485.02    1.0454    0.1138  6.7570e-15  7.3524e-16  6.4636e-15
1253.1357   2492.23    0.9229    0.1071  5.9643e-15  6.9186e-16  6.4625e-15
1253.1656   2499.45    0.8975    0.1056  5.7990e-15  6.8201e-16  6.4614e-15
1253.1955   2506.66    0.9091    0.1062  5.8732e-15  6.8618e-16  6.4604e-15
1253.2254   2513.88    0.9249    0.1072  5.9742e-15  6.9223e-16  6.4593e-15
1253.2553   2521.09    0.9969    0.1112  6.4384e-15  7.1791e-16  6.4582e-15
1253.2852   2528.31    0.8728    0.1042  5.6361e-15  6.7278e-16  6.4571e-15
1253.3151   2535.52    0.9964    0.1112  6.4330e-15  7.1763e-16  6.4560e-15
1253.3450   2542.73    1.0858    0.1159  7.0085e-15  7.4817e-16  6.4550e-15
1253.3749   2549.95    1.1336    0.1184  7.3161e-15  7.6423e-16  6.4539e-15
1253.4048   2557.16    1.0465    0.1138  6.7529e-15  7.3463e-16  6.4528e-15
1253.4348   2564.38    1.0394    0.1135  6.7057e-15  7.3226e-16  6.4517e-15
1253.4647   2571.59    0.9533    0.1088  6.1492e-15  7.0179e-16  6.4506e-15
1253.4946   2578.81    0.9982    0.1112  6.4378e-15  7.1727e-16  6.4495e-15
1253.5245   2586.02    1.0468    0.1138  6.7502e-15  7.3406e-16  6.4484e-15
1253.5544   2593.24    1.0007    0.1113  6.4520e-15  7.1785e-16  6.4473e-15
1253.5843   2600.45    0.9030    0.1059  5.8211e-15  6.8234e-16  6.4462e-15
1253.6142   2607.67    0.9565    0.1089  6.1645e-15  7.0189e-16  6.4451e-15
1253.6441   2614.88    0.8604    0.1034  5.5446e-15  6.6607e-16  6.4440e-15
1253.6740   2622.10    0.8844    0.1048  5.6984e-15  6.7511e-16  6.4429e-15
1253.7039   2629.31    0.6707    0.0915  4.3204e-15  5.8955e-16  6.4418e-15
1253.7339   2636.53    0.6776    0.0920  4.3640e-15  5.9254e-16  6.4407e-15
1253.7638   2643.74    0.6225    0.0883  4.0089e-15  5.6842e-16  6.4396e-15
1253.7937   2650.96    0.6021    0.0869  3.8765e-15  5.5929e-16  6.4385e-15
1253.8236   2658.17    0.3937    0.0725  2.5345e-15  4.6666e-16  6.4374e-15
1253.8535   2665.39    0.3068    0.0726  1.9744e-15  4.6703e-16  6.4363e-15
1253.8834   2672.60    0.3821    0.0857  2.4590e-15  5.5177e-16  6.4352e-15
1253.9133   2679.82    0.5577    0.1186  3.5883e-15  7.6297e-16  6.4341e-15
1253.9432   2687.03    0.5366    0.1165  3.4522e-15  7.4920e-16  6.4330e-15
1253.9731   2694.25    0.5436    0.1172  3.4964e-15  7.5364e-16  6.4319e-15
1254.0030   2701.46    0.7250    0.1345  4.6624e-15  8.6519e-16  6.4308e-15
1254.0330   2708.68    1.0086    0.1579  6.4848e-15  1.0154e-15  6.4297e-15
