# Wave  Vhel  NormFlux  NormErr      Flux        Error       Continuum
1325.8768  -1944.40    0.8503    0.1785  4.5206e-15  9.4912e-16  5.3162e-15
1325.9067  -1937.68    0.8699    0.1806  4.6246e-15  9.5992e-16  5.3165e-15
1325.9366  -1930.96    0.9550    0.1889  5.0774e-15  1.0042e-15  5.3168e-15
1325.9665  -1924.24    1.0485    0.1974  5.5752e-15  1.0498e-15  5.3171e-15
1325.9964  -1917.52    0.8379    0.1774  4.4557e-15  9.4329e-16  5.3174e-15
1326.0263  -1910.80    0.9717    0.1904  5.1675e-15  1.0125e-15  5.3178e-15
1326.0562  -1904.08    0.8112    0.1748  4.3138e-15  9.2937e-16  5.3181e-15
1326.0861  -1897.36    0.8297    0.1766  4.4126e-15  9.3919e-16  5.3184e-15
1326.1161  -1890.64    1.4560    0.2313  7.7441e-15  1.2304e-15  5.3187e-15
1326.1460  -1883.92    0.9700    0.1902  5.1597e-15  1.0119e-15  5.3190e-15
1326.1759  -1877.21    1.2364    0.2137  6.5770e-15  1.1368e-15  5.3194e-15
1326.2058  -1870.49    1.0002    0.1930  5.3206e-15  1.0266e-15  5.3197e-15
1326.2357  -1863.77    1.1217    0.2039  5.9676e-15  1.0848e-15  5.3200e-15
1326.2656  -1857.05    0.9422    0.1876  5.0131e-15  9.9808e-16  5.3203e-15
1326.2955  -1850.33    0.7980    0.1734  4.2459e-15  9.2244e-16  5.3207e-15
1326.3254  -1843.61    0.8468    0.1782  4.5059e-15  9.4839e-16  5.3210e-15
1326.3553  -1836.89    1.2713    0.2166  6.7652e-15  1.1524e-15  5.3213e-15
1326.3852  -1830.17    1.3907    0.2262  7.4010e-15  1.2038e-15  5.3217e-15
1326.4152  -1823.45    0.7298    0.1662  3.8840e-15  8.8439e-16  5.3220e-15
1326.4451  -1816.73    0.9918    0.1922  5.2785e-15  1.0232e-15  5.3223e-15
1326.4750  -1810.02    0.9416    0.1875  5.0119e-15  9.9821e-16  5.3227e-15
1326.5049  -1803.30    0.9875    0.1918  5.2562e-15  1.0212e-15  5.3230e-15
1326.5348  -1796.58    0.7927    0.1728  4.2195e-15  9.1966e-16  5.3233e-15
1326.5647  -1789.86    1.0269    0.1954  5.4667e-15  1.0404e-15  5.3237e-15
1326.5946  -1783.14    0.9893    0.2924  5.2671e-15  1.5566e-15  5.3240e-15
1326.6245  -1776.42    0.8040    0.3478  4.2809e-15  1.8516e-15  5.3243e-15
1326.6544  -1769.70    1.2908    0.4365  6.8731e-15  2.3245e-15  5.3247e-15
1326.6843  -1762.98    1.0844    0.4015  5.7746e-15  2.1378e-15  5.3250e-15
1326.7143  -1756.26    1.1221    0.4082  5.9755e-15  2.1738e-15  5.3253e-15
1326.7442  -1749.54    0.9325    0.3739  4.9663e-15  1.9911e-15  5.3257e-15
1326.7741  -1742.82    1.1423    0.4120  6.0842e-15  2.1942e-15  5.3260e-15
1326.8040  -1736.11    0.7949    0.3466  4.2341e-15  1.8464e-15  5.3264e-15
1326.8339  -1729.39    1.0475    0.3953  5.5800e-15  2.1055e-15  5.3267e-15
1326.8638  -1722.67    0.7992    0.3475  4.2576e-15  1.8509e-15  5.3270e-15
1326.8937  -1715.95    1.2654    0.4325  6.7415e-15  2.3040e-15  5.3274e-15
1326.9236  -1709.23    1.2827    0.4352  6.8337e-15  2.3186e-15  5.3277e-15
1326.9535  -1702.51    0.8851    0.3642  4.7158e-15  1.9406e-15  5.3281e-15
1326.9834  -1695.79    0.6519    0.3155  3.4733e-15  1.6809e-15  5.3284e-15
1327.0134  -1689.07    1.1653    0.4156  6.2095e-15  2.2148e-15  5.3288e-15
1327.0433  -1682.35    1.1222    0.4080  5.9803e-15  2.1742e-15  5.3291e-15
1327.0732  -1675.63    0.7362    0.3336  3.9236e-15  1.7781e-15  5.3295e-15
1327.1031  -1668.92    1.1423    0.3934  6.0881e-15  2.0969e-15  5.3298e-15
1327.1330  -1662.20    0.9962    0.1924  5.3100e-15  1.0256e-15  5.3301e-15
1327.1629  -1655.48    1.0076    0.1935  5.3711e-15  1.0312e-15  5.3305e-15
1327.1928  -1648.76    0.9675    0.1897  5.1576e-15  1.0115e-15  5.3308e-15
1327.2227  -1642.04    0.5965    0.1510  3.1799e-15  8.0523e-16  5.3312e-15
1327.2526  -1635.32    0.8293    0.1764  4.4215e-15  9.4059e-16  5.3315e-15
1327.2825  -1628.60    0.9005    0.1835  4.8011e-15  9.7827e-16  5.3319e-15
1327.3125  -1621.88    0.6898    0.1617  3.6780e-15  8.6228e-16  5.3322e-15
1327.3424  -1615.16    1.1137    0.2032  5.9390e-15  1.0835e-15  5.3326e-15
1327.3723  -1608.44    1.1673    0.2078  6.2250e-15  1.1082e-15  5.3329e-15
1327.4022  -1601.72    1.1558    0.2069  6.1641e-15  1.1032e-15  5.3333e-15
1327.4321  -1595.01    1.1187    0.2036  5.9666e-15  1.0861e-15  5.3337e-15
1327.4620  -1588.29    1.2889    0.2180  6.8752e-15  1.1630e-15  5.3340e-15
1327.4919  -1581.57    1.3312    0.2215  7.1014e-15  1.1816e-15  5.3344e-15
1327.5218  -1574.85    1.0725    0.1996  5.7217e-15  1.0648e-15  5.3347e-15
1327.5517  -1568.13    1.1771    0.2087  6.2797e-15  1.1136e-15  5.3351e-15
1327.5816  -1561.41    1.1036    0.2024  5.8881e-15  1.0797e-15  5.3354e-15
1327.6116  -1554.69    0.9010    0.1837  4.8077e-15  9.7993e-16  5.3358e-15
1327.6415  -1547.97    0.8647    0.1801  4.6140e-15  9.6114e-16  5.3361e-15
1327.6714  -1541.25    1.1144    0.2033  5.9472e-15  1.0848e-15  5.3365e-15
1327.7013  -1534.53    0.7762    0.1711  4.1425e-15  9.1290e-16  5.3369e-15
1327.7312  -1527.82    0.6945    0.1622  3.7065e-15  8.6595e-16  5.3372e-15
1327.7611  -1521.10    0.8469    0.1781  4.5205e-15  9.5087e-16  5.3376e-15
1327.7910  -1514.38    1.1141    0.2030  5.9468e-15  1.0839e-15  5.3379e-15
1327.8209  -1507.66    1.0739    0.1994  5.7330e-15  1.0646e-15  5.3383e-15
1327.8508  -1500.94    0.6137    0.1529  3.2762e-15  8.1640e-16  5.3387e-15
1327.8807  -1494.22    0.8104    0.1744  4.3266e-15  9.3106e-16  5.3390e-15
1327.9107  -1487.50    0.6976    0.1624  3.7249e-15  8.6732e-16  5.3394e-15
1327.9406  -1480.78    0.7949    0.1728  4.2444e-15  9.2270e-16  5.3397e-15
1327.9705  -1474.06    0.8289    0.1764  4.4265e-15  9.4184e-16  5.3401e-15
1328.0004  -1467.34    0.8448    0.1780  4.5114e-15  9.5035e-16  5.3405e-15
1328.0303  -1460.62    0.8665    0.1801  4.6279e-15  9.6177e-16  5.3408e-15
1328.0602  -1453.91    1.2236    0.2125  6.5356e-15  1.1352e-15  5.3412e-15
1328.0901  -1447.19    0.9969    0.1926  5.3250e-15  1.0287e-15  5.3416e-15
1328.1200  -1440.47    0.8111    0.1746  4.3327e-15  9.3255e-16  5.3419e-15
1328.1499  -1433.75    0.8476    0.1783  4.5281e-15  9.5263e-16  5.3423e-15
1328.1798  -1427.03    1.0795    0.2002  5.7672e-15  1.0696e-15  5.3427e-15
1328.2098  -1420.31    1.1561    0.2068  6.1772e-15  1.1052e-15  5.3430e-15
1328.2397  -1413.59    0.7795    0.1713  4.1650e-15  9.1551e-16  5.3434e-15
1328.2696  -1406.87    1.0257    0.1952  5.4809e-15  1.0433e-15  5.3438e-15
1328.2995  -1400.15    0.7224    0.1653  3.8606e-15  8.8356e-16  5.3441e-15
1328.3294  -1393.43    0.7736    0.1707  4.1347e-15  9.1235e-16  5.3445e-15
1328.3593  -1386.71    1.0487    0.1974  5.6052e-15  1.0548e-15  5.3449e-15
1328.3892  -1380.00    0.7571    0.1690  4.0470e-15  9.0339e-16  5.3453e-15
1328.4191  -1373.28    0.7287    0.1660  3.8956e-15  8.8714e-16  5.3456e-15
1328.4490  -1366.56    0.9860    0.1916  5.2712e-15  1.0243e-15  5.3460e-15
1328.4789  -1359.84    0.8538    0.1789  4.5646e-15  9.5626e-16  5.3464e-15
1328.5089  -1353.12    0.7943    0.1728  4.2468e-15  9.2411e-16  5.3468e-15
1328.5388  -1346.40    0.7162    0.1647  3.8297e-15  8.8047e-16  5.3471e-15
1328.5687  -1339.68    0.8466    0.1783  4.5273e-15  9.5322e-16  5.3475e-15
1328.5986  -1332.96    0.9727    0.1905  5.2019e-15  1.0186e-15  5.3479e-15
1328.6285  -1326.24    1.1708    0.2081  6.2617e-15  1.1132e-15  5.3482e-15
1328.6584  -1319.52    1.1237    0.2040  6.0104e-15  1.0912e-15  5.3486e-15
1328.6883  -1312.81    1.0981    0.2018  5.8737e-15  1.0793e-15  5.3490e-15
1328.7182  -1306.09    1.0145    0.1943  5.4270e-15  1.0394e-15  5.3494e-15
1328.7481  -1299.37    1.1160    0.2035  5.9701e-15  1.0885e-15  5.3498e-15
1328.7780  -1292.65    1.0560    0.1982  5.6497e-15  1.0605e-15  5.3501e-15
1328.8080  -1285.93    0.9651    0.1900  5.1637e-15  1.0165e-15  5.3505e-15
1328.8379  -1279.21    0.9998    0.1932  5.3499e-15  1.0337e-15  5.3509e-15
1328.8678  -1272.49    0.8509    0.1789  4.5534e-15  9.5749e-16  5.3513e-15
1328.8977  -1265.77    1.0375    0.1967  5.5521e-15  1.0526e-15  5.3516e-15
1328.9276  -1259.05    0.8622    0.1801  4.6147e-15  9.6394e-16  5.3520e-15
1328.9575  -1252.33    0.8265    0.1765  4.4239e-15  9.4465e-16  5.3524e-15
1328.9874  -1245.61    0.9501    0.1886  5.0856e-15  1.0093e-15  5.3528e-15
1329.0173  -1238.90    0.9294    0.1866  4.9753e-15  9.9912e-16  5.3532e-15
1329.0472  -1232.18    1.2741    0.2171  6.8211e-15  1.1623e-15  5.3536e-15
1329.0771  -1225.46    1.0419    0.1972  5.5783e-15  1.0557e-15  5.3539e-15
1329.1071  -1218.74    0.8992    0.1838  4.8146e-15  9.8421e-16  5.3543e-15
1329.1370  -1212.02    0.8730    0.1813  4.6746e-15  9.7059e-16  5.3547e-15
1329.1669  -1205.30    0.7987    0.1738  4.2773e-15  9.3061e-16  5.3551e-15
1329.1968  -1198.58    0.9678    0.1903  5.1833e-15  1.0192e-15  5.3555e-15
1329.2267  -1191.86    1.0615    0.1989  5.6851e-15  1.0651e-15  5.3558e-15
1329.2566  -1185.14    0.8045    0.1743  4.3089e-15  9.3361e-16  5.3562e-15
1329.2865  -1178.42    0.8877    0.1826  4.7549e-15  9.7802e-16  5.3566e-15
1329.3164  -1171.71    1.2047    0.2113  6.4535e-15  1.1317e-15  5.3570e-15
1329.3463  -1164.99    1.0617    0.1988  5.6878e-15  1.0652e-15  5.3574e-15
1329.3762  -1158.27    0.9370    0.1873  5.0200e-15  1.0033e-15  5.3578e-15
1329.4062  -1151.55    0.8808    0.1818  4.7195e-15  9.7420e-16  5.3582e-15
1329.4361  -1144.83    1.1127    0.2033  5.9624e-15  1.0891e-15  5.3585e-15
1329.4660  -1138.11    1.0187    0.1948  5.4591e-15  1.0440e-15  5.3589e-15
1329.4959  -1131.39    1.0938    0.2016  5.8619e-15  1.0802e-15  5.3593e-15
1329.5258  -1124.67    0.7884    0.1725  4.2258e-15  9.2432e-16  5.3597e-15
1329.5557  -1117.95    1.1623    0.2075  6.2301e-15  1.1123e-15  5.3601e-15
1329.5856  -1111.23    0.9858    0.1999  5.2844e-15  1.0715e-15  5.3605e-15
1329.6155  -1104.51    1.1933    0.1715  6.3972e-15  9.1936e-16  5.3609e-15
1329.6454  -1097.80    1.0654    0.1695  5.7120e-15  9.0884e-16  5.3613e-15
1329.6753  -1091.08    1.0008    0.1363  5.3660e-15  7.3095e-16  5.3617e-15
1329.7053  -1084.36    1.0304    0.1383  5.5252e-15  7.4179e-16  5.3621e-15
1329.7352  -1077.64    0.9784    0.1349  5.2465e-15  7.2321e-16  5.3624e-15
1329.7651  -1070.92    1.0480    0.1394  5.6201e-15  7.4751e-16  5.3628e-15
1329.7950  -1064.20    1.2798    0.1538  6.8640e-15  8.2484e-16  5.3632e-15
1329.8249  -1057.48    1.2484    0.1518  6.6958e-15  8.1427e-16  5.3636e-15
1329.8548  -1050.76    0.9932    0.1359  5.3275e-15  7.2901e-16  5.3640e-15
1329.8847  -1044.04    0.9167    0.1318  4.9173e-15  7.0719e-16  5.3644e-15
1329.9146  -1037.32    0.6269    0.1259  3.3634e-15  6.7562e-16  5.3648e-15
1329.9445  -1030.61    1.2394    0.1747  6.6498e-15  9.3721e-16  5.3652e-15
1329.9744  -1023.89    0.9862    0.1564  5.2916e-15  8.3906e-16  5.3656e-15
1330.0044  -1017.17    1.4369    0.2304  7.7105e-15  1.2366e-15  5.3660e-15
1330.0343  -1010.45    0.7977    0.1588  4.2810e-15  8.5197e-16  5.3664e-15
1330.0642  -1003.73    0.9490    0.1534  5.0932e-15  8.2327e-16  5.3668e-15
1330.0941   -997.01    0.9052    0.1408  4.8582e-15  7.5592e-16  5.3672e-15
1330.1240   -990.29    0.9961    0.1359  5.3467e-15  7.2967e-16  5.3676e-15
1330.1539   -983.57    1.0580    0.1400  5.6795e-15  7.5166e-16  5.3679e-15
1330.1838   -976.85    1.1975    0.1488  6.4285e-15  7.9858e-16  5.3683e-15
1330.2137   -970.13    1.1657    0.1469  6.2582e-15  7.8875e-16  5.3687e-15
1330.2436   -963.41    1.1234    0.1443  6.0315e-15  7.7456e-16  5.3691e-15
1330.2735   -956.70    1.0783    0.1413  5.7898e-15  7.5895e-16  5.3695e-15
1330.3035   -949.98    0.9439    0.1325  5.0685e-15  7.1176e-16  5.3699e-15
1330.3334   -943.26    0.9358    0.1320  5.0258e-15  7.0889e-16  5.3703e-15
1330.3633   -936.54    1.1741    0.1474  6.3055e-15  7.9150e-16  5.3707e-15
1330.3932   -929.82    1.0243    0.1379  5.5014e-15  7.4057e-16  5.3711e-15
1330.4231   -923.10    1.2611    0.1526  6.7738e-15  8.1954e-16  5.3715e-15
1330.4530   -916.38    1.0196    0.1376  5.4771e-15  7.3902e-16  5.3719e-15
1330.4829   -909.66    1.2060    0.1493  6.4789e-15  8.0217e-16  5.3723e-15
1330.5128   -902.94    1.0171    0.1375  5.4644e-15  7.3857e-16  5.3727e-15
1330.5427   -896.22    1.0971    0.1426  5.8947e-15  7.6601e-16  5.3731e-15
1330.5726   -889.51    0.8061    0.1228  4.3318e-15  6.6006e-16  5.3735e-15
1330.6026   -882.79    1.0882    0.1420  5.8482e-15  7.6298e-16  5.3739e-15
1330.6325   -876.07    0.9725    0.1344  5.2263e-15  7.2223e-16  5.3743e-15
1330.6624   -869.35    1.1256    0.1445  6.0499e-15  7.7655e-16  5.3747e-15
1330.6923   -862.63    0.8088    0.1232  4.3471e-15  6.6212e-16  5.3751e-15
1330.7222   -855.91    1.2416    0.1515  6.6742e-15  8.1454e-16  5.3755e-15
1330.7521   -849.19    1.2227    0.1504  6.5730e-15  8.0839e-16  5.3759e-15
1330.7820   -842.47    1.2432    0.1517  6.6836e-15  8.1561e-16  5.3763e-15
1330.8119   -835.75    0.9951    0.1361  5.3503e-15  7.3175e-16  5.3767e-15
1330.8418   -829.03    1.1361    0.1452  6.1089e-15  7.8051e-16  5.3771e-15
1330.8717   -822.31    1.0245    0.1380  5.5095e-15  7.4224e-16  5.3775e-15
1330.9017   -815.60    0.9726    0.1347  5.2308e-15  7.2416e-16  5.3779e-15
1330.9316   -808.88    0.9380    0.1324  5.0451e-15  7.1189e-16  5.3783e-15
1330.9615   -802.16    1.0923    0.1425  5.8754e-15  7.6633e-16  5.3787e-15
1330.9914   -795.44    0.9061    0.1302  4.8739e-15  7.0042e-16  5.3791e-15
1331.0213   -788.72    0.9457    0.1329  5.0872e-15  7.1497e-16  5.3795e-15
1331.0512   -782.00    0.9207    0.1311  4.9536e-15  7.0543e-16  5.3799e-15
1331.0811   -775.28    1.0261    0.1384  5.5207e-15  7.4440e-16  5.3804e-15
1331.1110   -768.56    1.0044    0.1368  5.4043e-15  7.3633e-16  5.3808e-15
1331.1409   -761.84    1.2166    0.1501  6.5469e-15  8.0776e-16  5.3812e-15
1331.1708   -755.12    1.2067    0.1495  6.4939e-15  8.0437e-16  5.3816e-15
1331.2008   -748.41    1.0669    0.1408  5.7419e-15  7.5777e-16  5.3820e-15
1331.2307   -741.69    0.9045    0.1301  4.8682e-15  7.0037e-16  5.3824e-15
1331.2606   -734.97    1.1008    0.1431  5.9253e-15  7.7030e-16  5.3828e-15
1331.2905   -728.25    0.6996    0.1150  3.7662e-15  6.1902e-16  5.3832e-15
1331.3204   -721.53    0.9671    0.1344  5.2064e-15  7.2370e-16  5.3836e-15
1331.3503   -714.81    0.9846    0.1356  5.3014e-15  7.2988e-16  5.3840e-15
1331.3802   -708.09    0.8688    0.1415  4.6780e-15  7.6197e-16  5.3844e-15
1331.4101   -701.37    1.0910    0.1642  5.8748e-15  8.8419e-16  5.3848e-15
1331.4400   -694.65    1.1273    0.1660  6.0707e-15  8.9413e-16  5.3852e-15
1331.4699   -687.93    0.8743    0.1483  4.7084e-15  7.9879e-16  5.3856e-15
1331.4999   -681.21    1.0268    0.1829  5.5302e-15  9.8502e-16  5.3860e-15
1331.5298   -674.50    0.8522    0.1679  4.5902e-15  9.0419e-16  5.3864e-15
1331.5597   -667.78    0.8939    0.1685  4.8150e-15  9.0790e-16  5.3868e-15
1331.5896   -661.06    0.8558    0.1724  4.6102e-15  9.2897e-16  5.3873e-15
1331.6195   -654.34    1.2644    0.1987  6.8121e-15  1.0706e-15  5.3877e-15
1331.6494   -647.62    0.9652    0.1628  5.2006e-15  8.7721e-16  5.3881e-15
1331.6793   -640.90    1.0961    0.1659  5.9063e-15  8.9409e-16  5.3885e-15
1331.7092   -634.18    1.0249    0.1481  5.5233e-15  7.9789e-16  5.3889e-15
1331.7391   -627.46    0.6606    0.1119  3.5603e-15  6.0294e-16  5.3893e-15
1331.7690   -620.74    1.1406    0.1455  6.1474e-15  7.8401e-16  5.3897e-15
1331.7990   -614.02    1.0014    0.1365  5.3975e-15  7.3593e-16  5.3901e-15
1331.8289   -607.30    0.8298    0.1247  4.4732e-15  6.7208e-16  5.3905e-15
1331.8588   -600.59    0.9150    0.1307  4.9329e-15  7.0469e-16  5.3909e-15
1331.8887   -593.87    0.8604    0.1270  4.6386e-15  6.8490e-16  5.3913e-15
1331.9186   -587.15    0.8683    0.1275  4.6815e-15  6.8747e-16  5.3917e-15
1331.9485   -580.43    1.0813    0.1418  5.8306e-15  7.6449e-16  5.3921e-15
1331.9784   -573.71    1.0958    0.1427  5.9090e-15  7.6934e-16  5.3926e-15
1332.0083   -566.99    1.1607    0.1467  6.2598e-15  7.9129e-16  5.3930e-15
1332.0382   -560.27    1.3289    0.1567  7.1672e-15  8.4529e-16  5.3934e-15
1332.0681   -553.55    1.1101    0.1436  5.9878e-15  7.7470e-16  5.3938e-15
1332.0981   -546.83    0.9300    0.1318  5.0164e-15  7.1090e-16  5.3942e-15
1332.1280   -540.11    1.0427    0.1394  5.6249e-15  7.5199e-16  5.3946e-15
1332.1579   -533.40    1.1686    0.1473  6.3047e-15  7.9462e-16  5.3950e-15
1332.1878   -526.68    1.0671    0.1409  5.7572e-15  7.6006e-16  5.3954e-15
1332.2177   -519.96    1.0661    0.1408  5.7523e-15  7.5989e-16  5.3958e-15
1332.2476   -513.24    0.8575    0.1413  4.6270e-15  7.6246e-16  5.3962e-15
1332.2775   -506.52    0.9795    0.1533  5.2860e-15  8.2745e-16  5.3967e-15
1332.3074   -499.80    0.9913    0.1534  5.3502e-15  8.2805e-16  5.3971e-15
1332.3373   -493.08    1.0103    0.1595  5.4533e-15  8.6080e-16  5.3975e-15
1332.3672   -486.36    1.0544    0.1880  5.6917e-15  1.0146e-15  5.3979e-15
1332.3972   -479.64    0.9706    0.1724  5.2398e-15  9.3081e-16  5.3983e-15
1332.4271   -472.92    1.1174    0.1779  6.0323e-15  9.6021e-16  5.3987e-15
1332.4570   -466.20    1.0666    0.1644  5.7587e-15  8.8740e-16  5.3991e-15
1332.4869   -459.49    1.0280    0.1458  5.5505e-15  7.8750e-16  5.3995e-15
1332.5168   -452.77    0.9266    0.1315  5.0038e-15  7.0999e-16  5.3999e-15
1332.5467   -446.05    0.9678    0.1342  5.2266e-15  7.2482e-16  5.4004e-15
1332.5766   -439.33    1.2142    0.1498  6.5575e-15  8.0917e-16  5.4008e-15
1332.6065   -432.61    0.9457    0.1327  5.1081e-15  7.1679e-16  5.4012e-15
1332.6364   -425.89    0.9771    0.1469  5.2780e-15  7.9349e-16  5.4016e-15
1332.6663   -419.17    0.9903    0.1580  5.3496e-15  8.5340e-16  5.4020e-15
1332.6963   -412.45    0.9479    0.1533  5.1212e-15  8.2814e-16  5.4024e-15
1332.7262   -405.73    1.2007    0.1779  6.4871e-15  9.6113e-16  5.4028e-15
1332.7561   -399.01    0.9819    0.1821  5.3057e-15  9.8411e-16  5.4032e-15
1332.7860   -392.30    0.9691    0.1760  5.2365e-15  9.5100e-16  5.4036e-15
1332.8159   -385.58    0.8898    0.1736  4.8086e-15  9.3806e-16  5.4041e-15
1332.8458   -378.86    0.7458    0.1598  4.0308e-15  8.6373e-16  5.4045e-15
1332.8757   -372.14    1.1682    0.1857  6.3142e-15  1.0037e-15  5.4049e-15
1332.9056   -365.42    1.1228    0.1623  6.0691e-15  8.7731e-16  5.4053e-15
1332.9355   -358.70    1.0417    0.1523  5.6309e-15  8.2307e-16  5.4057e-15
1332.9654   -351.98    0.8936    0.1292  4.8310e-15  6.9833e-16  5.4061e-15
1332.9954   -345.26    0.9955    0.1360  5.3824e-15  7.3544e-16  5.4065e-15
1333.0253   -338.54    0.9930    0.1359  5.3690e-15  7.3483e-16  5.4069e-15
1333.0552   -331.82    1.0165    0.1375  5.4968e-15  7.4343e-16  5.4073e-15
1333.0851   -325.10    0.9298    0.1317  5.0283e-15  7.1239e-16  5.4078e-15
1333.1150   -318.39    0.8635    0.1271  4.6702e-15  6.8764e-16  5.4082e-15
1333.1449   -311.67    0.8600    0.1269  4.6513e-15  6.8628e-16  5.4086e-15
1333.1748   -304.95    1.1456    0.1457  6.1967e-15  7.8824e-16  5.4090e-15
1333.2047   -298.23    0.9973    0.1361  5.3949e-15  7.3643e-16  5.4094e-15
1333.2346   -291.51    0.9344    0.1319  5.0550e-15  7.1368e-16  5.4098e-15
1333.2645   -284.79    0.7801    0.1209  4.2204e-15  6.5432e-16  5.4102e-15
1333.2945   -278.07    0.9532    0.1332  5.1576e-15  7.2071e-16  5.4107e-15
1333.3244   -271.35    0.8704    0.1275  4.7096e-15  6.8967e-16  5.4111e-15
1333.3543   -264.63    1.0982    0.1427  5.9428e-15  7.7239e-16  5.4115e-15
1333.3842   -257.91    0.9465    0.1327  5.1226e-15  7.1805e-16  5.4119e-15
1333.4141   -251.20    0.9906    0.1356  5.3612e-15  7.3412e-16  5.4123e-15
1333.4440   -244.48    1.1826    0.1478  6.4011e-15  8.0024e-16  5.4128e-15
1333.4739   -237.76    0.7435    0.1182  4.0246e-15  6.3992e-16  5.4132e-15
1333.5038   -231.04    0.9785    0.1349  5.2974e-15  7.3049e-16  5.4136e-15
1333.5337   -224.32    0.8541    0.1263  4.6240e-15  6.8386e-16  5.4140e-15
1333.5636   -217.60    0.9993    0.1363  5.4108e-15  7.3793e-16  5.4144e-15
1333.5936   -210.88    1.1702    0.1471  6.3367e-15  7.9657e-16  5.4148e-15
1333.6235   -204.16    0.9628    0.1337  5.2136e-15  7.2402e-16  5.4153e-15
1333.6534   -197.44    0.8976    0.1293  4.8611e-15  7.0009e-16  5.4157e-15
1333.6833   -190.72    1.0607    0.1402  5.7447e-15  7.5942e-16  5.4161e-15
1333.7132   -184.00    0.7816    0.1209  4.2335e-15  6.5502e-16  5.4165e-15
1333.7431   -177.29    1.0969    0.1426  5.9420e-15  7.7221e-16  5.4169e-15
1333.7730   -170.57    0.7428    0.1180  4.0239e-15  6.3934e-16  5.4174e-15
1333.8029   -163.85    1.1074    0.1431  5.9998e-15  7.7552e-16  5.4178e-15
1333.8328   -157.13    1.0524    0.1396  5.7024e-15  7.5638e-16  5.4182e-15
1333.8627   -150.41    1.1116    0.1433  6.0235e-15  7.7643e-16  5.4186e-15
1333.8927   -143.69    0.9996    0.1361  5.4169e-15  7.3769e-16  5.4191e-15
1333.9226   -136.97    1.1046    0.1429  5.9864e-15  7.7424e-16  5.4195e-15
1333.9525   -130.25    0.9261    0.1312  5.0191e-15  7.1101e-16  5.4199e-15
1333.9824   -123.53    0.8253    0.1240  4.4736e-15  6.7221e-16  5.4203e-15
1334.0123   -116.81    0.8440    0.1253  4.5753e-15  6.7932e-16  5.4208e-15
1334.0422   -110.10    0.9520    0.1329  5.1610e-15  7.2028e-16  5.4212e-15
1334.0721   -103.38    0.8608    0.1265  4.6668e-15  6.8589e-16  5.4216e-15
1334.1020    -96.66    0.8104    0.1228  4.3937e-15  6.6590e-16  5.4220e-15
1334.1319    -89.94    0.9387    0.1319  5.0898e-15  7.1502e-16  5.4225e-15
1334.1618    -83.22    1.1668    0.1466  6.3275e-15  7.9489e-16  5.4229e-15
1334.1918    -76.50    0.9851    0.1350  5.3427e-15  7.3229e-16  5.4233e-15
1334.2217    -69.78    1.0189    0.1372  5.5260e-15  7.4426e-16  5.4237e-15
1334.2516    -63.06    0.8642    0.1267  4.6877e-15  6.8733e-16  5.4242e-15
1334.2815    -56.34    0.7318    0.1169  3.9697e-15  6.3422e-16  5.4246e-15
1334.3114    -49.62    0.5045    0.0980  2.7370e-15  5.3173e-16  5.4250e-15
1334.3413    -42.90    0.3410    0.0815  1.8500e-15  4.4239e-16  5.4254e-15
1334.3712    -36.19    0.1866    0.0623  1.0124e-15  3.3825e-16  5.4259e-15
1334.4011    -29.47    0.0809    0.0444  4.3900e-16  2.4115e-16  5.4263e-15
1334.4310    -22.75    0.0661    0.0414  3.5881e-16  2.2463e-16  5.4267e-15
1334.4609    -16.03    0.0286    0.0320  1.5538e-16  1.7385e-16  5.4272e-15
1334.4909     -9.31    0.0051    0.0244  2.7934e-17  1.3237e-16  5.4276e-15
1334.5208     -2.59    0.0339    0.0333  1.8381e-16  1.8069e-16  5.4280e-15
1334.5507      4.13    0.0408    0.0352  2.2149e-16  1.9122e-16  5.4285e-15
1334.5806     10.85    0.0451    0.0361  2.4463e-16  1.9593e-16  5.4289e-15
1334.6105     17.57    0.0330    0.0330  1.7916e-16  1.7927e-16  5.4293e-15
1334.6404     24.29    0.0167    0.0286  9.0825e-17  1.5536e-16  5.4297e-15
1334.6703     31.01    0.0054    0.0245  2.9474e-17  1.3310e-16  5.4302e-15
1334.7002     37.72   -0.0015    0.0232  -8.1341e-18  1.2576e-16  5.4306e-15
1334.7301     44.44   -0.0139    0.0167  -7.5415e-17  9.0528e-17  5.4310e-15
1334.7600     51.16    0.0180    0.0293  9.7933e-17  1.5930e-16  5.4315e-15
1334.7900     57.88    0.0013    0.0239  6.8405e-18  1.2995e-16  5.4319e-15
1334.8199     64.60   -0.0131    0.0176  -7.1335e-17  9.5731e-17  5.4323e-15
1334.8498     71.32    0.0309    0.0332  1.6787e-16  1.8033e-16  5.4328e-15
1334.8797     78.04   -0.0151    0.0167  -8.1961e-17  9.0571e-17  5.4332e-15
1334.9096     84.76    0.0173    0.0293  9.3834e-17  1.5900e-16  5.4336e-15
1334.9395     91.48    0.0245    0.0413  1.3310e-16  2.2453e-16  5.4341e-15
1334.9694     98.20    0.1097    0.0639  5.9637e-16  3.4712e-16  5.4345e-15
1334.9993    104.91    0.1736    0.0778  9.4357e-16  4.2265e-16  5.4350e-15
1335.0292    111.63    0.2810    0.0926  1.5276e-15  5.0357e-16  5.4354e-15
1335.0591    118.35    0.2852    0.1069  1.5504e-15  5.8090e-16  5.4358e-15
1335.0891    125.07    0.3110    0.1075  1.6905e-15  5.8462e-16  5.4363e-15
1335.1190    131.79    0.3178    0.1012  1.7277e-15  5.5016e-16  5.4367e-15
1335.1489    138.51    0.4759    0.1277  2.5875e-15  6.9411e-16  5.4371e-15
1335.1788    145.23    0.4668    0.1222  2.5382e-15  6.6471e-16  5.4376e-15
1335.2087    151.95    0.3750    0.1207  2.0391e-15  6.5621e-16  5.4380e-15
1335.2386    158.67    0.3447    0.1111  1.8748e-15  6.0410e-16  5.4384e-15
1335.2685    165.39    0.7492    0.1542  4.0749e-15  8.3853e-16  5.4389e-15
1335.2984    172.11    0.7456    0.1578  4.0555e-15  8.5829e-16  5.4393e-15
1335.3283    178.82    1.0623    0.1855  5.7784e-15  1.0091e-15  5.4398e-15
1335.3582    185.54    0.8702    0.1746  4.7343e-15  9.4990e-16  5.4402e-15
1335.3882    192.26    0.6149    0.1456  3.3455e-15  7.9217e-16  5.4406e-15
1335.4181    198.98    0.8269    0.1671  4.4992e-15  9.0903e-16  5.4411e-15
1335.4480    205.70    0.8351    0.1712  4.5443e-15  9.3167e-16  5.4415e-15
1335.4779    212.42    0.9876    0.1768  5.3744e-15  9.6228e-16  5.4420e-15
1335.5078    219.14    0.9079    0.1734  4.9410e-15  9.4393e-16  5.4424e-15
1335.5377    225.86    0.9506    0.1730  5.1742e-15  9.4164e-16  5.4428e-15
1335.5676    232.58    1.0080    0.1368  5.4871e-15  7.4448e-16  5.4433e-15
1335.5975    239.30    0.8063    0.1228  4.3892e-15  6.6859e-16  5.4437e-15
1335.6274    246.01    0.8826    0.1283  4.8052e-15  6.9830e-16  5.4442e-15
1335.6573    252.73    0.6954    0.1144  3.7859e-15  6.2273e-16  5.4446e-15
1335.6873    259.45    0.4313    0.0915  2.3483e-15  4.9808e-16  5.4451e-15
1335.7172    266.17    0.4695    0.0950  2.5565e-15  5.1747e-16  5.4455e-15
1335.7471    272.89    0.5594    0.1031  3.0463e-15  5.6140e-16  5.4459e-15
1335.7770    279.61    0.5389    0.1014  2.9352e-15  5.5222e-16  5.4464e-15
1335.8069    286.33    0.7573    0.1192  4.1247e-15  6.4902e-16  5.4468e-15
1335.8368    293.05    0.7440    0.1181  4.0529e-15  6.4314e-16  5.4473e-15
1335.8667    299.77    0.6143    0.1077  3.3466e-15  5.8683e-16  5.4477e-15
1335.8966    306.49    0.9361    0.1319  5.0999e-15  7.1856e-16  5.4482e-15
1335.9265    313.21    0.7861    0.1212  4.2834e-15  6.6037e-16  5.4486e-15
1335.9564    319.92    0.9202    0.1308  5.0144e-15  7.1283e-16  5.4491e-15
1335.9864    326.64    1.0250    0.1377  5.5856e-15  7.5066e-16  5.4495e-15
1336.0163    333.36    0.9831    0.1349  5.3580e-15  7.3537e-16  5.4499e-15
1336.0462    340.08    0.9800    0.1347  5.3416e-15  7.3407e-16  5.4504e-15
1336.0761    346.80    0.9134    0.1301  4.9785e-15  7.0912e-16  5.4508e-15
1336.1060    353.52    0.8455    0.1255  4.6092e-15  6.8388e-16  5.4513e-15
1336.1359    360.24    1.0308    0.1381  5.6198e-15  7.5278e-16  5.4517e-15
1336.1658    366.96    0.9457    0.1324  5.1563e-15  7.2176e-16  5.4522e-15
1336.1957    373.68    1.0108    0.1367  5.5114e-15  7.4558e-16  5.4526e-15
1336.2256    380.40    1.0669    0.1405  5.8177e-15  7.6608e-16  5.4531e-15
1336.2555    387.11    1.0959    0.1423  5.9767e-15  7.7606e-16  5.4535e-15
1336.2855    393.83    0.9141    0.1301  4.9855e-15  7.0979e-16  5.4540e-15
1336.3154    400.55    0.9206    0.1306  5.0214e-15  7.1234e-16  5.4544e-15
1336.3453    407.27    1.2537    0.1518  6.8389e-15  8.2782e-16  5.4549e-15
1336.3752    413.99    1.1390    0.1448  6.2139e-15  7.9007e-16  5.4553e-15
1336.4051    420.71    0.8263    0.1239  4.5084e-15  6.7611e-16  5.4558e-15
1336.4350    427.43    0.9162    0.1303  4.9991e-15  7.1093e-16  5.4562e-15
1336.4649    434.15    0.9912    0.1353  5.4085e-15  7.3815e-16  5.4567e-15
1336.4948    440.87    1.2037    0.1488  6.5687e-15  8.1202e-16  5.4571e-15
1336.5247    447.59    0.7574    0.1188  4.1338e-15  6.4863e-16  5.4576e-15
1336.5546    454.31    0.9909    0.1353  5.4081e-15  7.3868e-16  5.4580e-15
1336.5846    461.02    1.0641    0.1401  5.8085e-15  7.6461e-16  5.4585e-15
1336.6145    467.74    0.7638    0.1194  4.1693e-15  6.5177e-16  5.4589e-15
1336.6444    474.46    0.7691    0.1197  4.1986e-15  6.5353e-16  5.4594e-15
1336.6743    481.18    0.8368    0.1247  4.5690e-15  6.8092e-16  5.4598e-15
1336.7042    487.90    0.9398    0.1319  5.1318e-15  7.2026e-16  5.4603e-15
1336.7341    494.62    1.0061    0.1364  5.4942e-15  7.4493e-16  5.4607e-15
1336.7640    501.34    0.8077    0.1227  4.4111e-15  6.7001e-16  5.4612e-15
1336.7939    508.06    0.7299    0.1168  3.9863e-15  6.3802e-16  5.4616e-15
1336.8238    514.78    1.0049    0.1364  5.4891e-15  7.4491e-16  5.4621e-15
1336.8537    521.50    1.0677    0.1404  5.8325e-15  7.6698e-16  5.4626e-15
1336.8837    528.21    0.9748    0.1343  5.3252e-15  7.3365e-16  5.4630e-15
1336.9136    534.93    1.0486    0.1391  5.7292e-15  7.5998e-16  5.4635e-15
1336.9435    541.65    1.0739    0.1408  5.8675e-15  7.6938e-16  5.4639e-15
1336.9734    548.37    1.0784    0.1411  5.8926e-15  7.7106e-16  5.4644e-15
1337.0033    555.09    0.9843    0.1350  5.3793e-15  7.3792e-16  5.4648e-15
1337.0332    561.81    1.1446    0.1452  6.2555e-15  7.9348e-16  5.4653e-15
1337.0631    568.53    1.1289    0.1443  6.1705e-15  7.8870e-16  5.4657e-15
1337.0930    575.25    0.7197    0.1159  3.9338e-15  6.3371e-16  5.4662e-15
1337.1229    581.97    0.7971    0.1219  4.3575e-15  6.6636e-16  5.4667e-15
1337.1528    588.69    0.8654    0.1267  4.7314e-15  6.9288e-16  5.4671e-15
1337.1828    595.41    1.1471    0.1453  6.2716e-15  7.9465e-16  5.4676e-15
1337.2127    602.12    0.9929    0.1355  5.4294e-15  7.4116e-16  5.4680e-15
1337.2426    608.84    0.9055    0.1297  4.9515e-15  7.0909e-16  5.4685e-15
1337.2725    615.56    1.0901    0.1419  5.9618e-15  7.7580e-16  5.4689e-15
1337.3024    622.28    0.9220    0.1316  5.0426e-15  7.1992e-16  5.4694e-15
1337.3323    629.00    1.0155    0.1586  5.5544e-15  8.6739e-16  5.4699e-15
1337.3622    635.72    0.8059    0.1388  4.4088e-15  7.5943e-16  5.4703e-15
1337.3921    642.44    1.2482    0.1753  6.8288e-15  9.5891e-16  5.4708e-15
1337.4220    649.16    0.8158    0.1646  4.4636e-15  9.0078e-16  5.4712e-15
1337.4519    655.88    0.7838    0.1617  4.2890e-15  8.8502e-16  5.4717e-15
1337.4819    662.60    1.0992    0.1899  6.0150e-15  1.0391e-15  5.4722e-15
1337.5118    669.32    0.9221    0.1788  5.0461e-15  9.7839e-16  5.4726e-15
1337.5417    676.03    0.9094    0.1766  4.9771e-15  9.6670e-16  5.4731e-15
1337.5716    682.75    1.0114    0.1877  5.5360e-15  1.0273e-15  5.4735e-15
1337.6015    689.47    1.1968    0.1995  6.5513e-15  1.0918e-15  5.4740e-15
1337.6314    696.19    1.0763    0.1865  5.8924e-15  1.0208e-15  5.4745e-15
1337.6613    702.91    0.9204    0.1729  5.0390e-15  9.4676e-16  5.4749e-15
1337.6912    709.63    0.9063    0.1823  4.9625e-15  9.9831e-16  5.4754e-15
1337.7211    716.35    1.3077    0.2103  7.1610e-15  1.1517e-15  5.4759e-15
1337.7510    723.07    1.0090    0.1825  5.5257e-15  9.9957e-16  5.4763e-15
1337.7810    729.79    1.0860    0.1868  5.9480e-15  1.0229e-15  5.4768e-15
1337.8109    736.51    1.2257    0.2065  6.7137e-15  1.1313e-15  5.4772e-15
1337.8408    743.22    0.9240    0.1705  5.0614e-15  9.3390e-16  5.4777e-15
1337.8707    749.94    1.1049    0.1882  6.0526e-15  1.0312e-15  5.4782e-15
1337.9006    756.66    0.9790    0.1554  5.3635e-15  8.5163e-16  5.4786e-15
1337.9305    763.38    1.0115    0.1542  5.5421e-15  8.4488e-16  5.4791e-15
1337.9604    770.10    0.9890    0.1354  5.4192e-15  7.4214e-16  5.4796e-15
1337.9903    776.82    1.0461    0.1392  5.7329e-15  7.6269e-16  5.4800e-15
1338.0202    783.54    1.2407    0.1512  6.7996e-15  8.2858e-16  5.4805e-15
1338.0501    790.26    0.9586    0.1334  5.2538e-15  7.3136e-16  5.4810e-15
1338.0801    796.98    1.1589    0.1463  6.3522e-15  8.0200e-16  5.4814e-15
1338.1100    803.70    0.9092    0.1301  4.9840e-15  7.1324e-16  5.4819e-15
1338.1399    810.42    1.1918    0.1483  6.5339e-15  8.1314e-16  5.4824e-15
1338.1698    817.13    1.0049    0.1365  5.5096e-15  7.4837e-16  5.4828e-15
1338.1997    823.85    1.1653    0.1467  6.3897e-15  8.0427e-16  5.4833e-15
1338.2296    830.57    1.1184    0.1438  6.1333e-15  7.8830e-16  5.4838e-15
1338.2595    837.29    1.0732    0.1409  5.8857e-15  7.7264e-16  5.4842e-15
1338.2894    844.01    0.9923    0.1357  5.4426e-15  7.4432e-16  5.4847e-15
1338.3193    850.73    0.9852    0.1352  5.4041e-15  7.4151e-16  5.4852e-15
1338.3492    857.45    0.8904    0.1287  4.8842e-15  7.0622e-16  5.4856e-15
1338.3792    864.17    0.8764    0.1277  4.8078e-15  7.0056e-16  5.4861e-15
1338.4091    870.89    1.1606    0.1462  6.3675e-15  8.0198e-16  5.4866e-15
1338.4390    877.61    0.8929    0.1289  4.8992e-15  7.0728e-16  5.4870e-15
1338.4689    884.32    0.9022    0.1296  4.9510e-15  7.1114e-16  5.4875e-15
1338.4988    891.04    0.9676    0.1338  5.3103e-15  7.3455e-16  5.4880e-15
1338.5287    897.76    0.8951    0.1288  4.9127e-15  7.0716e-16  5.4884e-15
1338.5586    904.48    0.9996    0.1359  5.4864e-15  7.4589e-16  5.4889e-15
1338.5885    911.20    1.0590    0.1398  5.8131e-15  7.6738e-16  5.4894e-15
1338.6184    917.92    0.9488    0.1325  5.2085e-15  7.2717e-16  5.4898e-15
1338.6483    924.64    0.9155    0.1303  5.0262e-15  7.1527e-16  5.4903e-15
1338.6783    931.36    1.0952    0.1420  6.0133e-15  7.7946e-16  5.4908e-15
1338.7082    938.08    0.9340    0.1315  5.1289e-15  7.2185e-16  5.4913e-15
1338.7381    944.80    0.8625    0.1264  4.7364e-15  6.9441e-16  5.4917e-15
1338.7680    951.52    1.0747    0.1406  5.9025e-15  7.7235e-16  5.4922e-15
1338.7979    958.23    0.9643    0.1334  5.2966e-15  7.3252e-16  5.4927e-15
1338.8278    964.95    1.1850    0.1475  6.5095e-15  8.1012e-16  5.4931e-15
1338.8577    971.67    0.9213    0.1304  5.0615e-15  7.1643e-16  5.4936e-15
1338.8876    978.39    1.0336    0.1379  5.6787e-15  7.5782e-16  5.4941e-15
1338.9175    985.11    0.8600    0.1261  4.7252e-15  6.9288e-16  5.4946e-15
1338.9474    991.83    0.9331    0.1312  5.1272e-15  7.2086e-16  5.4950e-15
1338.9774    998.55    1.0355    0.1380  5.6906e-15  7.5814e-16  5.4955e-15
1339.0073   1005.27    0.7810    0.1203  4.2924e-15  6.6108e-16  5.4960e-15
1339.0372   1011.99    1.1903    0.1476  6.5424e-15  8.1155e-16  5.4964e-15
1339.0671   1018.71    0.8907    0.1282  4.8963e-15  7.0444e-16  5.4969e-15
1339.0970   1025.42    0.8823    0.1276  4.8505e-15  7.0155e-16  5.4974e-15
1339.1269   1032.14    0.8286    0.1237  4.5556e-15  6.8031e-16  5.4979e-15
1339.1568   1038.86    0.8637    0.1262  4.7490e-15  6.9415e-16  5.4983e-15
1339.1867   1045.58    1.1044    0.1424  6.0728e-15  7.8288e-16  5.4988e-15
1339.2166   1052.30    0.9739    0.1339  5.3558e-15  7.3640e-16  5.4993e-15
1339.2465   1059.02    0.8792    0.1273  4.8351e-15  7.0032e-16  5.4998e-15
1339.2765   1065.74    0.9847    0.1345  5.4160e-15  7.3967e-16  5.5002e-15
1339.3064   1072.46    0.9162    0.1299  5.0399e-15  7.1454e-16  5.5007e-15
1339.3363   1079.18    0.9378    0.1314  5.1589e-15  7.2271e-16  5.5012e-15
1339.3662   1085.90    1.1857    0.1472  6.5231e-15  8.1003e-16  5.5017e-15
1339.3961   1092.62    0.9972    0.1354  5.4869e-15  7.4482e-16  5.5021e-15
1339.4260   1099.33    0.9499    0.1322  5.2270e-15  7.2717e-16  5.5026e-15
1339.4559   1106.05    1.1662    0.1461  6.4177e-15  8.0378e-16  5.5031e-15
1339.4858   1112.77    0.9531    0.1323  5.2453e-15  7.2838e-16  5.5036e-15
1339.5157   1119.49    1.1007    0.1420  6.0584e-15  7.8160e-16  5.5041e-15
1339.5456   1126.21    1.3515    0.1753  7.4395e-15  9.6514e-16  5.5045e-15
1339.5756   1132.93    1.1751    0.1928  6.4692e-15  1.0614e-15  5.5050e-15
1339.6055   1139.65    1.0025    0.1826  5.5191e-15  1.0052e-15  5.5055e-15
1339.6354   1146.37    0.9383    0.1747  5.1664e-15  9.6179e-16  5.5060e-15
1339.6653   1153.09    0.8508    0.1656  4.6851e-15  9.1193e-16  5.5064e-15
1339.6952   1159.81    0.8753    0.1723  4.8202e-15  9.4869e-16  5.5069e-15
1339.7251   1166.52    0.8458    0.1727  4.6583e-15  9.5087e-16  5.5074e-15
1339.7550   1173.24    1.0994    0.1927  6.0556e-15  1.0611e-15  5.5079e-15
1339.7849   1179.96    1.1302    0.1905  6.2255e-15  1.0491e-15  5.5084e-15
1339.8148   1186.68    0.9283    0.1831  5.1136e-15  1.0089e-15  5.5088e-15
1339.8447   1193.40    0.9657    0.1779  5.3203e-15  9.8038e-16  5.5093e-15
1339.8747   1200.12    0.8950    0.1746  4.9310e-15  9.6191e-16  5.5098e-15
1339.9046   1206.84    0.8463    0.1746  4.6632e-15  9.6227e-16  5.5103e-15
1339.9345   1213.56    0.9609    0.1783  5.2955e-15  9.8230e-16  5.5108e-15
1339.9644   1220.28    1.0704    0.1881  5.8990e-15  1.0366e-15  5.5112e-15
1339.9943   1227.00    0.9133    0.1377  5.0340e-15  7.5899e-16  5.5117e-15
1340.0242   1233.72    0.9963    0.1356  5.4918e-15  7.4752e-16  5.5122e-15
1340.0541   1240.43    1.0643    0.1400  5.8674e-15  7.7203e-16  5.5127e-15
1340.0840   1247.15    0.8977    0.1289  4.9494e-15  7.1089e-16  5.5132e-15
1340.1139   1253.87    0.8702    0.1270  4.7980e-15  7.0030e-16  5.5136e-15
1340.1438   1260.59    0.8853    0.1280  4.8814e-15  7.0593e-16  5.5141e-15
1340.1738   1267.31    1.0103    0.1365  5.5714e-15  7.5259e-16  5.5146e-15
1340.2037   1274.03    0.8160    0.1232  4.5004e-15  6.7931e-16  5.5151e-15
1340.2336   1280.75    0.9500    0.1325  5.2397e-15  7.3086e-16  5.5156e-15
1340.2635   1287.47    0.9668    0.1337  5.3331e-15  7.3774e-16  5.5160e-15
1340.2934   1294.19    0.8793    0.1277  4.8508e-15  7.0429e-16  5.5165e-15
1340.3233   1300.91    1.0745    0.1408  5.9282e-15  7.7696e-16  5.5170e-15
1340.3532   1307.63    1.1471    0.1453  6.3292e-15  8.0144e-16  5.5175e-15
1340.3831   1314.34    0.9358    0.1317  5.1638e-15  7.2655e-16  5.5180e-15
1340.4130   1321.06    0.9702    0.1340  5.3538e-15  7.3931e-16  5.5185e-15
1340.4429   1327.78    0.8666    0.1269  4.7829e-15  7.0015e-16  5.5189e-15
1340.4729   1334.50    0.9897    0.1353  5.4626e-15  7.4692e-16  5.5194e-15
1340.5028   1341.22    0.8333    0.1245  4.5998e-15  6.8719e-16  5.5199e-15
1340.5327   1347.94    0.8466    0.1254  4.6735e-15  6.9223e-16  5.5204e-15
1340.5626   1354.66    0.9133    0.1301  5.0425e-15  7.1804e-16  5.5209e-15
1340.5925   1361.38    0.8292    0.1241  4.5785e-15  6.8519e-16  5.5214e-15
1340.6224   1368.10    0.9778    0.1344  5.3991e-15  7.4214e-16  5.5219e-15
1340.6523   1374.82    0.9922    0.1353  5.4792e-15  7.4736e-16  5.5223e-15
1340.6822   1381.53    1.1145    0.1432  6.1554e-15  7.9087e-16  5.5228e-15
1340.7121   1388.25    0.9448    0.1323  5.2186e-15  7.3056e-16  5.5233e-15
1340.7420   1394.97    0.8783    0.1276  4.8515e-15  7.0495e-16  5.5238e-15
1340.7720   1401.69    0.9597    0.1333  5.3016e-15  7.3624e-16  5.5243e-15
1340.8019   1408.41    0.8348    0.1245  4.6122e-15  6.8787e-16  5.5248e-15
1340.8318   1415.13    0.9492    0.1324  5.2444e-15  7.3130e-16  5.5253e-15
1340.8617   1421.85    0.9452    0.1321  5.2229e-15  7.3003e-16  5.5257e-15
1340.8916   1428.57    1.0319    0.1379  5.7027e-15  7.6208e-16  5.5262e-15
1340.9215   1435.29    0.9247    0.1307  5.1108e-15  7.2252e-16  5.5267e-15
1340.9514   1442.01    0.9258    0.1308  5.1172e-15  7.2302e-16  5.5272e-15
1340.9813   1448.73    1.1042    0.1425  6.1038e-15  7.8751e-16  5.5277e-15
1341.0112   1455.44    0.9030    0.1293  4.9922e-15  7.1457e-16  5.5282e-15
1341.0411   1462.16    1.1425    0.1449  6.3168e-15  8.0125e-16  5.5287e-15
1341.0711   1468.88    1.0023    0.1360  5.5416e-15  7.5194e-16  5.5292e-15
1341.1010   1475.60    0.9343    0.1314  5.1663e-15  7.2686e-16  5.5296e-15
1341.1309   1482.32    0.9730    0.1340  5.3809e-15  7.4130e-16  5.5301e-15
1341.1608   1489.04    1.1324    0.1443  6.2631e-15  7.9822e-16  5.5306e-15
1341.1907   1495.76    1.0637    0.1400  5.8835e-15  7.7428e-16  5.5311e-15
1341.2206   1502.48    1.0577    0.1396  5.8509e-15  7.7205e-16  5.5316e-15
1341.2505   1509.20    0.7161    0.1156  3.9617e-15  6.3941e-16  5.5321e-15
1341.2804   1515.92    1.0573    0.1394  5.8495e-15  7.7131e-16  5.5326e-15
1341.3103   1522.63    0.9440    0.1320  5.2231e-15  7.3020e-16  5.5331e-15
1341.3402   1529.35    0.9294    0.1310  5.1431e-15  7.2480e-16  5.5336e-15
1341.3702   1536.07    0.8914    0.1283  4.9332e-15  7.1015e-16  5.5340e-15
1341.4001   1542.79    0.9243    0.1306  5.1157e-15  7.2298e-16  5.5345e-15
1341.4300   1549.51    0.9788    0.1344  5.4178e-15  7.4371e-16  5.5350e-15
1341.4599   1556.23    0.8921    0.1284  4.9385e-15  7.1087e-16  5.5355e-15
1341.4898   1562.95    0.7910    0.1211  4.3792e-15  6.7061e-16  5.5360e-15
1341.5197   1569.67    0.9952    0.1354  5.5102e-15  7.4971e-16  5.5365e-15
1341.5496   1576.39    0.6747    0.1122  3.7357e-15  6.2124e-16  5.5370e-15
1341.5795   1583.11    0.9712    0.1337  5.3782e-15  7.4055e-16  5.5375e-15
1341.6094   1589.83    0.9757    0.1340  5.4034e-15  7.4230e-16  5.5380e-15
1341.6393   1596.54    1.0113    0.1364  5.6008e-15  7.5568e-16  5.5385e-15
1341.6693   1603.26    1.1403    0.1446  6.3162e-15  8.0111e-16  5.5390e-15
1341.6992   1609.98    0.8491    0.1254  4.7035e-15  6.9455e-16  5.5394e-15
1341.7291   1616.70    0.8914    0.1283  4.9381e-15  7.1088e-16  5.5399e-15
1341.7590   1623.42    0.8256    0.1236  4.5743e-15  6.8499e-16  5.5404e-15
1341.7889   1630.14    0.8729    0.1270  4.8366e-15  7.0351e-16  5.5409e-15
1341.8188   1636.86    1.0440    0.1385  5.7850e-15  7.6738e-16  5.5414e-15
1341.8487   1643.58    1.1650    0.1461  6.4561e-15  8.0988e-16  5.5419e-15
1341.8786   1650.30    1.0019    0.1358  5.5532e-15  7.5255e-16  5.5424e-15
1341.9085   1657.02    0.9343    0.1314  5.1786e-15  7.2832e-16  5.5429e-15
1341.9384   1663.73    0.8836    0.1279  4.8984e-15  7.0892e-16  5.5434e-15
1341.9684   1670.45    0.8002    0.1220  4.4363e-15  6.7645e-16  5.5439e-15
1341.9983   1677.17    0.9621    0.1332  5.3343e-15  7.3878e-16  5.5444e-15
1342.0282   1683.89    0.7883    0.1209  4.3710e-15  6.7044e-16  5.5449e-15
1342.0581   1690.61    0.8876    0.1281  4.9220e-15  7.1058e-16  5.5454e-15
1342.0880   1697.33    1.1037    0.1424  6.1212e-15  7.8984e-16  5.5459e-15
1342.1179   1704.05    1.0816    0.1409  5.9987e-15  7.8135e-16  5.5463e-15
1342.1478   1710.77    0.9688    0.1336  5.3736e-15  7.4122e-16  5.5468e-15
1342.1777   1717.49    0.9608    0.1331  5.3301e-15  7.3839e-16  5.5473e-15
1342.2076   1724.21    0.9794    0.1344  5.4336e-15  7.4548e-16  5.5478e-15
1342.2375   1730.93    1.0499    0.1389  5.8251e-15  7.7074e-16  5.5483e-15
1342.2675   1737.64    0.9562    0.1328  5.3057e-15  7.3704e-16  5.5488e-15
1342.2974   1744.36    0.9875    0.1349  5.4802e-15  7.4842e-16  5.5493e-15
1342.3273   1751.08    1.0257    0.1373  5.6924e-15  7.6208e-16  5.5498e-15
1342.3572   1757.80    1.0339    0.1379  5.7386e-15  7.6524e-16  5.5503e-15
1342.3871   1764.52    1.0729    0.1404  5.9557e-15  7.7945e-16  5.5508e-15
1342.4170   1771.24    0.9434    0.1319  5.2369e-15  7.3227e-16  5.5513e-15
1342.4469   1777.96    0.9657    0.1335  5.3613e-15  7.4136e-16  5.5518e-15
1342.4768   1784.68    0.9167    0.1301  5.0899e-15  7.2244e-16  5.5523e-15
1342.5067   1791.40    1.0079    0.1363  5.5967e-15  7.5668e-16  5.5528e-15
1342.5366   1798.12    0.9614    0.1332  5.3387e-15  7.3974e-16  5.5533e-15
1342.5666   1804.83    0.9950    0.1354  5.5261e-15  7.5189e-16  5.5538e-15
1342.5965   1811.55    1.0253    0.1375  5.6948e-15  7.6371e-16  5.5543e-15
1342.6264   1818.27    1.1401    0.1448  6.3331e-15  8.0409e-16  5.5548e-15
1342.6563   1824.99    0.8908    0.1284  4.9487e-15  7.1338e-16  5.5553e-15
1342.6862   1831.71    0.9560    0.1329  5.3114e-15  7.3837e-16  5.5558e-15
1342.7161   1838.43    1.0232    0.1372  5.6852e-15  7.6244e-16  5.5563e-15
1342.7460   1845.15    1.0134    0.1367  5.6310e-15  7.5947e-16  5.5568e-15
1342.7759   1851.87    0.9951    0.1354  5.5302e-15  7.5218e-16  5.5573e-15
1342.8058   1858.59    0.9790    0.1343  5.4410e-15  7.4665e-16  5.5578e-15
1342.8357   1865.31    1.2001    0.1483  6.6704e-15  8.2428e-16  5.5583e-15
1342.8657   1872.03    0.9649    0.1334  5.3639e-15  7.4163e-16  5.5588e-15
1342.8956   1878.74    0.8178    0.1231  4.5465e-15  6.8414e-16  5.5593e-15
1342.9255   1885.46    0.9497    0.1322  5.2800e-15  7.3524e-16  5.5598e-15
1342.9554   1892.18    1.0744    0.1404  5.9740e-15  7.8076e-16  5.5602e-15
1342.9853   1898.90    0.8717    0.1268  4.8474e-15  7.0529e-16  5.5607e-15
1343.0152   1905.62    0.8066    0.1221  4.4857e-15  6.7927e-16  5.5612e-15
1343.0451   1912.34    1.0702    0.1400  5.9522e-15  7.7881e-16  5.5617e-15
1343.0750   1919.06    0.9803    0.1342  5.4524e-15  7.4628e-16  5.5622e-15
1343.1049   1925.78    0.8601    0.1260  4.7844e-15  7.0101e-16  5.5627e-15
1343.1348   1932.50    0.9609    0.1330  5.3456e-15  7.3965e-16  5.5632e-15
1343.1648   1939.22    0.9253    0.1305  5.1482e-15  7.2592e-16  5.5637e-15
1343.1947   1945.93    1.1613    0.1458  6.4617e-15  8.1124e-16  5.5642e-15
1343.2246   1952.65    1.0321    0.1376  5.7431e-15  7.6579e-16  5.5647e-15
1343.2545   1959.37    0.9028    0.1290  5.0242e-15  7.1779e-16  5.5652e-15
1343.2844   1966.09    0.7923    0.1241  4.4097e-15  6.9074e-16  5.5657e-15
1343.3143   1972.81    1.0737    0.1861  5.9763e-15  1.0358e-15  5.5662e-15
1343.3442   1979.53    1.0471    0.1833  5.8291e-15  1.0205e-15  5.5667e-15
1343.3741   1986.25    0.9264    0.1749  5.1573e-15  9.7395e-16  5.5672e-15
1343.4040   1992.97    1.0613    0.1876  5.9088e-15  1.0443e-15  5.5677e-15
1343.4339   1999.69    0.7483    0.1607  4.1667e-15  8.9484e-16  5.5682e-15
1343.4639   2006.41    1.1052    0.1915  6.1548e-15  1.0663e-15  5.5687e-15
1343.4938   2013.13    1.0068    0.1849  5.6070e-15  1.0295e-15  5.5693e-15
1343.5237   2019.84    0.9429    0.1750  5.2514e-15  9.7472e-16  5.5698e-15
1343.5536   2026.56    1.1064    0.1907  6.1630e-15  1.0620e-15  5.5703e-15
1343.5835   2033.28    0.9614    0.1803  5.3558e-15  1.0047e-15  5.5708e-15
1343.6134   2040.00    1.0682    0.1856  5.9514e-15  1.0341e-15  5.5713e-15
1343.6433   2046.72    1.2845    0.2047  7.1570e-15  1.1407e-15  5.5718e-15
1343.6732   2053.44    1.0640    0.1853  5.9289e-15  1.0325e-15  5.5723e-15
1343.7031   2060.16    1.1508    0.1852  6.4134e-15  1.0321e-15  5.5728e-15
1343.7330   2066.88    0.8858    0.1684  4.9365e-15  9.3828e-16  5.5733e-15
1343.7630   2073.60    1.0572    0.1859  5.8925e-15  1.0364e-15  5.5738e-15
1343.7929   2080.32    1.0943    0.1930  6.1000e-15  1.0760e-15  5.5743e-15
1343.8228   2087.04    0.8898    0.1710  4.9607e-15  9.5310e-16  5.5748e-15
1343.8527   2093.75    0.8626    0.1481  4.8093e-15  8.2556e-16  5.5753e-15
1343.8826   2100.47    0.8019    0.1218  4.4711e-15  6.7898e-16  5.5758e-15
1343.9125   2107.19    1.0147    0.1364  5.6582e-15  7.6036e-16  5.5763e-15
1343.9424   2113.91    1.1160    0.1429  6.2238e-15  7.9707e-16  5.5768e-15
1343.9723   2120.63    0.8331    0.1241  4.6466e-15  6.9190e-16  5.5773e-15
1344.0022   2127.35    1.3018    0.1541  7.2613e-15  8.5950e-16  5.5778e-15
1344.0321   2134.07    1.3449    0.1566  7.5023e-15  8.7354e-16  5.5783e-15
1344.0621   2140.79    0.9037    0.1291  5.0413e-15  7.2016e-16  5.5788e-15
1344.0920   2147.51    1.1512    0.1451  6.4230e-15  8.0980e-16  5.5793e-15
1344.1219   2154.23    1.0656    0.1397  5.9456e-15  7.7971e-16  5.5798e-15
1344.1518   2160.94    0.9908    0.1349  5.5289e-15  7.5296e-16  5.5803e-15
1344.1817   2167.66    1.0469    0.1385  5.8424e-15  7.7280e-16  5.5808e-15
1344.2116   2174.38    0.8705    0.1266  4.8585e-15  7.0686e-16  5.5813e-15
1344.2415   2181.10    0.9243    0.1303  5.1595e-15  7.2717e-16  5.5818e-15
1344.2714   2187.82    0.8967    0.1285  5.0055e-15  7.1717e-16  5.5823e-15
1344.3013   2194.54    0.9091    0.1293  5.0753e-15  7.2191e-16  5.5828e-15
1344.3312   2201.26    1.0603    0.1394  5.9200e-15  7.7816e-16  5.5833e-15
1344.3612   2207.98    0.9222    0.1302  5.1495e-15  7.2720e-16  5.5838e-15
1344.3911   2214.70    1.0266    0.1373  5.7331e-15  7.6648e-16  5.5844e-15
1344.4210   2221.42    1.1156    0.1429  6.2304e-15  7.9835e-16  5.5849e-15
1344.4509   2228.14    0.9416    0.1317  5.2589e-15  7.3552e-16  5.5854e-15
1344.4808   2234.85    0.9758    0.1340  5.4509e-15  7.4878e-16  5.5859e-15
1344.5107   2241.57    0.8631    0.1262  4.8217e-15  7.0486e-16  5.5864e-15
1344.5406   2248.29    0.9284    0.1307  5.1867e-15  7.3022e-16  5.5869e-15
1344.5705   2255.01    0.9181    0.1299  5.1299e-15  7.2583e-16  5.5874e-15
1344.6004   2261.73    0.8536    0.1255  4.7700e-15  7.0107e-16  5.5879e-15
1344.6303   2268.45    1.0530    0.1389  5.8846e-15  7.7622e-16  5.5884e-15
1344.6603   2275.17    0.6760    0.1121  3.7781e-15  6.2625e-16  5.5889e-15
1344.6902   2281.89    0.8681    0.1264  4.8524e-15  7.0677e-16  5.5894e-15
1344.7201   2288.61    1.0788    0.1405  6.0303e-15  7.8559e-16  5.5899e-15
1344.7500   2295.33    0.9955    0.1351  5.5651e-15  7.5514e-16  5.5904e-15
1344.7799   2302.04    0.8741    0.1268  4.8868e-15  7.0885e-16  5.5909e-15
1344.8098   2308.76    0.9390    0.1312  5.2505e-15  7.3376e-16  5.5914e-15
1344.8397   2315.48    1.0323    0.1374  5.7728e-15  7.6853e-16  5.5919e-15
1344.8696   2322.20    1.2065    0.1483  6.7471e-15  8.2922e-16  5.5924e-15
1344.8995   2328.92    1.0857    0.1408  6.0725e-15  7.8769e-16  5.5930e-15
1344.9294   2335.64    0.8516    0.1251  4.7631e-15  6.9993e-16  5.5935e-15
1344.9594   2342.36    0.8558    0.1255  4.7873e-15  7.0189e-16  5.5940e-15
1344.9893   2349.08    0.9392    0.1313  5.2543e-15  7.3430e-16  5.5945e-15
1345.0192   2355.80    1.0740    0.1400  6.0091e-15  7.8346e-16  5.5950e-15
1345.0491   2362.52    1.0253    0.1369  5.7373e-15  7.6595e-16  5.5955e-15
1345.0790   2369.24    1.0790    0.1404  6.0381e-15  7.8566e-16  5.5960e-15
1345.1089   2375.95    0.9535    0.1322  5.3363e-15  7.4000e-16  5.5965e-15
1345.1388   2382.67    0.8618    0.1259  4.8234e-15  7.0449e-16  5.5970e-15
1345.1687   2389.39    0.8848    0.1276  4.9525e-15  7.1427e-16  5.5975e-15
1345.1986   2396.11    0.7552    0.1183  4.2275e-15  6.6240e-16  5.5980e-15
1345.2285   2402.83    0.9639    0.1331  5.3962e-15  7.4501e-16  5.5985e-15
1345.2585   2409.55    0.9268    0.1306  5.1890e-15  7.3142e-16  5.5990e-15
1345.2884   2416.27    1.1079    0.1423  6.2038e-15  7.9699e-16  5.5996e-15
1345.3183   2422.99    1.0508    0.1387  5.8843e-15  7.7698e-16  5.6001e-15
1345.3482   2429.71    1.3427    0.1564  7.5197e-15  8.7577e-16  5.6006e-15
1345.3781   2436.43    1.0205    0.1367  5.7158e-15  7.6572e-16  5.6011e-15
1345.4080   2443.14    1.1024    0.1420  6.1752e-15  7.9523e-16  5.6016e-15
1345.4379   2449.86    0.9941    0.1350  5.5689e-15  7.5649e-16  5.6021e-15
1345.4678   2456.58    0.9649    0.1331  5.4058e-15  7.4581e-16  5.6026e-15
1345.4977   2463.30    0.9934    0.1350  5.5663e-15  7.5622e-16  5.6031e-15
1345.5276   2470.02    0.9540    0.1324  5.3459e-15  7.4189e-16  5.6036e-15
1345.5576   2476.74    0.9577    0.1326  5.3670e-15  7.4321e-16  5.6041e-15
1345.5875   2483.46    1.0431    0.1383  5.8463e-15  7.7489e-16  5.6046e-15
1345.6174   2490.18    0.9978    0.1353  5.5926e-15  7.5821e-16  5.6052e-15
1345.6473   2496.90    0.9062    0.1370  5.0800e-15  7.6775e-16  5.6057e-15
1345.6772   2503.62    0.9398    0.1506  5.2686e-15  8.4423e-16  5.6062e-15
1345.7071   2510.34    1.2160    0.1714  6.8175e-15  9.6083e-16  5.6067e-15
1345.7370   2517.05    0.9431    0.1543  5.2883e-15  8.6504e-16  5.6072e-15
1345.7669   2523.77    1.0826    0.1848  6.0708e-15  1.0364e-15  5.6077e-15
1345.7968   2530.49    1.0172    0.1906  5.7048e-15  1.0687e-15  5.6082e-15
1345.8267   2537.21    1.0266    0.1806  5.7580e-15  1.0128e-15  5.6087e-15
1345.8567   2543.93    0.8754    0.1697  4.9105e-15  9.5170e-16  5.6092e-15
