# Wave  Vhel  NormFlux  NormErr      Flux        Error       Continuum
1143.4041  -2448.11    0.9347    0.1112  3.4337e-15  4.0836e-16  3.6738e-15
1143.4340  -2440.33    0.9909    0.1144  3.6402e-15  4.2014e-16  3.6735e-15
1143.4639  -2432.55    1.0159    0.1157  3.7317e-15  4.2509e-16  3.6733e-15
1143.4938  -2424.78    1.0662    0.1185  3.9161e-15  4.3531e-16  3.6730e-15
1143.5237  -2417.00    1.1169    0.1212  4.1020e-15  4.4509e-16  3.6728e-15
1143.5536  -2409.22    0.8815    0.1079  3.2373e-15  3.9628e-16  3.6725e-15
1143.5835  -2401.44    0.9698    0.1130  3.5615e-15  4.1503e-16  3.6723e-15
1143.6134  -2393.66    0.9727    0.1131  3.5717e-15  4.1539e-16  3.6720e-15
1143.6434  -2385.88    0.9328    0.1109  3.4251e-15  4.0705e-16  3.6718e-15
1143.6733  -2378.11    1.0280    0.1162  3.7745e-15  4.2680e-16  3.6715e-15
1143.7032  -2370.33    0.9422    0.1114  3.4589e-15  4.0884e-16  3.6713e-15
1143.7331  -2362.55    0.9145    0.1098  3.3570e-15  4.0291e-16  3.6710e-15
1143.7630  -2354.77    0.8739    0.1073  3.2078e-15  3.9396e-16  3.6708e-15
1143.7929  -2346.99    0.7754    0.1013  2.8463e-15  3.7176e-16  3.6705e-15
1143.8228  -2339.22    1.0955    0.1199  4.0208e-15  4.3996e-16  3.6702e-15
1143.8527  -2331.44    0.9746    0.1132  3.5769e-15  4.1557e-16  3.6700e-15
1143.8826  -2323.66    1.1183    0.1211  4.1037e-15  4.4438e-16  3.6697e-15
1143.9125  -2315.88    0.7111    0.0971  2.6093e-15  3.5630e-16  3.6695e-15
1143.9425  -2308.10    1.1042    0.1203  4.0516e-15  4.4148e-16  3.6692e-15
1143.9724  -2300.32    1.0027    0.1147  3.6790e-15  4.2094e-16  3.6690e-15
1144.0023  -2292.55    0.9823    0.1136  3.6039e-15  4.1667e-16  3.6687e-15
1144.0322  -2284.77    1.1079    0.1205  4.0641e-15  4.4193e-16  3.6684e-15
1144.0621  -2276.99    1.0812    0.1190  3.9662e-15  4.3669e-16  3.6682e-15
1144.0920  -2269.21    1.1116    0.1207  4.0772e-15  4.4270e-16  3.6679e-15
1144.1219  -2261.43    0.9055    0.1092  3.3211e-15  4.0045e-16  3.6677e-15
1144.1518  -2253.66    1.0631    0.1181  3.8990e-15  4.3299e-16  3.6674e-15
1144.1817  -2245.88    1.0006    0.1146  3.6695e-15  4.2032e-16  3.6671e-15
1144.2116  -2238.10    1.0069    0.1149  3.6921e-15  4.2142e-16  3.6669e-15
1144.2416  -2230.32    1.1819    0.1243  4.3336e-15  4.5569e-16  3.6666e-15
1144.2715  -2222.54    0.9990    0.1145  3.6625e-15  4.1975e-16  3.6664e-15
1144.3014  -2214.77    1.1587    0.1230  4.2478e-15  4.5108e-16  3.6661e-15
1144.3313  -2206.99    0.9656    0.1125  3.5398e-15  4.1258e-16  3.6658e-15
1144.3612  -2199.21    1.0860    0.1192  3.9806e-15  4.3687e-16  3.6656e-15
1144.3911  -2191.43    0.8205    0.1040  3.0075e-15  3.8126e-16  3.6653e-15
1144.4210  -2183.65    1.0861    0.1192  3.9804e-15  4.3688e-16  3.6650e-15
1144.4509  -2175.87    0.8961    0.1085  3.2839e-15  3.9773e-16  3.6648e-15
1144.4808  -2168.10    0.8151    0.1037  2.9870e-15  3.7993e-16  3.6645e-15
1144.5107  -2160.32    0.9113    0.1094  3.3392e-15  4.0098e-16  3.6642e-15
1144.5407  -2152.54    0.7274    0.0981  2.6653e-15  3.5961e-16  3.6640e-15
1144.5706  -2144.76    0.6499    0.0930  2.3810e-15  3.4060e-16  3.6637e-15
1144.6005  -2136.98    0.8281    0.1044  3.0336e-15  3.8258e-16  3.6634e-15
1144.6304  -2129.21    0.7208    0.0977  2.6403e-15  3.5783e-16  3.6632e-15
1144.6603  -2121.43    0.5651    0.0869  2.0700e-15  3.1830e-16  3.6629e-15
1144.6902  -2113.65    0.4242    0.0758  1.5537e-15  2.7765e-16  3.6626e-15
1144.7201  -2105.87    0.4343    0.0766  1.5906e-15  2.8062e-16  3.6624e-15
1144.7500  -2098.09    0.3498    0.0693  1.2811e-15  2.5365e-16  3.6621e-15
1144.7799  -2090.31    0.2321    0.0574  8.4981e-16  2.1016e-16  3.6618e-15
1144.8098  -2082.54    0.2993    0.0644  1.0960e-15  2.3570e-16  3.6616e-15
1144.8398  -2074.76    0.3931    0.0730  1.4392e-15  2.6718e-16  3.6613e-15
1144.8697  -2066.98    0.3637    0.0703  1.3314e-15  2.5741e-16  3.6610e-15
1144.8996  -2059.20    0.5608    0.0863  2.0530e-15  3.1585e-16  3.6608e-15
1144.9295  -2051.42    0.7196    0.0973  2.6339e-15  3.5603e-16  3.6605e-15
1144.9594  -2043.65    0.7425    0.0987  2.7178e-15  3.6139e-16  3.6602e-15
1144.9893  -2035.87    0.7527    0.0994  2.7549e-15  3.6368e-16  3.6599e-15
1145.0192  -2028.09    0.8622    0.1061  3.1554e-15  3.8832e-16  3.6597e-15
1145.0491  -2020.31    1.0550    0.1170  3.8605e-15  4.2825e-16  3.6594e-15
1145.0790  -2012.53    0.9300    0.1100  3.4030e-15  4.0249e-16  3.6591e-15
1145.1089  -2004.76    1.0003    0.1139  3.6599e-15  4.1692e-16  3.6588e-15
1145.1389  -1996.98    1.0695    0.1177  3.9130e-15  4.3076e-16  3.6586e-15
1145.1688  -1989.20    0.8543    0.1055  3.1254e-15  3.8590e-16  3.6583e-15
1145.1987  -1981.42    1.0419    0.1162  3.8113e-15  4.2509e-16  3.6580e-15
1145.2286  -1973.64    0.9556    0.1114  3.4952e-15  4.0736e-16  3.6577e-15
1145.2585  -1965.86    0.9812    0.1128  3.5888e-15  4.1248e-16  3.6575e-15
1145.2884  -1958.09    0.9184    0.1092  3.3589e-15  3.9928e-16  3.6572e-15
1145.3183  -1950.31    0.8989    0.1080  3.2873e-15  3.9507e-16  3.6569e-15
1145.3482  -1942.53    1.0689    0.1175  3.9085e-15  4.2978e-16  3.6566e-15
1145.3781  -1934.75    0.9574    0.1114  3.5005e-15  4.0721e-16  3.6564e-15
1145.4080  -1926.97    1.0732    0.1178  3.9239e-15  4.3053e-16  3.6561e-15
1145.4380  -1919.20    1.3555    0.1320  4.9555e-15  4.8270e-16  3.6558e-15
1145.4679  -1911.42    1.2468    0.1267  4.5576e-15  4.6317e-16  3.6555e-15
1145.4978  -1903.64    1.0772    0.1180  3.9373e-15  4.3116e-16  3.6552e-15
1145.5277  -1895.86    0.9027    0.1082  3.2995e-15  3.9550e-16  3.6550e-15
1145.5576  -1888.08    1.0776    0.1179  3.9383e-15  4.3100e-16  3.6547e-15
1145.5875  -1880.30    1.0890    0.1185  3.9797e-15  4.3321e-16  3.6544e-15
1145.6174  -1872.53    0.9754    0.1123  3.5641e-15  4.1043e-16  3.6541e-15
1145.6473  -1864.75    1.0929    0.1187  3.9934e-15  4.3373e-16  3.6538e-15
1145.6772  -1856.97    1.1183    0.1200  4.0857e-15  4.3858e-16  3.6536e-15
1145.7071  -1849.19    0.9581    0.1113  3.5000e-15  4.0658e-16  3.6533e-15
1145.7371  -1841.41    1.0406    0.1159  3.8014e-15  4.2322e-16  3.6530e-15
1145.7670  -1833.64    0.9179    0.1090  3.3527e-15  3.9807e-16  3.6527e-15
1145.7969  -1825.86    0.9260    0.1094  3.3822e-15  3.9966e-16  3.6524e-15
1145.8268  -1818.08    0.9143    0.1087  3.3391e-15  3.9703e-16  3.6521e-15
1145.8567  -1810.30    0.9791    0.1124  3.5756e-15  4.1051e-16  3.6519e-15
1145.8866  -1802.52    0.8987    0.1078  3.2818e-15  3.9359e-16  3.6516e-15
1145.9165  -1794.75    1.0631    0.1170  3.8815e-15  4.2710e-16  3.6513e-15
1145.9464  -1786.97    0.8166    0.1029  2.9814e-15  3.7558e-16  3.6510e-15
1145.9763  -1779.19    1.0123    0.1142  3.6955e-15  4.1693e-16  3.6507e-15
1146.0062  -1771.41    1.0123    0.1142  3.6952e-15  4.1680e-16  3.6504e-15
1146.0362  -1763.63    0.9613    0.1113  3.5090e-15  4.0630e-16  3.6501e-15
1146.0661  -1755.85    1.3449    0.1311  4.9086e-15  4.7853e-16  3.6499e-15
1146.0960  -1748.08    1.0533    0.1163  3.8441e-15  4.2444e-16  3.6496e-15
1146.1259  -1740.30    0.8298    0.1035  3.0280e-15  3.7774e-16  3.6493e-15
1146.1558  -1732.52    1.2444    0.1262  4.5406e-15  4.6033e-16  3.6490e-15
1146.1857  -1724.74    0.9982    0.1133  3.6423e-15  4.1324e-16  3.6487e-15
1146.2156  -1716.96    0.9110    0.1083  3.3237e-15  3.9518e-16  3.6484e-15
1146.2455  -1709.19    0.9978    0.1132  3.6400e-15  4.1300e-16  3.6481e-15
1146.2754  -1701.41    0.9622    0.1112  3.5098e-15  4.0579e-16  3.6478e-15
1146.3053  -1693.63    0.7310    0.0973  2.6662e-15  3.5502e-16  3.6475e-15
1146.3353  -1685.85    0.9689    0.1116  3.5340e-15  4.0710e-16  3.6472e-15
1146.3652  -1678.07    0.9778    0.1121  3.5659e-15  4.0868e-16  3.6470e-15
1146.3951  -1670.29    1.1904    0.1234  4.3410e-15  4.4985e-16  3.6467e-15
1146.4250  -1662.52    1.1144    0.1194  4.0637e-15  4.3540e-16  3.6464e-15
1146.4549  -1654.74    0.9705    0.1116  3.5385e-15  4.0704e-16  3.6461e-15
1146.4848  -1646.96    1.1014    0.1188  4.0155e-15  4.3302e-16  3.6458e-15
1146.5147  -1639.18    1.0106    0.1139  3.6842e-15  4.1507e-16  3.6455e-15
1146.5446  -1631.40    0.9953    0.1130  3.6280e-15  4.1190e-16  3.6452e-15
1146.5745  -1623.63    0.9174    0.1246  3.3439e-15  4.5406e-16  3.6449e-15
1146.6044  -1615.85    1.1951    0.1623  4.3558e-15  5.9145e-16  3.6446e-15
1146.6344  -1608.07    1.1377    0.1565  4.1462e-15  5.7052e-16  3.6443e-15
1146.6643  -1600.29    1.1273    0.1601  4.1079e-15  5.8332e-16  3.6440e-15
1146.6942  -1592.51    1.0589    0.1549  3.8584e-15  5.6457e-16  3.6437e-15
1146.7241  -1584.74    1.0008    0.1476  3.6462e-15  5.3779e-16  3.6434e-15
1146.7540  -1576.96    1.1945    0.1629  4.3518e-15  5.9330e-16  3.6431e-15
1146.7839  -1569.18    0.8881    0.1381  3.2353e-15  5.0307e-16  3.6428e-15
1146.8138  -1561.40    1.0471    0.1511  3.8142e-15  5.5055e-16  3.6425e-15
1146.8437  -1553.62    1.0204    0.1483  3.7167e-15  5.4032e-16  3.6422e-15
1146.8736  -1545.84    0.9362    0.1487  3.4097e-15  5.4161e-16  3.6419e-15
1146.9035  -1538.07    0.9578    0.1509  3.4880e-15  5.4970e-16  3.6417e-15
1146.9335  -1530.29    1.0977    0.1541  3.9972e-15  5.6102e-16  3.6414e-15
1146.9634  -1522.51    1.0832    0.1542  3.9441e-15  5.6150e-16  3.6411e-15
1146.9933  -1514.73    1.0444    0.1495  3.8022e-15  5.4436e-16  3.6408e-15
1147.0232  -1506.95    1.0148    0.1522  3.6943e-15  5.5398e-16  3.6405e-15
1147.0531  -1499.18    0.9182    0.1405  3.3422e-15  5.1134e-16  3.6402e-15
1147.0830  -1491.40    0.9764    0.1452  3.5540e-15  5.2840e-16  3.6399e-15
1147.1129  -1483.62    1.0285    0.1316  3.7433e-15  4.7913e-16  3.6396e-15
1147.1428  -1475.84    1.0982    0.1232  3.9968e-15  4.4819e-16  3.6392e-15
1147.1727  -1468.06    1.0898    0.1178  3.9659e-15  4.2868e-16  3.6389e-15
1147.2026  -1460.28    0.8680    0.1054  3.1585e-15  3.8360e-16  3.6386e-15
1147.2326  -1452.51    1.0130    0.1136  3.6858e-15  4.1340e-16  3.6383e-15
1147.2625  -1444.73    1.0509    0.1156  3.8232e-15  4.2073e-16  3.6380e-15
1147.2924  -1436.95    1.0482    0.1155  3.8129e-15  4.2004e-16  3.6377e-15
1147.3223  -1429.17    1.1347    0.1200  4.1274e-15  4.3661e-16  3.6374e-15
1147.3522  -1421.39    0.8477    0.1041  3.0830e-15  3.7859e-16  3.6371e-15
1147.3821  -1413.62    1.0187    0.1138  3.7048e-15  4.1393e-16  3.6368e-15
1147.4120  -1405.84    0.9834    0.1119  3.5761e-15  4.0683e-16  3.6365e-15
1147.4419  -1398.06    0.9774    0.1115  3.5539e-15  4.0557e-16  3.6362e-15
1147.4718  -1390.28    0.8103    0.1018  2.9462e-15  3.7010e-16  3.6359e-15
1147.5017  -1382.50    0.9104    0.1077  3.3100e-15  3.9152e-16  3.6356e-15
1147.5317  -1374.72    1.1017    0.1182  4.0051e-15  4.2955e-16  3.6353e-15
1147.5616  -1366.95    1.0995    0.1180  3.9965e-15  4.2905e-16  3.6350e-15
1147.5915  -1359.17    0.9642    0.1107  3.5044e-15  4.0223e-16  3.6347e-15
1147.6214  -1351.39    1.0145    0.1134  3.6870e-15  4.1222e-16  3.6344e-15
1147.6513  -1343.61    0.9739    0.1112  3.5393e-15  4.0405e-16  3.6341e-15
1147.6812  -1335.83    1.1601    0.1211  4.2155e-15  4.4007e-16  3.6338e-15
1147.7111  -1328.06    1.1838    0.1223  4.3013e-15  4.4442e-16  3.6335e-15
1147.7410  -1320.28    1.1795    0.1221  4.2853e-15  4.4364e-16  3.6331e-15
1147.7709  -1312.50    1.0570    0.1157  3.8398e-15  4.2032e-16  3.6328e-15
1147.8008  -1304.72    1.0649    0.1161  3.8684e-15  4.2178e-16  3.6325e-15
1147.8308  -1296.94    1.0623    0.1160  3.8584e-15  4.2116e-16  3.6322e-15
1147.8607  -1289.17    1.1216    0.1190  4.0737e-15  4.3233e-16  3.6319e-15
1147.8906  -1281.39    0.9721    0.1110  3.5303e-15  4.0302e-16  3.6316e-15
1147.9205  -1273.61    1.1190    0.1188  4.0633e-15  4.3154e-16  3.6313e-15
1147.9504  -1265.83    1.0772    0.1166  3.9112e-15  4.2331e-16  3.6310e-15
1147.9803  -1258.05    1.2017    0.1230  4.3628e-15  4.4653e-16  3.6307e-15
1148.0102  -1250.27    0.9745    0.1111  3.5377e-15  4.0325e-16  3.6303e-15
1148.0401  -1242.50    1.0023    0.1126  3.6386e-15  4.0885e-16  3.6300e-15
1148.0700  -1234.72    0.9334    0.1088  3.3878e-15  3.9481e-16  3.6297e-15
1148.0999  -1226.94    0.9419    0.1093  3.4187e-15  3.9667e-16  3.6294e-15
1148.1299  -1219.16    0.9755    0.1111  3.5400e-15  4.0324e-16  3.6291e-15
1148.1598  -1211.38    1.0315    0.1142  3.7432e-15  4.1432e-16  3.6288e-15
1148.1897  -1203.61    0.9099    0.1074  3.3014e-15  3.8967e-16  3.6285e-15
1148.2196  -1195.83    0.9552    0.1099  3.4655e-15  3.9875e-16  3.6281e-15
1148.2495  -1188.05    0.9523    0.1098  3.4547e-15  3.9817e-16  3.6278e-15
1148.2794  -1180.27    1.1087    0.1182  4.0219e-15  4.2874e-16  3.6275e-15
1148.3093  -1172.49    1.0836    0.1169  3.9304e-15  4.2384e-16  3.6272e-15
1148.3392  -1164.71    1.1084    0.1181  4.0199e-15  4.2838e-16  3.6269e-15
1148.3691  -1156.94    0.8567    0.1042  3.1070e-15  3.7788e-16  3.6266e-15
1148.3990  -1149.16    0.9323    0.1085  3.3806e-15  3.9338e-16  3.6262e-15
1148.4290  -1141.38    0.9287    0.1083  3.3675e-15  3.9257e-16  3.6259e-15
1148.4589  -1133.60    1.0965    0.1174  3.9753e-15  4.2551e-16  3.6256e-15
1148.4888  -1125.82    0.9167    0.1075  3.3233e-15  3.8984e-16  3.6253e-15
1148.5187  -1118.05    0.9148    0.1074  3.3163e-15  3.8942e-16  3.6250e-15
1148.5486  -1110.27    1.0319    0.1139  3.7403e-15  4.1272e-16  3.6247e-15
1148.5785  -1102.49    0.9224    0.1078  3.3433e-15  3.9065e-16  3.6243e-15
1148.6084  -1094.71    1.1510    0.1201  4.1711e-15  4.3513e-16  3.6240e-15
1148.6383  -1086.93    1.1043    0.1177  4.0017e-15  4.2633e-16  3.6237e-15
1148.6682  -1079.16    1.0803    0.1164  3.9145e-15  4.2169e-16  3.6234e-15
1148.6981  -1071.38    1.0449    0.1144  3.7856e-15  4.1459e-16  3.6231e-15
1148.7281  -1063.60    1.1141    0.1181  4.0361e-15  4.2770e-16  3.6227e-15
1148.7580  -1055.82    1.0620    0.1153  3.8471e-15  4.1773e-16  3.6224e-15
1148.7879  -1048.04    1.0697    0.1157  3.8746e-15  4.1908e-16  3.6221e-15
1148.8178  -1040.26    0.9259    0.1078  3.3535e-15  3.9040e-16  3.6218e-15
1148.8477  -1032.49    0.9002    0.1063  3.2601e-15  3.8503e-16  3.6214e-15
1148.8776  -1024.71    1.2492    0.1248  4.5234e-15  4.5187e-16  3.6211e-15
1148.9075  -1016.93    1.0363    0.1139  3.7522e-15  4.1241e-16  3.6208e-15
1148.9374  -1009.15    1.0500    0.1146  3.8014e-15  4.1494e-16  3.6205e-15
1148.9673  -1001.37    1.1344    0.1190  4.1067e-15  4.3077e-16  3.6202e-15
1148.9972   -993.60    1.0974    0.1170  3.9725e-15  4.2352e-16  3.6198e-15
1149.0272   -985.82    1.1054    0.1174  4.0011e-15  4.2476e-16  3.6195e-15
1149.0571   -978.04    0.9306    0.1079  3.3679e-15  3.9040e-16  3.6192e-15
1149.0870   -970.26    1.1407    0.1192  4.1279e-15  4.3120e-16  3.6189e-15
1149.1169   -962.48    0.9963    0.1115  3.6050e-15  4.0337e-16  3.6185e-15
1149.1468   -954.70    1.0293    0.1133  3.7242e-15  4.0991e-16  3.6182e-15
1149.1767   -946.93    1.0751    0.1157  3.8896e-15  4.1866e-16  3.6179e-15
1149.2066   -939.15    0.8733    0.1046  3.1592e-15  3.7830e-16  3.6175e-15
1149.2365   -931.37    0.9953    0.1114  3.6003e-15  4.0304e-16  3.6172e-15
1149.2664   -923.59    1.1266    0.1184  4.0747e-15  4.2821e-16  3.6169e-15
1149.2963   -915.81    0.9554    0.1092  3.4552e-15  3.9495e-16  3.6166e-15
1149.3263   -908.04    0.9560    0.1092  3.4570e-15  3.9496e-16  3.6162e-15
1149.3562   -900.26    0.9551    0.1091  3.4535e-15  3.9467e-16  3.6159e-15
1149.3861   -892.48    0.9146    0.1069  3.3067e-15  3.8649e-16  3.6156e-15
1149.4160   -884.70    0.9113    0.1067  3.2947e-15  3.8583e-16  3.6152e-15
1149.4459   -876.92    0.9933    0.1113  3.5906e-15  4.0220e-16  3.6149e-15
1149.4758   -869.15    1.0399    0.1137  3.7589e-15  4.1112e-16  3.6146e-15
1149.5057   -861.37    0.9726    0.1101  3.5151e-15  3.9776e-16  3.6143e-15
1149.5356   -853.59    1.1112    0.1175  4.0156e-15  4.2459e-16  3.6139e-15
1149.5655   -845.81    0.9681    0.1098  3.4983e-15  3.9691e-16  3.6136e-15
1149.5954   -838.03    0.9976    0.1114  3.6045e-15  4.0253e-16  3.6133e-15
1149.6254   -830.25    1.0784    0.1157  3.8962e-15  4.1808e-16  3.6129e-15
1149.6553   -822.48    1.0629    0.1149  3.8399e-15  4.1514e-16  3.6126e-15
1149.6852   -814.70    0.8816    0.1049  3.1848e-15  3.7897e-16  3.6123e-15
1149.7151   -806.92    0.8654    0.1039  3.1257e-15  3.7540e-16  3.6119e-15
1149.7450   -799.14    1.1728    0.1205  4.2358e-15  4.3525e-16  3.6116e-15
1149.7749   -791.36    1.0116    0.1121  3.6533e-15  4.0491e-16  3.6113e-15
1149.8048   -783.59    0.9897    0.1109  3.5738e-15  4.0056e-16  3.6109e-15
1149.8347   -775.81    0.9362    0.1079  3.3801e-15  3.8960e-16  3.6106e-15
1149.8646   -768.03    0.9221    0.1071  3.3291e-15  3.8662e-16  3.6103e-15
1149.8945   -760.25    1.1055    0.1170  3.9909e-15  4.2248e-16  3.6099e-15
1149.9245   -752.47    1.2087    0.1222  4.3630e-15  4.4113e-16  3.6096e-15
1149.9544   -744.69    1.0655    0.1149  3.8456e-15  4.1473e-16  3.6093e-15
1149.9843   -736.92    0.8637    0.1038  3.1171e-15  3.7446e-16  3.6089e-15
1150.0142   -729.14    1.1227    0.1178  4.0513e-15  4.2522e-16  3.6086e-15
1150.0441   -721.36    1.0458    0.1138  3.7737e-15  4.1058e-16  3.6082e-15
1150.0740   -713.58    1.0948    0.1163  3.9498e-15  4.1974e-16  3.6079e-15
1150.1039   -705.80    1.0904    0.1161  3.9335e-15  4.1869e-16  3.6076e-15
1150.1338   -698.03    0.9591    0.1090  3.4597e-15  3.9327e-16  3.6072e-15
1150.1637   -690.25    1.1032    0.1167  3.9792e-15  4.2098e-16  3.6069e-15
1150.1936   -682.47    0.9573    0.1089  3.4527e-15  3.9270e-16  3.6066e-15
1150.2236   -674.69    0.9442    0.1081  3.4050e-15  3.8997e-16  3.6062e-15
1150.2535   -666.91    1.1078    0.1168  3.9944e-15  4.2134e-16  3.6059e-15
1150.2834   -659.14    1.0004    0.1112  3.6071e-15  4.0085e-16  3.6055e-15
1150.3133   -651.36    1.0908    0.1160  3.9324e-15  4.1802e-16  3.6052e-15
1150.3432   -643.58    0.9871    0.1104  3.5584e-15  3.9811e-16  3.6049e-15
1150.3731   -635.80    0.9932    0.1107  3.5799e-15  3.9917e-16  3.6045e-15
1150.4030   -628.02    1.0724    0.1149  3.8651e-15  4.1429e-16  3.6042e-15
1150.4329   -620.24    0.9285    0.1071  3.3462e-15  3.8604e-16  3.6038e-15
1150.4628   -612.47    1.1913    0.1210  4.2928e-15  4.3600e-16  3.6035e-15
1150.4927   -604.69    1.2434    0.1235  4.4802e-15  4.4513e-16  3.6032e-15
1150.5227   -596.91    0.9887    0.1104  3.5619e-15  3.9790e-16  3.6028e-15
1150.5526   -589.13    0.7974    0.0995  2.8726e-15  3.5830e-16  3.6025e-15
1150.5825   -581.35    0.9607    0.1088  3.4607e-15  3.9207e-16  3.6021e-15
1150.6124   -573.58    1.0362    0.1129  3.7320e-15  4.0679e-16  3.6018e-15
1150.6423   -565.80    0.8532    0.1027  3.0729e-15  3.6999e-16  3.6014e-15
1150.6722   -558.02    1.0509    0.1137  3.7842e-15  4.0935e-16  3.6011e-15
1150.7021   -550.24    1.2140    0.1220  4.3712e-15  4.3921e-16  3.6008e-15
1150.7320   -542.46    1.0475    0.1135  3.7714e-15  4.0850e-16  3.6004e-15
1150.7619   -534.68    0.9176    0.1063  3.3033e-15  3.8280e-16  3.6001e-15
1150.7918   -526.91    1.1275    0.1175  4.0586e-15  4.2312e-16  3.5997e-15
1150.8218   -519.13    1.0183    0.1118  3.6651e-15  4.0245e-16  3.5994e-15
1150.8517   -511.35    1.0216    0.1120  3.6766e-15  4.0303e-16  3.5990e-15
1150.8816   -503.57    1.0021    0.1109  3.6063e-15  3.9920e-16  3.5987e-15
1150.9115   -495.79    0.9549    0.1083  3.4362e-15  3.8978e-16  3.5983e-15
1150.9414   -488.02    0.9500    0.1081  3.4180e-15  3.8880e-16  3.5980e-15
1150.9713   -480.24    0.9841    0.1099  3.5403e-15  3.9546e-16  3.5976e-15
1151.0012   -472.46    0.8760    0.1039  3.1514e-15  3.7359e-16  3.5973e-15
1151.0311   -464.68    0.8962    0.1050  3.2236e-15  3.7773e-16  3.5969e-15
1151.0610   -456.90    1.0806    0.1150  3.8865e-15  4.1371e-16  3.5966e-15
1151.0909   -449.12    1.0316    0.1124  3.7098e-15  4.0433e-16  3.5962e-15
1151.1209   -441.35    1.2355    0.1465  4.4428e-15  5.2673e-16  3.5959e-15
1151.1508   -433.57    1.1905    0.1668  4.2804e-15  5.9990e-16  3.5955e-15
1151.1807   -425.79    1.2773    0.1674  4.5922e-15  6.0167e-16  3.5952e-15
1151.2106   -418.01    1.0825    0.1586  3.8914e-15  5.7009e-16  3.5948e-15
1151.2405   -410.23    1.1496    0.1561  4.1323e-15  5.6103e-16  3.5945e-15
1151.2704   -402.46    0.7919    0.1356  2.8462e-15  4.8730e-16  3.5941e-15
1151.3003   -394.68    1.0374    0.1500  3.7280e-15  5.3899e-16  3.5938e-15
1151.3302   -386.90    1.0770    0.1560  3.8702e-15  5.6062e-16  3.5934e-15
1151.3601   -379.12    1.1190    0.1593  4.0207e-15  5.7239e-16  3.5931e-15
1151.3900   -371.34    0.9433    0.1500  3.3890e-15  5.3901e-16  3.5927e-15
1151.4200   -363.57    0.8973    0.1417  3.2233e-15  5.0922e-16  3.5924e-15
1151.4499   -355.79    0.8743    0.1424  3.1404e-15  5.1161e-16  3.5920e-15
1151.4798   -348.01    1.0013    0.1507  3.5962e-15  5.4109e-16  3.5917e-15
1151.5097   -340.23    0.9991    0.1487  3.5879e-15  5.3391e-16  3.5913e-15
1151.5396   -332.45    0.9475    0.1446  3.4024e-15  5.1935e-16  3.5910e-15
1151.5695   -324.67    1.1561    0.1574  4.1512e-15  5.6527e-16  3.5906e-15
1151.5994   -316.90    1.3116    0.1664  4.7091e-15  5.9752e-16  3.5903e-15
1151.6293   -309.12    0.9569    0.1429  3.4350e-15  5.1283e-16  3.5899e-15
1151.6592   -301.34    0.9807    0.1491  3.5202e-15  5.3520e-16  3.5896e-15
1151.6891   -293.56    0.9575    0.1167  3.4365e-15  4.1874e-16  3.5892e-15
1151.7191   -285.78    1.0672    0.1139  3.8300e-15  4.0874e-16  3.5889e-15
1151.7490   -278.01    0.9043    0.1050  3.2449e-15  3.7694e-16  3.5885e-15
1151.7789   -270.23    0.9232    0.1061  3.3127e-15  3.8059e-16  3.5881e-15
1151.8088   -262.45    1.0843    0.1147  3.8901e-15  4.1162e-16  3.5878e-15
1151.8387   -254.67    1.1477    0.1179  4.1172e-15  4.2310e-16  3.5874e-15
1151.8686   -246.89    1.0958    0.1153  3.9308e-15  4.1364e-16  3.5871e-15
1151.8985   -239.11    1.1129    0.1161  3.9918e-15  4.1658e-16  3.5867e-15
1151.9284   -231.34    1.0610    0.1134  3.8051e-15  4.0669e-16  3.5864e-15
1151.9583   -223.56    1.0230    0.1114  3.6683e-15  3.9938e-16  3.5860e-15
1151.9882   -215.78    1.0126    0.1108  3.6307e-15  3.9726e-16  3.5856e-15
1152.0182   -208.00    1.0379    0.1121  3.7213e-15  4.0207e-16  3.5853e-15
1152.0481   -200.22    1.0307    0.1118  3.6949e-15  4.0063e-16  3.5849e-15
1152.0780   -192.45    0.9789    0.1090  3.5090e-15  3.9055e-16  3.5846e-15
1152.1079   -184.67    0.9532    0.1075  3.4166e-15  3.8532e-16  3.5842e-15
1152.1378   -176.89    0.9531    0.1075  3.4159e-15  3.8510e-16  3.5838e-15
1152.1677   -169.11    0.9840    0.1091  3.5261e-15  3.9101e-16  3.5835e-15
1152.1976   -161.33    1.2237    0.1214  4.3847e-15  4.3504e-16  3.5831e-15
1152.2275   -153.56    0.9788    0.1088  3.5068e-15  3.8989e-16  3.5828e-15
1152.2574   -145.78    1.0655    0.1134  3.8170e-15  4.0630e-16  3.5824e-15
1152.2873   -138.00    0.9722    0.1084  3.4825e-15  3.8839e-16  3.5820e-15
1152.3173   -130.22    1.0127    0.1106  3.6270e-15  3.9613e-16  3.5817e-15
1152.3472   -122.44    1.0069    0.1103  3.6060e-15  3.9491e-16  3.5813e-15
1152.3771   -114.66    1.2745    0.1238  4.5640e-15  4.4320e-16  3.5810e-15
1152.4070   -106.89    1.1322    0.1168  4.0538e-15  4.1806e-16  3.5806e-15
1152.4369    -99.11    1.0795    0.1140  3.8647e-15  4.0819e-16  3.5802e-15
1152.4668    -91.33    1.1006    0.1151  3.9399e-15  4.1201e-16  3.5799e-15
1152.4967    -83.55    0.9496    0.1071  3.3992e-15  3.8322e-16  3.5795e-15
1152.5266    -75.77    1.0479    0.1123  3.7506e-15  4.0206e-16  3.5791e-15
1152.5565    -68.00    1.0778    0.1139  3.8573e-15  4.0749e-16  3.5788e-15
1152.5864    -60.22    0.8346    0.1005  2.9867e-15  3.5952e-16  3.5784e-15
1152.6164    -52.44    0.9190    0.1053  3.2883e-15  3.7682e-16  3.5780e-15
1152.6463    -44.66    0.7473    0.0952  2.6734e-15  3.4066e-16  3.5777e-15
1152.6762    -36.88    0.8292    0.1001  2.9664e-15  3.5821e-16  3.5773e-15
1152.7061    -29.10    0.8937    0.1039  3.1968e-15  3.7154e-16  3.5769e-15
1152.7360    -21.33    0.8897    0.1036  3.1822e-15  3.7070e-16  3.5766e-15
1152.7659    -13.55    0.8625    0.1020  3.0844e-15  3.6495e-16  3.5762e-15
1152.7958     -5.77    0.9190    0.1052  3.2861e-15  3.7631e-16  3.5758e-15
1152.8257      2.01    0.9727    0.1082  3.4777e-15  3.8694e-16  3.5755e-15
1152.8556      9.79    0.9619    0.1076  3.4388e-15  3.8465e-16  3.5751e-15
1152.8855     17.56    0.9388    0.1063  3.3559e-15  3.7991e-16  3.5747e-15
1152.9155     25.34    1.0827    0.1139  3.8698e-15  4.0727e-16  3.5744e-15
1152.9454     33.12    1.0379    0.1116  3.7093e-15  3.9891e-16  3.5740e-15
1152.9753     40.90    1.1573    0.1177  4.1357e-15  4.2068e-16  3.5736e-15
1153.0052     48.68    0.9538    0.1071  3.4083e-15  3.8260e-16  3.5733e-15
1153.0351     56.45    0.9322    0.1059  3.3308e-15  3.7832e-16  3.5729e-15
1153.0650     64.23    1.0555    0.1125  3.7708e-15  4.0197e-16  3.5725e-15
1153.0949     72.01    1.1313    0.1163  4.0410e-15  4.1557e-16  3.5722e-15
1153.1248     79.79    0.9342    0.1059  3.3366e-15  3.7842e-16  3.5718e-15
1153.1547     87.57    0.9174    0.1050  3.2763e-15  3.7501e-16  3.5714e-15
1153.1846     95.35    1.0319    0.1112  3.6848e-15  3.9706e-16  3.5711e-15
1153.2146    103.12    1.0507    0.1121  3.7518e-15  4.0044e-16  3.5707e-15
1153.2445    110.90    0.9153    0.1048  3.2678e-15  3.7421e-16  3.5703e-15
1153.2744    118.68    0.8866    0.1032  3.1652e-15  3.6828e-16  3.5699e-15
1153.3043    126.46    1.0361    0.1113  3.6986e-15  3.9742e-16  3.5696e-15
1153.3342    134.24    0.9717    0.1079  3.4681e-15  3.8509e-16  3.5692e-15
1153.3641    142.01    1.2101    0.1201  4.3185e-15  4.2868e-16  3.5688e-15
1153.3940    149.79    0.9868    0.1087  3.5212e-15  3.8790e-16  3.5685e-15
1153.4239    157.57    1.1599    0.1176  4.1386e-15  4.1973e-16  3.5681e-15
1153.4538    165.35    0.9613    0.1073  3.4296e-15  3.8280e-16  3.5677e-15
1153.4837    173.13    0.9618    0.1073  3.4310e-15  3.8278e-16  3.5673e-15
1153.5137    180.91    1.0287    0.1109  3.6693e-15  3.9554e-16  3.5670e-15
1153.5436    188.68    1.2353    0.1212  4.4057e-15  4.3245e-16  3.5666e-15
1153.5735    196.46    1.1134    0.1152  3.9705e-15  4.1097e-16  3.5662e-15
1153.6034    204.24    1.0854    0.1138  3.8704e-15  4.0580e-16  3.5658e-15
1153.6333    212.02    0.9843    0.1085  3.5095e-15  3.8675e-16  3.5655e-15
1153.6632    219.80    0.9674    0.1076  3.4488e-15  3.8343e-16  3.5651e-15
1153.6931    227.57    0.9752    0.1080  3.4763e-15  3.8489e-16  3.5647e-15
1153.7230    235.35    0.7242    0.0934  2.5814e-15  3.3291e-16  3.5643e-15
1153.7529    243.13    0.9939    0.1089  3.5421e-15  3.8818e-16  3.5640e-15
1153.7828    250.91    0.8818    0.1028  3.1422e-15  3.6625e-16  3.5636e-15
1153.8128    258.69    0.8014    0.0981  2.8555e-15  3.4960e-16  3.5632e-15
1153.8427    266.46    1.0829    0.1136  3.8582e-15  4.0467e-16  3.5628e-15
1153.8726    274.24    0.9170    0.1047  3.2667e-15  3.7312e-16  3.5625e-15
1153.9025    282.02    1.0819    0.1135  3.8539e-15  4.0429e-16  3.5621e-15
1153.9324    289.80    0.9300    0.1054  3.3123e-15  3.7536e-16  3.5617e-15
1153.9623    297.58    0.9645    0.1072  3.4349e-15  3.8187e-16  3.5613e-15
1153.9922    305.36    1.0536    0.1120  3.7519e-15  3.9865e-16  3.5609e-15
1154.0221    313.13    1.1389    0.1163  4.0552e-15  4.1398e-16  3.5606e-15
1154.0520    320.91    1.1506    0.1168  4.0965e-15  4.1587e-16  3.5602e-15
1154.0819    328.69    0.8982    0.1035  3.1974e-15  3.6839e-16  3.5598e-15
1154.1119    336.47    1.1127    0.1149  3.9605e-15  4.0886e-16  3.5594e-15
1154.1418    344.25    1.1326    0.1158  4.0309e-15  4.1228e-16  3.5590e-15
1154.1717    352.02    0.8558    0.1010  3.0457e-15  3.5952e-16  3.5587e-15
1154.2016    359.80    0.7674    0.0958  2.7305e-15  3.4082e-16  3.5583e-15
1154.2315    367.58    0.9653    0.1071  3.4345e-15  3.8107e-16  3.5579e-15
1154.2614    375.36    0.8497    0.1006  3.0228e-15  3.5801e-16  3.5575e-15
1154.2913    383.14    0.8923    0.1031  3.1742e-15  3.6657e-16  3.5571e-15
1154.3212    390.92    0.9640    0.1070  3.4288e-15  3.8045e-16  3.5568e-15
1154.3511    398.69    1.2512    0.1215  4.4496e-15  4.3210e-16  3.5564e-15
1154.3810    406.47    1.2669    0.1222  4.5050e-15  4.3458e-16  3.5560e-15
1154.4110    414.25    1.0817    0.1131  3.8461e-15  4.0212e-16  3.5556e-15
1154.4409    422.03    0.9696    0.1072  3.4473e-15  3.8106e-16  3.5552e-15
1154.4708    429.81    0.9630    0.1068  3.4233e-15  3.7970e-16  3.5548e-15
1154.5007    437.58    1.0976    0.1139  3.9014e-15  4.0475e-16  3.5545e-15
1154.5306    445.36    1.1154    0.1148  3.9641e-15  4.0793e-16  3.5541e-15
1154.5605    453.14    1.2296    0.1204  4.3697e-15  4.2779e-16  3.5537e-15
1154.5904    460.92    1.0232    0.1100  3.6356e-15  3.9083e-16  3.5533e-15
1154.6203    468.70    1.1602    0.1170  4.1222e-15  4.1554e-16  3.5529e-15
1154.6502    476.47    1.0327    0.1105  3.6687e-15  3.9241e-16  3.5525e-15
1154.6801    484.25    1.1290    0.1154  4.0103e-15  4.0986e-16  3.5522e-15
1154.7101    492.03    1.0115    0.1093  3.5927e-15  3.8838e-16  3.5518e-15
1154.7400    499.81    0.8917    0.1028  3.1669e-15  3.6518e-16  3.5514e-15
1154.7699    507.59    1.0352    0.1105  3.6760e-15  3.9256e-16  3.5510e-15
1154.7998    515.37    1.0312    0.1103  3.6613e-15  3.9174e-16  3.5506e-15
1154.8297    523.14    1.0308    0.1103  3.6598e-15  3.9157e-16  3.5502e-15
1154.8596    530.92    0.9660    0.1068  3.4292e-15  3.7924e-16  3.5498e-15
1154.8895    538.70    0.9693    0.1070  3.4405e-15  3.7969e-16  3.5495e-15
1154.9194    546.48    0.8752    0.1114  3.1061e-15  3.9524e-16  3.5491e-15
1154.9493    554.26    0.9109    0.1256  3.2326e-15  4.4576e-16  3.5487e-15
1154.9792    562.03    1.1665    0.1545  4.1389e-15  5.4808e-16  3.5483e-15
1155.0092    569.81    1.1184    0.1502  3.9679e-15  5.3302e-16  3.5479e-15
1155.0391    577.59    1.1044    0.1507  3.9180e-15  5.3479e-16  3.5475e-15
1155.0690    585.37    1.0249    0.1516  3.6356e-15  5.3789e-16  3.5471e-15
1155.0989    593.15    1.0374    0.1468  3.6792e-15  5.2082e-16  3.5467e-15
1155.1288    600.93    1.0797    0.1504  3.8289e-15  5.3324e-16  3.5464e-15
1155.1587    608.70    0.9460    0.1420  3.3547e-15  5.0350e-16  3.5460e-15
1155.1886    616.48    1.2147    0.1575  4.3067e-15  5.5853e-16  3.5456e-15
1155.2185    624.26    1.1036    0.1536  3.9125e-15  5.4464e-16  3.5452e-15
1155.2484    632.04    1.0052    0.1435  3.5634e-15  5.0880e-16  3.5448e-15
1155.2783    639.82    0.9584    0.1419  3.3969e-15  5.0305e-16  3.5444e-15
1155.3083    647.59    1.0929    0.1498  3.8732e-15  5.3090e-16  3.5440e-15
1155.3382    655.37    0.9060    0.1391  3.2106e-15  4.9302e-16  3.5436e-15
1155.3681    663.15    1.0798    0.1490  3.8260e-15  5.2795e-16  3.5432e-15
1155.3980    670.93    0.9487    0.1406  3.3611e-15  4.9808e-16  3.5428e-15
1155.4279    678.71    0.8530    0.1333  3.0219e-15  4.7236e-16  3.5425e-15
1155.4578    686.49    0.9546    0.1431  3.3811e-15  5.0704e-16  3.5421e-15
1155.4877    694.26    0.7723    0.1218  2.7351e-15  4.3122e-16  3.5417e-15
1155.5176    702.04    0.9780    0.1235  3.4633e-15  4.3741e-16  3.5413e-15
1155.5475    709.82    1.0429    0.1107  3.6928e-15  3.9200e-16  3.5409e-15
1155.5774    717.60    1.1230    0.1147  3.9760e-15  4.0620e-16  3.5405e-15
1155.6074    725.38    0.9594    0.1062  3.3965e-15  3.7611e-16  3.5401e-15
1155.6373    733.15    1.0727    0.1122  3.7971e-15  3.9699e-16  3.5397e-15
1155.6672    740.93    0.9712    0.1068  3.4375e-15  3.7810e-16  3.5393e-15
1155.6971    748.71    0.9497    0.1056  3.3610e-15  3.7382e-16  3.5389e-15
1155.7270    756.49    1.0426    0.1105  3.6892e-15  3.9102e-16  3.5385e-15
1155.7569    764.27    0.9191    0.1039  3.2519e-15  3.6765e-16  3.5381e-15
1155.7868    772.04    1.0007    0.1083  3.5403e-15  3.8313e-16  3.5377e-15
1155.8167    779.82    0.9896    0.1077  3.5006e-15  3.8095e-16  3.5373e-15
1155.8466    787.60    0.9945    0.1079  3.5174e-15  3.8165e-16  3.5369e-15
1155.8765    795.38    0.9388    0.1049  3.3200e-15  3.7103e-16  3.5365e-15
1155.9065    803.16    0.8727    0.1012  3.0860e-15  3.5802e-16  3.5361e-15
1155.9364    810.94    1.1581    0.1162  4.0946e-15  4.1101e-16  3.5358e-15
1155.9663    818.71    1.1475    0.1157  4.0568e-15  4.0900e-16  3.5354e-15
1155.9962    826.49    0.8683    0.1010  3.0692e-15  3.5686e-16  3.5350e-15
1156.0261    834.27    1.0367    0.1101  3.6643e-15  3.8901e-16  3.5346e-15
1156.0560    842.05    1.0001    0.1081  3.5345e-15  3.8212e-16  3.5342e-15
1156.0859    849.83    1.1028    0.1134  3.8969e-15  4.0076e-16  3.5338e-15
1156.1158    857.60    1.0287    0.1096  3.6348e-15  3.8721e-16  3.5334e-15
1156.1457    865.38    1.0385    0.1101  3.6692e-15  3.8891e-16  3.5330e-15
1156.1756    873.16    0.8002    0.0969  2.8266e-15  3.4241e-16  3.5326e-15
1156.2056    880.94    0.9906    0.1076  3.4988e-15  3.7999e-16  3.5322e-15
1156.2355    888.72    0.9189    0.1037  3.2454e-15  3.6627e-16  3.5318e-15
1156.2654    896.50    1.0576    0.1111  3.7347e-15  3.9222e-16  3.5314e-15
1156.2953    904.27    1.0093    0.1086  3.5639e-15  3.8329e-16  3.5310e-15
1156.3252    912.05    1.0136    0.1088  3.5787e-15  3.8399e-16  3.5306e-15
1156.3551    919.83    1.1205    0.1142  3.9556e-15  4.0317e-16  3.5302e-15
1156.3850    927.61    0.9584    0.1058  3.3831e-15  3.7344e-16  3.5298e-15
1156.4149    935.39    1.0505    0.1106  3.7075e-15  3.9036e-16  3.5294e-15
1156.4448    943.16    1.1276    0.1145  3.9793e-15  4.0390e-16  3.5290e-15
1156.4747    950.94    0.7655    0.0947  2.7012e-15  3.3423e-16  3.5286e-15
1156.5047    958.72    1.0275    0.1094  3.6252e-15  3.8581e-16  3.5282e-15
1156.5346    966.50    1.1405    0.1151  4.0234e-15  4.0593e-16  3.5278e-15
1156.5645    974.28    0.9080    0.1029  3.2028e-15  3.6296e-16  3.5274e-15
1156.5944    982.05    1.0587    0.1109  3.7341e-15  3.9130e-16  3.5270e-15
1156.6243    989.83    1.1809    0.1170  4.1645e-15  4.1260e-16  3.5266e-15
1156.6542    997.61    0.9805    0.1068  3.4574e-15  3.7652e-16  3.5262e-15
1156.6841   1005.39    0.9421    0.1047  3.3216e-15  3.6920e-16  3.5258e-15
1156.7140   1013.17    1.1505    0.1155  4.0559e-15  4.0714e-16  3.5254e-15
1156.7439   1020.95    0.9830    0.1069  3.4652e-15  3.7686e-16  3.5250e-15
1156.7738   1028.72    0.8463    0.0994  2.9829e-15  3.5021e-16  3.5246e-15
1156.8038   1036.50    0.9417    0.1047  3.3185e-15  3.6889e-16  3.5242e-15
1156.8337   1044.28    1.0239    0.1090  3.6080e-15  3.8423e-16  3.5238e-15
1156.8636   1052.06    1.0018    0.1079  3.5295e-15  3.8002e-16  3.5233e-15
1156.8935   1059.84    0.8306    0.0984  2.9262e-15  3.4667e-16  3.5229e-15
1156.9234   1067.61    1.0583    0.1108  3.7278e-15  3.9016e-16  3.5225e-15
1156.9533   1075.39    0.9721    0.1062  3.4240e-15  3.7415e-16  3.5221e-15
1156.9832   1083.17    0.9917    0.1073  3.4926e-15  3.7780e-16  3.5217e-15
1157.0131   1090.95    1.0372    0.1097  3.6524e-15  3.8615e-16  3.5213e-15
1157.0430   1098.73    1.0028    0.1079  3.5307e-15  3.7978e-16  3.5209e-15
1157.0729   1106.51    1.1358    0.1147  3.9985e-15  4.0364e-16  3.5205e-15
1157.1029   1114.28    0.8995    0.1023  3.1664e-15  3.5994e-16  3.5201e-15
1157.1328   1122.06    0.9985    0.1076  3.5144e-15  3.7868e-16  3.5197e-15
1157.1627   1129.84    1.1690    0.1162  4.1140e-15  4.0906e-16  3.5193e-15
1157.1926   1137.62    0.9530    0.1051  3.3535e-15  3.6983e-16  3.5189e-15
1157.2225   1145.40    0.9369    0.1042  3.2964e-15  3.6669e-16  3.5185e-15
1157.2524   1153.17    1.0019    0.1077  3.5247e-15  3.7888e-16  3.5181e-15
1157.2823   1160.95    0.8803    0.1011  3.0965e-15  3.5560e-16  3.5177e-15
1157.3122   1168.73    0.8673    0.1004  3.0505e-15  3.5301e-16  3.5173e-15
1157.3421   1176.51    1.0552    0.1105  3.7112e-15  3.8849e-16  3.5169e-15
1157.3720   1184.29    0.9258    0.1036  3.2555e-15  3.6421e-16  3.5165e-15
1157.4020   1192.06    1.0208    0.1087  3.5892e-15  3.8205e-16  3.5161e-15
1157.4319   1199.84    0.8491    0.0993  2.9851e-15  3.4918e-16  3.5156e-15
1157.4618   1207.62    0.9880    0.1070  3.4729e-15  3.7597e-16  3.5152e-15
1157.4917   1215.40    0.8707    0.1005  3.0602e-15  3.5330e-16  3.5148e-15
1157.5216   1223.18    0.9514    0.1050  3.3437e-15  3.6899e-16  3.5144e-15
1157.5515   1230.96    0.8698    0.1005  3.0565e-15  3.5311e-16  3.5140e-15
1157.5814   1238.73    1.1122    0.1133  3.9078e-15  3.9814e-16  3.5136e-15
1157.6113   1246.51    1.0105    0.1081  3.5502e-15  3.7978e-16  3.5132e-15
1157.6412   1254.29    1.0043    0.1078  3.5279e-15  3.7865e-16  3.5128e-15
1157.6711   1262.07    0.8476    0.0992  2.9772e-15  3.4848e-16  3.5124e-15
1157.7011   1269.85    1.0334    0.1093  3.6291e-15  3.8388e-16  3.5120e-15
1157.7310   1277.62    0.8570    0.0997  3.0093e-15  3.5021e-16  3.5116e-15
1157.7609   1285.40    0.9754    0.1062  3.4248e-15  3.7293e-16  3.5112e-15
1157.7908   1293.18    1.2482    0.1199  4.3823e-15  4.2089e-16  3.5108e-15
1157.8207   1300.96    1.0543    0.1103  3.7009e-15  3.8736e-16  3.5103e-15
1157.8506   1308.74    1.0660    0.1109  3.7417e-15  3.8942e-16  3.5099e-15
1157.8805   1316.52    0.9944    0.1072  3.4898e-15  3.7634e-16  3.5095e-15
1157.9104   1324.29    1.0526    0.1103  3.6938e-15  3.8694e-16  3.5091e-15
1157.9403   1332.07    1.0086    0.1080  3.5389e-15  3.7877e-16  3.5087e-15
1157.9702   1339.85    1.1589    0.1155  4.0657e-15  4.0538e-16  3.5083e-15
1158.0002   1347.63    1.1011    0.1127  3.8624e-15  3.9532e-16  3.5079e-15
1158.0301   1355.41    0.7964    0.0962  2.7934e-15  3.3744e-16  3.5075e-15
1158.0600   1363.18    0.9440    0.1045  3.3105e-15  3.6637e-16  3.5071e-15
1158.0899   1370.96    0.9775    0.1063  3.4278e-15  3.7267e-16  3.5066e-15
1158.1198   1378.74    1.0117    0.1081  3.5473e-15  3.7907e-16  3.5062e-15
1158.1497   1386.52    0.9078    0.1025  3.1825e-15  3.5935e-16  3.5058e-15
1158.1796   1394.30    0.9577    0.1052  3.3570e-15  3.6885e-16  3.5054e-15
1158.2095   1402.07    0.9578    0.1052  3.3571e-15  3.6887e-16  3.5050e-15
1158.2394   1409.85    0.9067    0.1024  3.1775e-15  3.5898e-16  3.5046e-15
1158.2693   1417.63    0.8889    0.1014  3.1147e-15  3.5543e-16  3.5042e-15
1158.2993   1425.41    1.0953    0.1123  3.8375e-15  3.9363e-16  3.5038e-15
1158.3292   1433.19    0.8586    0.0997  3.0080e-15  3.4943e-16  3.5033e-15
1158.3591   1440.97    0.8912    0.1016  3.1220e-15  3.5588e-16  3.5029e-15
1158.3890   1448.74    0.9293    0.1037  3.2548e-15  3.6309e-16  3.5025e-15
1158.4189   1456.52    0.9325    0.1038  3.2656e-15  3.6355e-16  3.5021e-15
1158.4488   1464.30    1.1378    0.1144  3.9843e-15  4.0061e-16  3.5017e-15
1158.4787   1472.08    1.0929    0.1121  3.8265e-15  3.9264e-16  3.5013e-15
1158.5086   1479.86    0.9307    0.1037  3.2584e-15  3.6289e-16  3.5008e-15
1158.5385   1487.63    0.9542    0.1049  3.3402e-15  3.6725e-16  3.5004e-15
1158.5684   1495.41    0.9235    0.1033  3.2322e-15  3.6146e-16  3.5000e-15
1158.5984   1503.19    0.9750    0.1060  3.4121e-15  3.7105e-16  3.4996e-15
1158.6283   1510.97    1.1407    0.1145  3.9915e-15  4.0069e-16  3.4992e-15
1158.6582   1518.75    0.9472    0.1045  3.3139e-15  3.6570e-16  3.4988e-15
1158.6881   1526.53    0.8135    0.0970  2.8461e-15  3.3945e-16  3.4983e-15
1158.7180   1534.30    1.0620    0.1105  3.7149e-15  3.8650e-16  3.4979e-15
1158.7479   1542.08    0.9253    0.1033  3.2364e-15  3.6130e-16  3.4975e-15
1158.7778   1549.86    0.8924    0.1015  3.1209e-15  3.5490e-16  3.4971e-15
1158.8077   1557.64    1.0240    0.1085  3.5804e-15  3.7955e-16  3.4967e-15
1158.8376   1565.42    0.9724    0.1058  3.3996e-15  3.7001e-16  3.4962e-15
1158.8675   1573.19    1.0997    0.1124  3.8443e-15  3.9295e-16  3.4958e-15
1158.8975   1580.97    1.0606    0.1104  3.7071e-15  3.8598e-16  3.4954e-15
1158.9274   1588.75    1.0476    0.1097  3.6612e-15  3.8357e-16  3.4950e-15
1158.9573   1596.53    0.8772    0.1006  3.0654e-15  3.5167e-16  3.4945e-15
1158.9872   1604.31    1.1793    0.1163  4.1207e-15  4.0641e-16  3.4941e-15
1159.0171   1612.09    1.0011    0.1074  3.4975e-15  3.7509e-16  3.4937e-15
1159.0470   1619.86    0.9331    0.1037  3.2594e-15  3.6229e-16  3.4933e-15
1159.0769   1627.64    0.9163    0.1028  3.2004e-15  3.5902e-16  3.4929e-15
1159.1068   1635.42    0.9033    0.1021  3.1546e-15  3.5642e-16  3.4924e-15
1159.1367   1643.20    1.0420    0.1094  3.6386e-15  3.8213e-16  3.4920e-15
1159.1666   1650.98    0.9877    0.1066  3.4487e-15  3.7219e-16  3.4916e-15
1159.1966   1658.75    0.9183    0.1028  3.2058e-15  3.5906e-16  3.4911e-15
1159.2265   1666.53    0.8779    0.1006  3.0644e-15  3.5124e-16  3.4907e-15
1159.2564   1674.31    0.8295    0.0979  2.8953e-15  3.4167e-16  3.4903e-15
1159.2863   1682.09    0.9168    0.1028  3.1995e-15  3.5865e-16  3.4899e-15
1159.3162   1689.87    0.8841    0.1010  3.0852e-15  3.5231e-16  3.4894e-15
1159.3461   1697.64    0.9292    0.1035  3.2421e-15  3.6097e-16  3.4890e-15
1159.3760   1705.42    0.9606    0.1051  3.3511e-15  3.6670e-16  3.4886e-15
1159.4059   1713.20    0.9665    0.1055  3.3714e-15  3.6788e-16  3.4882e-15
1159.4358   1720.98    1.0917    0.1119  3.8074e-15  3.9045e-16  3.4877e-15
1159.4657   1728.76    1.1288    0.1138  3.9363e-15  3.9680e-16  3.4873e-15
1159.4957   1736.54    1.0832    0.1115  3.7768e-15  3.8886e-16  3.4869e-15
1159.5256   1744.31    0.9483    0.1045  3.3063e-15  3.6441e-16  3.4864e-15
1159.5555   1752.09    1.0447    0.1096  3.6417e-15  3.8195e-16  3.4860e-15
1159.5854   1759.87    0.9746    0.1317  3.3969e-15  4.5897e-16  3.4856e-15
1159.6153   1767.65    0.8186    0.1317  2.8529e-15  4.5897e-16  3.4851e-15
1159.6452   1775.43    0.9024    0.1367  3.1445e-15  4.7631e-16  3.4847e-15
1159.6751   1783.20    1.0279    0.1450  3.5816e-15  5.0539e-16  3.4843e-15
1159.7050   1790.98    1.0951    0.1534  3.8150e-15  5.3430e-16  3.4838e-15
1159.7349   1798.76    1.0663    0.1465  3.7144e-15  5.1021e-16  3.4834e-15
1159.7648   1806.54    0.8588    0.1372  2.9913e-15  4.7785e-16  3.4830e-15
1159.7948   1814.32    1.0428    0.1478  3.6314e-15  5.1457e-16  3.4825e-15
1159.8247   1822.10    1.0797    0.1481  3.7597e-15  5.1567e-16  3.4821e-15
1159.8546   1829.87    0.9616    0.1398  3.3480e-15  4.8678e-16  3.4816e-15
1159.8845   1837.65    1.0841    0.1502  3.7741e-15  5.2296e-16  3.4812e-15
1159.9144   1845.43    1.0187    0.1475  3.5457e-15  5.1347e-16  3.4808e-15
1159.9443   1853.21    1.1114    0.1504  3.8680e-15  5.2335e-16  3.4803e-15
1159.9742   1860.99    0.8847    0.1348  3.0787e-15  4.6911e-16  3.4799e-15
1160.0041   1868.76    0.9604    0.1373  3.3416e-15  4.7775e-16  3.4794e-15
1160.0340   1876.54    0.9899    0.1464  3.4439e-15  5.0943e-16  3.4790e-15
1160.0639   1884.32    0.8005    0.1285  2.7845e-15  4.4698e-16  3.4786e-15
1160.0939   1892.10    1.0017    0.1431  3.4842e-15  4.9780e-16  3.4781e-15
1160.1238   1899.88    0.9070    0.1381  3.1544e-15  4.8019e-16  3.4777e-15
1160.1537   1907.65    0.7558    0.1247  2.6281e-15  4.3368e-16  3.4772e-15
1160.1836   1915.43    0.8152    0.0970  2.8342e-15  3.3710e-16  3.4768e-15
1160.2135   1923.21    0.7335    0.0921  2.5497e-15  3.2015e-16  3.4763e-15
1160.2434   1930.99    0.9432    0.1041  3.2786e-15  3.6178e-16  3.4759e-15
1160.2733   1938.77    0.8991    0.1017  3.1247e-15  3.5331e-16  3.4754e-15
1160.3032   1946.55    0.6523    0.0870  2.2667e-15  3.0220e-16  3.4750e-15
1160.3331   1954.32    1.0147    0.1078  3.5257e-15  3.7461e-16  3.4746e-15
1160.3630   1962.10    0.9392    0.1038  3.2627e-15  3.6062e-16  3.4741e-15
1160.3930   1969.88    0.9212    0.1028  3.2000e-15  3.5716e-16  3.4737e-15
1160.4229   1977.66    0.9000    0.1016  3.1257e-15  3.5304e-16  3.4732e-15
1160.4528   1985.44    1.0443    0.1093  3.6268e-15  3.7969e-16  3.4728e-15
1160.4827   1993.21    0.9322    0.1034  3.2369e-15  3.5914e-16  3.4723e-15
1160.5126   2000.99    0.8431    0.0984  2.9271e-15  3.4179e-16  3.4719e-15
1160.5425   2008.77    0.8807    0.1006  3.0573e-15  3.4909e-16  3.4714e-15
1160.5724   2016.55    0.9212    0.1028  3.1974e-15  3.5668e-16  3.4709e-15
1160.6023   2024.33    0.8506    0.0989  2.9519e-15  3.4308e-16  3.4705e-15
1160.6322   2032.11    0.9481    0.1042  3.2899e-15  3.6167e-16  3.4700e-15
1160.6621   2039.88    0.8599    0.0994  2.9834e-15  3.4489e-16  3.4696e-15
1160.6921   2047.66    0.9488    0.1043  3.2913e-15  3.6187e-16  3.4691e-15
1160.7220   2055.44    0.9040    0.1019  3.1356e-15  3.5336e-16  3.4687e-15
1160.7519   2063.22    1.0021    0.1071  3.4754e-15  3.7156e-16  3.4682e-15
1160.7818   2071.00    1.0722    0.1107  3.7180e-15  3.8387e-16  3.4678e-15
1160.8117   2078.77    0.9720    0.1055  3.3702e-15  3.6579e-16  3.4673e-15
1160.8416   2086.55    1.0434    0.1092  3.6174e-15  3.7870e-16  3.4668e-15
1160.8715   2094.33    1.2111    0.1175  4.1982e-15  4.0729e-16  3.4664e-15
1160.9014   2102.11    1.0353    0.1088  3.5883e-15  3.7700e-16  3.4659e-15
1160.9313   2109.89    0.9284    0.1031  3.2174e-15  3.5742e-16  3.4654e-15
1160.9612   2117.66    1.0108    0.1075  3.5026e-15  3.7252e-16  3.4650e-15
1160.9912   2125.44    0.9343    0.1035  3.2370e-15  3.5842e-16  3.4645e-15
1161.0211   2133.22    0.9562    0.1046  3.3123e-15  3.6243e-16  3.4641e-15
1161.0510   2141.00    0.8941    0.1013  3.0968e-15  3.5079e-16  3.4636e-15
1161.0809   2148.78    0.9690    0.1053  3.3559e-15  3.6482e-16  3.4631e-15
1161.1108   2156.56    0.9132    0.1023  3.1622e-15  3.5425e-16  3.4627e-15
1161.1407   2164.33    1.1325    0.1137  3.9210e-15  3.9351e-16  3.4622e-15
1161.1706   2172.11    1.0175    0.1078  3.5223e-15  3.7334e-16  3.4617e-15
1161.2005   2179.89    1.0392    0.1090  3.5969e-15  3.7712e-16  3.4613e-15
1161.2304   2187.67    0.9021    0.1017  3.1219e-15  3.5194e-16  3.4608e-15
1161.2603   2195.45    0.7634    0.0937  2.6418e-15  3.2438e-16  3.4603e-15
1161.2903   2203.22    1.0010    0.1070  3.4634e-15  3.7005e-16  3.4598e-15
1161.3202   2211.00    1.0083    0.1073  3.4880e-15  3.7134e-16  3.4594e-15
1161.3501   2218.78    1.0422    0.1091  3.6050e-15  3.7734e-16  3.4589e-15
1161.3800   2226.56    0.9932    0.1066  3.4350e-15  3.6855e-16  3.4584e-15
1161.4099   2234.34    1.0190    0.1079  3.5235e-15  3.7315e-16  3.4580e-15
1161.4398   2242.12    1.1116    0.1126  3.8434e-15  3.8934e-16  3.4575e-15
1161.4697   2249.89    1.0560    0.1098  3.6505e-15  3.7958e-16  3.4570e-15
1161.4996   2257.67    1.1490    0.1144  3.9714e-15  3.9550e-16  3.4565e-15
1161.5295   2265.45    0.9520    0.1044  3.2903e-15  3.6072e-16  3.4560e-15
1161.5594   2273.23    1.1393    0.1140  3.9371e-15  3.9390e-16  3.4556e-15
1161.5894   2281.01    0.8507    0.0988  2.9392e-15  3.4140e-16  3.4551e-15
1161.6193   2288.78    0.9995    0.1069  3.4529e-15  3.6925e-16  3.4546e-15
1161.6492   2296.56    1.1092    0.1125  3.8312e-15  3.8843e-16  3.4541e-15
1161.6791   2304.34    1.0018    0.1070  3.4600e-15  3.6948e-16  3.4536e-15
1161.7090   2312.12    1.1356    0.1138  3.9214e-15  3.9288e-16  3.4532e-15
1161.7389   2319.90    1.0187    0.1079  3.5173e-15  3.7242e-16  3.4527e-15
1161.7688   2327.67    0.8484    0.0987  2.9289e-15  3.4059e-16  3.4522e-15
1161.7987   2335.45    0.8373    0.0981  2.8901e-15  3.3845e-16  3.4517e-15
1161.8286   2343.23    0.9081    0.1020  3.1342e-15  3.5200e-16  3.4512e-15
1161.8585   2351.01    0.9513    0.1043  3.2826e-15  3.5991e-16  3.4507e-15
1161.8885   2358.79    1.0131    0.1075  3.4956e-15  3.7104e-16  3.4502e-15
1161.9184   2366.57    0.9436    0.1039  3.2552e-15  3.5826e-16  3.4498e-15
1161.9483   2374.34    1.0699    0.1104  3.6902e-15  3.8092e-16  3.4493e-15
1161.9782   2382.12    0.8766    0.1002  3.0232e-15  3.4549e-16  3.4488e-15
1162.0081   2389.90    0.8831    0.1005  3.0452e-15  3.4664e-16  3.4483e-15
1162.0380   2397.68    0.8796    0.1003  3.0328e-15  3.4586e-16  3.4478e-15
1162.0679   2405.46    0.9997    0.1068  3.4461e-15  3.6815e-16  3.4473e-15
1162.0978   2413.23    0.7095    0.0903  2.4454e-15  3.1136e-16  3.4468e-15
1162.1277   2421.01    0.9177    0.1024  3.1625e-15  3.5286e-16  3.4463e-15
1162.1576   2428.79    0.9643    0.1049  3.3228e-15  3.6149e-16  3.4458e-15
1162.1876   2436.57    1.1095    0.1124  3.8225e-15  3.8717e-16  3.4453e-15
1162.2175   2444.35    0.9318    0.1032  3.2098e-15  3.5538e-16  3.4448e-15
1162.2474   2452.13    1.0621    0.1100  3.6580e-15  3.7888e-16  3.4443e-15
1162.2773   2459.90    1.0187    0.1078  3.5082e-15  3.7111e-16  3.4438e-15
1162.3072   2467.68    0.9935    0.1065  3.4209e-15  3.6654e-16  3.4433e-15
1162.3371   2475.46    1.1336    0.1136  3.9028e-15  3.9096e-16  3.4428e-15
1162.3670   2483.24    0.9092    0.1019  3.1298e-15  3.5085e-16  3.4423e-15
1162.3969   2491.02    0.9450    0.1039  3.2524e-15  3.5752e-16  3.4418e-15
1162.4268   2498.79    0.7756    0.0943  2.6692e-15  3.2462e-16  3.4413e-15
1162.4567   2506.57    0.9248    0.1028  3.1821e-15  3.5362e-16  3.4408e-15
1162.4867   2514.35    0.9125    0.1021  3.1391e-15  3.5136e-16  3.4403e-15
1162.5166   2522.13    0.9151    0.1023  3.1476e-15  3.5175e-16  3.4398e-15
1162.5465   2529.91    1.0069    0.1072  3.4630e-15  3.6852e-16  3.4393e-15
1162.5764   2537.68    0.9589    0.1046  3.2973e-15  3.5967e-16  3.4387e-15
1162.6063   2545.46    1.0285    0.1082  3.5361e-15  3.7215e-16  3.4382e-15
1162.6362   2553.24    0.8606    0.0992  2.9584e-15  3.4110e-16  3.4377e-15
1162.6661   2561.02    1.1399    0.1138  3.9182e-15  3.9131e-16  3.4372e-15
1162.6960   2568.80    0.9269    0.1029  3.1853e-15  3.5352e-16  3.4367e-15
1162.7259   2576.58    1.0430    0.1090  3.5840e-15  3.7454e-16  3.4362e-15
1162.7558   2584.35    1.0228    0.1079  3.5141e-15  3.7087e-16  3.4357e-15
1162.7858   2592.13    0.9772    0.1055  3.3568e-15  3.6258e-16  3.4351e-15
1162.8157   2599.91    0.9391    0.1035  3.2256e-15  3.5557e-16  3.4346e-15
1162.8456   2607.69    1.1266    0.1132  3.8688e-15  3.8871e-16  3.4341e-15
1162.8755   2615.47    0.9322    0.1032  3.2007e-15  3.5431e-16  3.4336e-15
1162.9054   2623.24    0.9072    0.1018  3.1145e-15  3.4962e-16  3.4331e-15
1162.9353   2631.02    1.0071    0.1072  3.4570e-15  3.6800e-16  3.4325e-15
1162.9652   2638.80    1.0177    0.1078  3.4929e-15  3.6981e-16  3.4320e-15
1162.9951   2646.58    0.9517    0.1043  3.2658e-15  3.5780e-16  3.4315e-15
1163.0250   2654.36    1.0742    0.1106  3.6854e-15  3.7958e-16  3.4310e-15
1163.0549   2662.14    0.9640    0.1049  3.3071e-15  3.5992e-16  3.4304e-15
1163.0849   2669.91    1.0426    0.1090  3.5761e-15  3.7400e-16  3.4299e-15
1163.1148   2677.69    1.0470    0.1093  3.5905e-15  3.7477e-16  3.4294e-15
1163.1447   2685.47    0.9874    0.1062  3.3857e-15  3.6410e-16  3.4288e-15
1163.1746   2693.25    0.9504    0.1042  3.2583e-15  3.5732e-16  3.4283e-15
1163.2045   2701.03    0.9292    0.1031  3.1852e-15  3.5345e-16  3.4278e-15
1163.2344   2708.80    0.9886    0.1063  3.3883e-15  3.6426e-16  3.4272e-15
1163.2643   2716.58    1.0427    0.1091  3.5730e-15  3.7377e-16  3.4267e-15
1163.2942   2724.36    1.0131    0.1076  3.4710e-15  3.6856e-16  3.4262e-15
1163.3241   2732.14    1.0691    0.1104  3.6622e-15  3.7826e-16  3.4256e-15
1163.3540   2739.92    1.0022    0.1070  3.4327e-15  3.6649e-16  3.4251e-15
1163.3840   2747.70    1.1267    0.1238  3.8583e-15  4.2385e-16  3.4245e-15
