# Wave  Vhel  NormFlux  NormErr      Flux        Error       Continuum
1325.2270  -2090.37    1.1055    0.0857  5.7032e-15  4.4199e-16  5.1590e-15
1325.2569  -2083.65    1.0666    0.0842  5.5066e-15  4.3453e-16  5.1627e-15
1325.2868  -2076.94    1.0226    0.0824  5.2835e-15  4.2569e-16  5.1665e-15
1325.3167  -2070.22    1.1168    0.0860  5.7741e-15  4.4476e-16  5.1704e-15
1325.3466  -2063.50    1.0832    0.0847  5.6051e-15  4.3823e-16  5.1743e-15
1325.3765  -2056.78    1.0926    0.0850  5.6578e-15  4.4024e-16  5.1783e-15
1325.4064  -2050.06    1.1290    0.0864  5.8508e-15  4.4765e-16  5.1823e-15
1325.4363  -2043.34    0.9702    0.0801  5.0320e-15  4.1559e-16  5.1864e-15
1325.4662  -2036.62    0.9287    0.0784  4.8203e-15  4.0688e-16  5.1906e-15
1325.4962  -2029.90    1.0143    0.0819  5.2691e-15  4.2522e-16  5.1948e-15
1325.5261  -2023.18    0.9665    0.0799  5.0248e-15  4.1541e-16  5.1990e-15
1325.5560  -2016.46    0.9900    0.0808  5.1513e-15  4.2055e-16  5.2033e-15
1325.5859  -2009.74    0.9936    0.0809  5.1742e-15  4.2146e-16  5.2077e-15
1325.6158  -2003.03    0.9450    0.0789  4.9256e-15  4.1136e-16  5.2121e-15
1325.6457  -1996.31    1.0162    0.0818  5.3013e-15  4.2652e-16  5.2166e-15
1325.6756  -1989.59    1.0476    0.0830  5.4695e-15  4.3324e-16  5.2211e-15
1325.7055  -1982.87    0.9892    0.0806  5.1694e-15  4.2137e-16  5.2256e-15
1325.7354  -1976.15    1.0037    0.0812  5.2498e-15  4.2461e-16  5.2303e-15
1325.7653  -1969.43    0.9832    0.0803  5.1468e-15  4.2045e-16  5.2349e-15
1325.7953  -1962.71    1.0660    0.0835  5.5857e-15  4.3774e-16  5.2396e-15
1325.8252  -1955.99    1.0432    0.0826  5.4708e-15  4.3330e-16  5.2443e-15
1325.8551  -1949.27    0.9712    0.0797  5.0980e-15  4.1846e-16  5.2491e-15
1325.8850  -1942.55    1.1571    0.0869  6.0793e-15  4.5649e-16  5.2539e-15
1325.9149  -1935.83    1.1058    0.0849  5.8152e-15  4.4653e-16  5.2588e-15
1325.9448  -1929.12    1.0861    0.0841  5.7171e-15  4.4280e-16  5.2637e-15
1325.9747  -1922.40    1.1031    0.0847  5.8117e-15  4.4646e-16  5.2687e-15
1326.0046  -1915.68    0.9908    0.0803  5.2250e-15  4.2364e-16  5.2736e-15
1326.0345  -1908.96    0.9387    0.0782  4.9552e-15  4.1277e-16  5.2787e-15
1326.0644  -1902.24    1.0831    0.0839  5.7230e-15  4.4311e-16  5.2837e-15
1326.0944  -1895.52    1.0628    0.0830  5.6210e-15  4.3910e-16  5.2888e-15
1326.1243  -1888.80    1.0871    0.0839  5.7550e-15  4.4431e-16  5.2939e-15
1326.1542  -1882.08    1.0612    0.0829  5.6233e-15  4.3923e-16  5.2991e-15
1326.1841  -1875.36    1.0144    0.0810  5.3805e-15  4.2975e-16  5.3042e-15
1326.2140  -1868.64    0.9482    0.0783  5.0345e-15  4.1585e-16  5.3095e-15
1326.2439  -1861.93    1.1130    0.0847  5.9155e-15  4.5033e-16  5.3147e-15
1326.2738  -1855.21    0.9821    0.0796  5.2250e-15  4.2360e-16  5.3200e-15
1326.3037  -1848.49    0.9249    0.0773  4.9255e-15  4.1149e-16  5.3253e-15
1326.3336  -1841.77    0.9241    0.0772  4.9258e-15  4.1155e-16  5.3306e-15
1326.3635  -1835.05    0.9227    0.0771  4.9233e-15  4.1155e-16  5.3360e-15
1326.3935  -1828.33    0.8720    0.0750  4.6576e-15  4.0050e-16  5.3413e-15
1326.4234  -1821.61    1.0058    0.0804  5.3780e-15  4.2979e-16  5.3467e-15
1326.4533  -1814.89    0.9438    0.0779  5.0511e-15  4.1672e-16  5.3521e-15
1326.4832  -1808.17    1.0430    0.0818  5.5881e-15  4.3801e-16  5.3576e-15
1326.5131  -1801.45    1.0460    0.0818  5.6096e-15  4.3881e-16  5.3631e-15
1326.5430  -1794.73    1.0022    0.0801  5.3805e-15  4.2983e-16  5.3685e-15
1326.5729  -1788.02    1.1000    0.0838  5.9112e-15  4.5023e-16  5.3740e-15
1326.6028  -1781.30    0.9790    0.0791  5.2668e-15  4.2539e-16  5.3795e-15
1326.6327  -1774.58    0.9648    0.0785  5.1954e-15  4.2252e-16  5.3851e-15
1326.6626  -1767.86    1.2106    0.0877  6.5259e-15  4.7294e-16  5.3906e-15
1326.6926  -1761.14    0.9318    0.0771  5.0281e-15  4.1583e-16  5.3962e-15
1326.7225  -1754.42    1.0695    0.0824  5.7774e-15  4.4529e-16  5.4018e-15
1326.7524  -1747.70    1.0869    0.0831  5.8774e-15  4.4916e-16  5.4074e-15
1326.7823  -1740.98    1.0669    0.0823  5.7752e-15  4.4528e-16  5.4130e-15
1326.8122  -1734.26    1.1152    0.0840  6.0426e-15  4.5528e-16  5.4186e-15
1326.8421  -1727.54    0.9293    0.0768  5.0406e-15  4.1635e-16  5.4242e-15
1326.8720  -1720.83    1.0009    0.0796  5.4347e-15  4.3211e-16  5.4298e-15
1326.9019  -1714.11    0.9375    0.0770  5.0960e-15  4.1869e-16  5.4354e-15
1326.9318  -1707.39    1.0451    0.0812  5.6866e-15  4.4199e-16  5.4411e-15
1326.9617  -1700.67    0.9206    0.0763  5.0140e-15  4.1537e-16  5.4467e-15
1326.9917  -1693.95    1.0900    0.0828  5.9432e-15  4.5167e-16  5.4524e-15
1327.0216  -1687.23    1.0211    0.0802  5.5733e-15  4.3758e-16  5.4580e-15
1327.0515  -1680.51    1.0392    0.0808  5.6778e-15  4.4165e-16  5.4637e-15
1327.0814  -1673.79    1.1397    0.0846  6.2335e-15  4.6249e-16  5.4693e-15
1327.1113  -1667.07    1.0169    0.0799  5.5675e-15  4.3738e-16  5.4750e-15
1327.1412  -1660.35    0.9886    0.0787  5.4182e-15  4.3156e-16  5.4806e-15
1327.1711  -1653.63    0.9391    0.0767  5.1519e-15  4.2097e-16  5.4863e-15
1327.2010  -1646.92    1.0787    0.0821  5.9244e-15  4.5102e-16  5.4919e-15
1327.2309  -1640.20    0.9161    0.0757  5.0362e-15  4.1640e-16  5.4976e-15
1327.2608  -1633.48    0.9902    0.0787  5.4495e-15  4.3292e-16  5.5032e-15
1327.2908  -1626.76    1.1111    0.0832  6.1211e-15  4.5852e-16  5.5088e-15
1327.3207  -1620.04    0.9963    0.0788  5.4938e-15  4.3474e-16  5.5145e-15
1327.3506  -1613.32    0.9976    0.0788  5.5071e-15  4.3517e-16  5.5201e-15
1327.3805  -1606.60    0.9163    0.0755  5.0632e-15  4.1745e-16  5.5257e-15
1327.4104  -1599.88    1.0059    0.0791  5.5640e-15  4.3745e-16  5.5313e-15
1327.4403  -1593.16    0.9811    0.0781  5.4321e-15  4.3224e-16  5.5369e-15
1327.4702  -1586.44    0.8968    0.0747  4.9705e-15  4.1380e-16  5.5424e-15
1327.5001  -1579.73    0.8968    0.0746  4.9753e-15  4.1399e-16  5.5480e-15
1327.5300  -1573.01    1.0351    0.0801  5.7484e-15  4.4462e-16  5.5535e-15
1327.5599  -1566.29    1.0749    0.0815  5.9752e-15  4.5319e-16  5.5591e-15
1327.5899  -1559.57    1.0439    0.0803  5.8089e-15  4.4701e-16  5.5646e-15
1327.6198  -1552.85    1.0614    0.0810  5.9118e-15  4.5092e-16  5.5701e-15
1327.6497  -1546.13    1.0381    0.0800  5.7878e-15  4.4609e-16  5.5755e-15
1327.6796  -1539.41    0.9928    0.0782  5.5406e-15  4.3659e-16  5.5810e-15
1327.7095  -1532.69    0.9437    0.0763  5.2721e-15  4.2609e-16  5.5864e-15
1327.7394  -1525.97    0.8945    0.0742  5.0019e-15  4.1516e-16  5.5919e-15
1327.7693  -1519.25    1.0242    0.0793  5.7327e-15  4.4402e-16  5.5972e-15
1327.7992  -1512.53    0.9537    0.0765  5.3431e-15  4.2886e-16  5.6026e-15
1327.8291  -1505.82    1.0502    0.0802  5.8896e-15  4.4997e-16  5.6080e-15
1327.8590  -1499.10    1.0571    0.0805  5.9340e-15  4.5169e-16  5.6133e-15
1327.8890  -1492.38    1.0084    0.0786  5.6656e-15  4.4146e-16  5.6186e-15
1327.9189  -1485.66    1.0754    0.0811  6.0479e-15  4.5590e-16  5.6238e-15
1327.9488  -1478.94    1.0604    0.0805  5.9692e-15  4.5307e-16  5.6291e-15
1327.9787  -1472.22    0.9548    0.0764  5.3794e-15  4.3039e-16  5.6343e-15
1328.0086  -1465.50    1.0449    0.0798  5.8929e-15  4.5027e-16  5.6395e-15
1328.0385  -1458.78    1.0499    0.0800  5.9261e-15  4.5144e-16  5.6446e-15
1328.0684  -1452.06    0.8976    0.0740  5.0710e-15  4.1800e-16  5.6497e-15
1328.0983  -1445.34    0.9762    0.0771  5.5200e-15  4.3583e-16  5.6548e-15
1328.1282  -1438.63    0.9383    0.0756  5.3109e-15  4.2766e-16  5.6598e-15
1328.1581  -1431.91    0.9551    0.0947  5.4103e-15  5.3626e-16  5.6648e-15
1328.1881  -1425.19    0.9127    0.1021  5.1747e-15  5.7863e-16  5.6698e-15
1328.2180  -1418.47    1.0892    0.1099  6.1811e-15  6.2359e-16  5.6747e-15
1328.2479  -1411.75    1.0064    0.1046  5.7157e-15  5.9433e-16  5.6796e-15
1328.2778  -1405.03    0.9511    0.1038  5.4066e-15  5.9004e-16  5.6845e-15
1328.3077  -1398.31    1.0018    0.1053  5.6997e-15  5.9906e-16  5.6893e-15
1328.3376  -1391.59    0.9904    0.1068  5.6397e-15  6.0806e-16  5.6941e-15
1328.3675  -1384.87    0.9680    0.1030  5.5165e-15  5.8685e-16  5.6988e-15
1328.3974  -1378.15    0.9954    0.1053  5.6772e-15  6.0083e-16  5.7035e-15
1328.4273  -1371.43    1.0776    0.1089  6.1510e-15  6.2187e-16  5.7081e-15
1328.4572  -1364.72    0.9786    0.1049  5.5903e-15  5.9920e-16  5.7127e-15
1328.4872  -1358.00    0.9504    0.1039  5.4340e-15  5.9381e-16  5.7173e-15
1328.5171  -1351.28    0.9035    0.1000  5.1695e-15  5.7232e-16  5.7218e-15
1328.5470  -1344.56    0.9070    0.1003  5.1939e-15  5.7448e-16  5.7262e-15
1328.5769  -1337.84    0.9685    0.1049  5.5500e-15  6.0114e-16  5.7306e-15
1328.6068  -1331.12    0.9997    0.1047  5.7335e-15  6.0056e-16  5.7350e-15
1328.6367  -1324.40    0.8557    0.0970  4.9113e-15  5.5668e-16  5.7393e-15
1328.6666  -1317.68    1.0175    0.1035  5.8443e-15  5.9438e-16  5.7435e-15
1328.6965  -1310.96    1.0379    0.1025  5.9654e-15  5.8934e-16  5.7477e-15
1328.7264  -1304.24    0.9795    0.0766  5.6337e-15  4.4063e-16  5.7519e-15
1328.7563  -1297.53    0.9262    0.0745  5.3313e-15  4.2886e-16  5.7559e-15
1328.7863  -1290.81    1.0183    0.0781  5.8653e-15  4.4962e-16  5.7600e-15
1328.8162  -1284.09    1.0636    0.0797  6.1303e-15  4.5955e-16  5.7639e-15
1328.8461  -1277.37    0.9584    0.0757  5.5281e-15  4.3676e-16  5.7678e-15
1328.8760  -1270.65    0.9672    0.0760  5.5821e-15  4.3892e-16  5.7717e-15
1328.9059  -1263.93    0.9572    0.0756  5.5281e-15  4.3680e-16  5.7755e-15
1328.9358  -1257.21    1.0277    0.0783  5.9390e-15  4.5255e-16  5.7792e-15
1328.9657  -1250.49    1.1073    0.0812  6.4035e-15  4.6959e-16  5.7829e-15
1328.9956  -1243.77    1.1670    0.0833  6.7528e-15  4.8208e-16  5.7865e-15
1329.0255  -1237.05    1.1269    0.0819  6.5248e-15  4.7395e-16  5.7902e-15
1329.0554  -1230.33    1.0460    0.0789  6.0606e-15  4.5691e-16  5.7939e-15
1329.0854  -1223.62    1.0035    0.0773  5.8181e-15  4.4788e-16  5.7975e-15
1329.1153  -1216.90    0.9813    0.0764  5.6926e-15  4.4305e-16  5.8012e-15
1329.1452  -1210.18    1.1270    0.0817  6.5420e-15  4.7451e-16  5.8048e-15
1329.1751  -1203.46    1.1409    0.0822  6.6272e-15  4.7753e-16  5.8085e-15
1329.2050  -1196.74    1.2743    0.0868  7.4061e-15  5.0446e-16  5.8121e-15
1329.2349  -1190.02    1.0578    0.0791  6.1522e-15  4.6027e-16  5.8157e-15
1329.2648  -1183.30    0.9976    0.0769  5.8056e-15  4.4727e-16  5.8193e-15
1329.2947  -1176.58    0.9768    0.0760  5.6879e-15  4.4265e-16  5.8229e-15
1329.3246  -1169.86    0.9942    0.0767  5.7929e-15  4.4674e-16  5.8265e-15
1329.3545  -1163.14    1.1212    0.0813  6.5368e-15  4.7426e-16  5.8301e-15
1329.3845  -1156.42    0.9955    0.0767  5.8077e-15  4.4738e-16  5.8336e-15
1329.4144  -1149.71    0.9020    0.0730  5.2653e-15  4.2625e-16  5.8372e-15
1329.4443  -1142.99    1.0894    0.0801  6.3627e-15  4.6804e-16  5.8407e-15
1329.4742  -1136.27    1.0756    0.0796  6.2860e-15  4.6530e-16  5.8442e-15
1329.5041  -1129.55    0.9468    0.0747  5.5365e-15  4.3701e-16  5.8476e-15
1329.5340  -1122.83    0.9919    0.0765  5.8035e-15  4.4733e-16  5.8511e-15
1329.5639  -1116.11    1.1508    0.0822  6.7376e-15  4.8153e-16  5.8545e-15
1329.5938  -1109.39    0.9677    0.0755  5.6689e-15  4.4211e-16  5.8579e-15
1329.6237  -1102.67    1.0411    0.0782  6.1021e-15  4.5854e-16  5.8613e-15
1329.6536  -1095.95    1.0758    0.0795  6.3093e-15  4.6614e-16  5.8647e-15
1329.6836  -1089.23    1.1269    0.0813  6.6126e-15  4.7707e-16  5.8680e-15
1329.7135  -1082.52    1.0524    0.0786  6.1788e-15  4.6139e-16  5.8713e-15
1329.7434  -1075.80    0.9979    0.0765  5.8623e-15  4.4952e-16  5.8746e-15
1329.7733  -1069.08    0.9471    0.0745  5.5668e-15  4.3818e-16  5.8778e-15
1329.8032  -1062.36    1.0113    0.0770  5.9475e-15  4.5276e-16  5.8810e-15
1329.8331  -1055.64    0.9735    0.0755  5.7286e-15  4.4446e-16  5.8842e-15
1329.8630  -1048.92    1.0077    0.0768  5.9328e-15  4.5220e-16  5.8874e-15
1329.8929  -1042.20    1.0039    0.0767  5.9137e-15  4.5155e-16  5.8905e-15
1329.9228  -1035.48    0.9614    0.0750  5.6663e-15  4.4211e-16  5.8936e-15
1329.9527  -1028.76    0.6960    0.0640  4.1040e-15  3.7731e-16  5.8966e-15
1329.9827  -1022.04    0.8069    0.0688  4.7604e-15  4.0585e-16  5.8996e-15
1330.0126  -1015.32    0.6845    0.0634  4.0403e-15  3.7444e-16  5.9026e-15
1330.0425  -1008.61    0.5989    0.0594  3.5370e-15  3.5094e-16  5.9056e-15
1330.0724  -1001.89    0.6374    0.0612  3.7661e-15  3.6187e-16  5.9085e-15
1330.1023   -995.17    0.6058    0.0597  3.5812e-15  3.5315e-16  5.9113e-15
1330.1322   -988.45    0.7120    0.0646  4.2111e-15  3.8221e-16  5.9141e-15
1330.1621   -981.73    0.6235    0.0605  3.6895e-15  3.5826e-16  5.9169e-15
1330.1920   -975.01    0.6508    0.0618  3.8524e-15  3.6593e-16  5.9196e-15
1330.2219   -968.29    0.5602    0.0574  3.3178e-15  3.4016e-16  5.9223e-15
1330.2518   -961.57    0.4245    0.0502  2.5153e-15  2.9726e-16  5.9250e-15
1330.2818   -954.85    0.2885    0.0417  1.7102e-15  2.4698e-16  5.9276e-15
1330.3117   -948.13    0.1858    0.0339  1.1019e-15  2.0086e-16  5.9301e-15
1330.3416   -941.42    0.0502    0.0192  2.9797e-16  1.1379e-16  5.9326e-15
1330.3715   -934.70    0.0849    0.0238  5.0402e-16  1.4113e-16  5.9350e-15
1330.4014   -927.98    0.0687    0.0217  4.0778e-16  1.2880e-16  5.9374e-15
1330.4313   -921.26    0.0670    0.0215  3.9770e-16  1.2758e-16  5.9398e-15
1330.4612   -914.54    0.0542    0.0197  3.2196e-16  1.1692e-16  5.9421e-15
1330.4911   -907.82    0.0344    0.0165  2.0427e-16  9.8263e-17  5.9443e-15
1330.5210   -901.10    0.0310    0.0159  1.8434e-16  9.4684e-17  5.9465e-15
1330.5509   -894.38    0.0310    0.0159  1.8431e-16  9.4635e-17  5.9486e-15
1330.5809   -887.66    0.0412    0.0176  2.4499e-16  1.0494e-16  5.9507e-15
1330.6108   -880.94    0.0247    0.0147  1.4688e-16  8.7251e-17  5.9527e-15
1330.6407   -874.22    0.0327    0.0162  1.9450e-16  9.6381e-17  5.9547e-15
1330.6706   -867.51    0.0490    0.0189  2.9181e-16  1.1259e-16  5.9566e-15
1330.7005   -860.79    0.0356    0.0167  2.1218e-16  9.9593e-17  5.9584e-15
1330.7304   -854.07    0.0490    0.0188  2.9179e-16  1.1215e-16  5.9602e-15
1330.7603   -847.35    0.0738    0.0222  4.4007e-16  1.3263e-16  5.9619e-15
1330.7902   -840.63    0.0770    0.0226  4.5900e-16  1.3499e-16  5.9635e-15
1330.8201   -833.91    0.0904    0.0243  5.3945e-16  1.4471e-16  5.9651e-15
1330.8500   -827.19    0.0946    0.0248  5.6435e-16  1.4771e-16  5.9666e-15
1330.8800   -820.47    0.1799    0.0332  1.0739e-15  1.9788e-16  5.9681e-15
1330.9099   -813.75    0.3044    0.0425  1.8169e-15  2.5379e-16  5.9694e-15
1330.9398   -807.03    0.1774    0.0329  1.0590e-15  1.9637e-16  5.9707e-15
1330.9697   -800.32    0.1427    0.0297  8.5215e-16  1.7754e-16  5.9720e-15
1330.9996   -793.60    0.0795    0.0229  4.7469e-16  1.3656e-16  5.9732e-15
1331.0295   -786.88    0.1232    0.0278  7.3612e-16  1.6588e-16  5.9742e-15
1331.0594   -780.16    0.0680    0.0213  4.0630e-16  1.2752e-16  5.9753e-15
1331.0893   -773.44    0.1214    0.0276  7.2527e-16  1.6477e-16  5.9762e-15
1331.1192   -766.72    0.1493    0.0303  8.9258e-16  1.8121e-16  5.9771e-15
1331.1491   -760.00    0.2451    0.0383  1.4655e-15  2.2877e-16  5.9779e-15
1331.1791   -753.28    0.2000    0.0348  1.1957e-15  2.0783e-16  5.9786e-15
1331.2090   -746.56    0.1898    0.0339  1.1352e-15  2.0293e-16  5.9793e-15
1331.2389   -739.84    0.1265    0.0281  7.5636e-16  1.6812e-16  5.9798e-15
1331.2688   -733.12    0.0382    0.0170  2.2853e-16  1.0140e-16  5.9803e-15
1331.2987   -726.41    0.0433    0.0177  2.5913e-16  1.0607e-16  5.9807e-15
1331.3286   -719.69    0.0486    0.0185  2.9048e-16  1.1091e-16  5.9810e-15
1331.3585   -712.97    0.0323    0.0158  1.9295e-16  9.4683e-17  5.9813e-15
1331.3884   -706.25    0.0259    0.0146  1.5465e-16  8.7376e-17  5.9814e-15
1331.4183   -699.53    0.0163    0.0126  9.7329e-17  7.5178e-17  5.9815e-15
1331.4482   -692.81    0.0193    0.0133  1.1534e-16  7.9418e-17  5.9815e-15
1331.4782   -686.09    0.0159    0.0126  9.5083e-17  7.5191e-17  5.9814e-15
1331.5081   -679.37    0.0204    0.0136  1.2215e-16  8.1414e-17  5.9812e-15
1331.5380   -672.65    0.0039    0.0097  2.3253e-17  5.7851e-17  5.9809e-15
1331.5679   -665.93    0.0264    0.0149  1.5796e-16  8.9142e-17  5.9805e-15
1331.5978   -659.22    0.0331    0.0161  1.9775e-16  9.6401e-17  5.9800e-15
1331.6277   -652.50    0.0313    0.0158  1.8690e-16  9.4647e-17  5.9795e-15
1331.6576   -645.78    0.0395    0.0172  2.3618e-16  1.0293e-16  5.9788e-15
1331.6875   -639.06    0.0789    0.0228  4.7147e-16  1.3625e-16  5.9781e-15
1331.7174   -632.34    0.1276    0.0282  7.6266e-16  1.6883e-16  5.9772e-15
1331.7473   -625.62    0.1404    0.0295  8.3881e-16  1.7656e-16  5.9763e-15
1331.7773   -618.90    0.1745    0.0327  1.0427e-15  1.9521e-16  5.9753e-15
1331.8072   -612.18    0.4172    0.0495  2.4925e-15  2.9582e-16  5.9741e-15
1331.8371   -605.46    0.6376    0.0609  3.8084e-15  3.6367e-16  5.9729e-15
1331.8670   -598.74    0.8512    0.0702  5.0831e-15  4.1920e-16  5.9716e-15
1331.8969   -592.02    0.8614    0.0706  5.1429e-15  4.2155e-16  5.9701e-15
1331.9268   -585.31    0.9391    0.0745  5.6051e-15  4.4445e-16  5.9686e-15
1331.9567   -578.59    0.8093    0.0852  4.8290e-15  5.0821e-16  5.9669e-15
1331.9866   -571.87    0.9391    0.0979  5.6017e-15  5.8384e-16  5.9652e-15
1332.0165   -565.15    1.0451    0.1028  6.2322e-15  6.1312e-16  5.9633e-15
1332.0464   -558.43    0.9943    0.0997  5.9272e-15  5.9430e-16  5.9614e-15
1332.0764   -551.71    1.1050    0.1065  6.5851e-15  6.3456e-16  5.9593e-15
1332.1063   -544.99    0.9896    0.1008  5.8953e-15  6.0073e-16  5.9571e-15
1332.1362   -538.27    1.0212    0.1023  6.0813e-15  6.0933e-16  5.9549e-15
1332.1661   -531.55    1.0642    0.1051  6.3344e-15  6.2533e-16  5.9525e-15
1332.1960   -524.83    0.9632    0.0998  5.7310e-15  5.9395e-16  5.9500e-15
1332.2259   -518.11    1.0955    0.1051  6.5151e-15  6.2491e-16  5.9473e-15
1332.2558   -511.40    0.9606    0.0976  5.7106e-15  5.8008e-16  5.9446e-15
1332.2857   -504.68    0.9540    0.0991  5.6686e-15  5.8910e-16  5.9418e-15
1332.3156   -497.96    1.0578    0.1062  6.2818e-15  6.3091e-16  5.9388e-15
1332.3455   -491.24    1.0332    0.1026  6.1331e-15  6.0893e-16  5.9357e-15
1332.3755   -484.52    1.0214    0.1015  6.0595e-15  6.0205e-16  5.9325e-15
1332.4054   -477.80    1.0358    0.1030  6.1417e-15  6.1096e-16  5.9292e-15
1332.4353   -471.08    1.0144    0.1020  6.0110e-15  6.0449e-16  5.9257e-15
1332.4652   -464.36    1.0917    0.1081  6.4651e-15  6.4045e-16  5.9222e-15
1332.4951   -457.64    1.0205    0.0954  6.0397e-15  5.6435e-16  5.9185e-15
1332.5250   -450.92    0.9719    0.0772  5.7482e-15  4.5687e-16  5.9147e-15
1332.5549   -444.21    0.9095    0.0729  5.3757e-15  4.3079e-16  5.9108e-15
1332.5848   -437.49    1.0108    0.0768  5.9705e-15  4.5359e-16  5.9067e-15
1332.6147   -430.77    0.9126    0.0730  5.3865e-15  4.3108e-16  5.9025e-15
1332.6446   -424.05    1.0711    0.0791  6.3178e-15  4.6652e-16  5.8982e-15
1332.6746   -417.33    1.0767    0.0793  6.3458e-15  4.6747e-16  5.8938e-15
1332.7045   -410.61    1.0633    0.0788  6.2621e-15  4.6434e-16  5.8893e-15
1332.7344   -403.89    0.9925    0.0762  5.8409e-15  4.4864e-16  5.8847e-15
1332.7643   -397.17    0.8877    0.0722  5.2196e-15  4.2437e-16  5.8801e-15
1332.7942   -390.45    0.9350    0.0741  5.4933e-15  4.3518e-16  5.8755e-15
1332.8241   -383.73    1.0265    0.0776  6.0265e-15  4.5560e-16  5.8708e-15
1332.8540   -377.01    0.9080    0.0731  5.3263e-15  4.2859e-16  5.8660e-15
1332.8839   -370.30    1.0418    0.0782  6.1061e-15  4.5852e-16  5.8612e-15
1332.9138   -363.58    0.9632    0.0753  5.6409e-15  4.4081e-16  5.8563e-15
1332.9437   -356.86    0.9969    0.0766  5.8330e-15  4.4827e-16  5.8514e-15
1332.9737   -350.14    1.0257    0.0777  5.9968e-15  4.5444e-16  5.8465e-15
1333.0036   -343.42    1.0863    0.0800  6.3455e-15  4.6735e-16  5.8415e-15
1333.0335   -336.70    1.1790    0.0833  6.8810e-15  4.8646e-16  5.8364e-15
1333.0634   -329.98    1.1060    0.0808  6.4497e-15  4.7110e-16  5.8313e-15
1333.0933   -323.26    1.0337    0.0782  6.0226e-15  4.5538e-16  5.8262e-15
1333.1232   -316.54    1.0208    0.0777  5.9421e-15  4.5242e-16  5.8210e-15
1333.1531   -309.82    1.0314    0.0782  5.9984e-15  4.5459e-16  5.8157e-15
1333.1830   -303.11    1.1104    0.0811  6.4519e-15  4.7125e-16  5.8105e-15
1333.2129   -296.39    1.0579    0.0792  6.1412e-15  4.5991e-16  5.8051e-15
1333.2428   -289.67    1.0518    0.0790  6.1003e-15  4.5836e-16  5.7998e-15
1333.2728   -282.95    0.8946    0.0730  5.1837e-15  4.2292e-16  5.7944e-15
1333.3027   -276.23    0.9978    0.0771  5.7760e-15  4.4620e-16  5.7889e-15
1333.3326   -269.51    0.9515    0.0753  5.5032e-15  4.3566e-16  5.7834e-15
1333.3625   -262.79    0.9755    0.0763  5.6362e-15  4.4080e-16  5.7779e-15
1333.3924   -256.07    0.9534    0.0755  5.5033e-15  4.3566e-16  5.7723e-15
1333.4223   -249.35    1.0238    0.0782  5.9038e-15  4.5108e-16  5.7667e-15
1333.4522   -242.63    1.0336    0.0786  5.9546e-15  4.5297e-16  5.7610e-15
1333.4821   -235.91    0.9573    0.0757  5.5096e-15  4.3589e-16  5.7553e-15
1333.5120   -229.20    1.0228    0.0783  5.8805e-15  4.5013e-16  5.7496e-15
1333.5419   -222.48    0.9532    0.0756  5.4748e-15  4.3449e-16  5.7438e-15
1333.5719   -215.76    1.0466    0.0793  6.0053e-15  4.5490e-16  5.7380e-15
1333.6018   -209.04    0.9810    0.0768  5.6232e-15  4.4034e-16  5.7321e-15
1333.6317   -202.32    0.9712    0.0765  5.5615e-15  4.3794e-16  5.7263e-15
1333.6616   -195.60    0.9476    0.0756  5.4204e-15  4.3239e-16  5.7203e-15
1333.6915   -188.88    0.9905    0.0773  5.6598e-15  4.4175e-16  5.7144e-15
1333.7214   -182.16    1.0176    0.0784  5.8086e-15  4.4744e-16  5.7084e-15
1333.7513   -175.44    0.8871    0.0733  5.0583e-15  4.1797e-16  5.7023e-15
1333.7812   -168.72    0.8817    0.0731  5.0221e-15  4.1654e-16  5.6963e-15
1333.8111   -162.01    0.9846    0.0773  5.6027e-15  4.3965e-16  5.6902e-15
1333.8410   -155.29    0.8905    0.0736  5.0617e-15  4.1824e-16  5.6840e-15
1333.8710   -148.57    0.8620    0.0724  4.8943e-15  4.1135e-16  5.6779e-15
1333.9009   -141.85    0.8055    0.0701  4.5683e-15  3.9764e-16  5.6717e-15
1333.9308   -135.13    0.9231    0.0750  5.2295e-15  4.2496e-16  5.6654e-15
1333.9607   -128.41    0.7656    0.0684  4.3325e-15  3.8735e-16  5.6591e-15
1333.9906   -121.69    0.6060    0.0611  3.4254e-15  3.4520e-16  5.6529e-15
1334.0205   -114.97    0.4411    0.0523  2.4906e-15  2.9542e-16  5.6465e-15
1334.0504   -108.25    0.2893    0.0427  1.6315e-15  2.4081e-16  5.6402e-15
1334.0803   -101.53    0.1742    0.0336  9.8124e-16  1.8930e-16  5.6338e-15
1334.1102    -94.81    0.1387    0.0302  7.8078e-16  1.7022e-16  5.6274e-15
1334.1401    -88.10    0.0719    0.0226  4.0402e-16  1.2703e-16  5.6209e-15
1334.1701    -81.38    0.0629    0.0214  3.5306e-16  1.2025e-16  5.6144e-15
1334.2000    -74.66    0.0234    0.0148  1.3097e-16  8.3243e-17  5.6079e-15
1334.2299    -67.94    0.0160    0.0133  8.9749e-17  7.4768e-17  5.6014e-15
1334.2598    -61.22    0.0178    0.0138  9.9332e-17  7.6983e-17  5.5948e-15
1334.2897    -54.50    0.0159    0.0134  8.9088e-17  7.4756e-17  5.5883e-15
1334.3196    -47.78    0.0109    0.0122  6.0914e-17  6.8104e-17  5.5816e-15
1334.3495    -41.06    0.0177    0.0138  9.8594e-17  7.7025e-17  5.5750e-15
1334.3794    -34.34    0.0107    0.0122  5.9736e-17  6.8162e-17  5.5683e-15
1334.4093    -27.62    0.0139    0.0130  7.7461e-17  7.2433e-17  5.5617e-15
1334.4392    -20.91    0.0106    0.0123  5.9139e-17  6.8161e-17  5.5550e-15
1334.4692    -14.19    0.0381    0.0179  2.1153e-16  9.9410e-17  5.5482e-15
1334.4991     -7.47    0.0305    0.0167  1.6891e-16  9.2413e-17  5.5415e-15
1334.5290     -0.75    0.0179    0.0143  9.9109e-17  7.8926e-17  5.5347e-15
1334.5589      5.97    0.0112    0.0127  6.1657e-17  7.0318e-17  5.5279e-15
1334.5888     12.69    0.0165    0.0139  9.1135e-17  7.6974e-17  5.5211e-15
1334.6187     19.41    0.0096    0.0123  5.3181e-17  6.8100e-17  5.5142e-15
1334.6486     26.13    0.0076    0.0118  4.2119e-17  6.5234e-17  5.5074e-15
1334.6785     32.85    0.0183    0.0144  1.0086e-16  7.9199e-17  5.5005e-15
1334.7084     39.57    0.0098    0.0124  5.3639e-17  6.8089e-17  5.4936e-15
1334.7383     46.29    0.0147    0.0136  8.0623e-17  7.4371e-17  5.4867e-15
1334.7683     53.00    0.0204    0.0148  1.1184e-16  8.1285e-17  5.4797e-15
1334.7982     59.72    0.0433    0.0190  2.3719e-16  1.0414e-16  5.4728e-15
1334.8281     66.44    0.0153    0.0137  8.3869e-17  7.5017e-17  5.4658e-15
1334.8580     73.16    0.0306    0.0169  1.6710e-16  9.2160e-17  5.4588e-15
1334.8879     79.88    0.0189    0.0146  1.0297e-16  7.9454e-17  5.4518e-15
1334.9178     86.60    0.0220    0.0152  1.1956e-16  8.2826e-17  5.4448e-15
1334.9477     93.32    0.0183    0.0145  9.9271e-17  7.9117e-17  5.4377e-15
1334.9776    100.04    0.0501    0.0203  2.7197e-16  1.1027e-16  5.4307e-15
1335.0075    106.76    0.0449    0.0195  2.4335e-16  1.0581e-16  5.4236e-15
1335.0374    113.48    0.0698    0.0232  3.7831e-16  1.2563e-16  5.4165e-15
1335.0674    120.20    0.0506    0.0204  2.7398e-16  1.1042e-16  5.4094e-15
1335.0973    126.91    0.0990    0.0269  5.3470e-16  1.4531e-16  5.4023e-15
1335.1272    133.63    0.1618    0.0335  8.7291e-16  1.8060e-16  5.3952e-15
1335.1571    140.35    0.3139    0.0456  1.6912e-15  2.4583e-16  5.3880e-15
1335.1870    147.07    0.3935    0.0509  2.1173e-15  2.7364e-16  5.3809e-15
1335.2169    153.79    0.2781    0.0431  1.4942e-15  2.3154e-16  5.3737e-15
1335.2468    160.51    0.2242    0.0390  1.2029e-15  2.0904e-16  5.3666e-15
1335.2767    167.23    0.1818    0.0353  9.7428e-16  1.8943e-16  5.3594e-15
1335.3066    173.95    0.2302    0.0395  1.2320e-15  2.1150e-16  5.3522e-15
1335.3365    180.67    0.1890    0.0361  1.0101e-15  1.9284e-16  5.3450e-15
1335.3665    187.39    0.2971    0.0446  1.5858e-15  2.3823e-16  5.3378e-15
1335.3964    194.10    0.3131    0.0458  1.6690e-15  2.4388e-16  5.3306e-15
1335.4263    200.82    0.3690    0.0495  1.9645e-15  2.6365e-16  5.3234e-15
1335.4562    207.54    0.3365    0.0474  1.7889e-15  2.5197e-16  5.3161e-15
1335.4861    214.26    0.2843    0.0437  1.5096e-15  2.3219e-16  5.3089e-15
1335.5160    220.98    0.2450    0.0408  1.2989e-15  2.1617e-16  5.3017e-15
1335.5459    227.70    0.1414    0.0316  7.4859e-16  1.6725e-16  5.2944e-15
1335.5758    234.42    0.1206    0.0294  6.3764e-16  1.5567e-16  5.2872e-15
1335.6057    241.14    0.0699    0.0233  3.6888e-16  1.2279e-16  5.2799e-15
1335.6356    247.86    0.0717    0.0236  3.7802e-16  1.2435e-16  5.2726e-15
1335.6656    254.58    0.0514    0.0206  2.7063e-16  1.0868e-16  5.2654e-15
1335.6955    261.30    0.0476    0.0201  2.5008e-16  1.0545e-16  5.2581e-15
1335.7254    268.01    0.0276    0.0165  1.4495e-16  8.6775e-17  5.2508e-15
1335.7553    274.73    0.0170    0.0143  8.9172e-17  7.5016e-17  5.2436e-15
1335.7852    281.45    0.0203    0.0150  1.0610e-16  7.8806e-17  5.2363e-15
1335.8151    288.17    0.0355    0.0180  1.8552e-16  9.4253e-17  5.2290e-15
1335.8450    294.89    0.0431    0.0193  2.2512e-16  1.0099e-16  5.2217e-15
1335.8749    301.61    0.0241    0.0159  1.2562e-16  8.2651e-17  5.2144e-15
1335.9048    308.33    0.0399    0.0188  2.0756e-16  9.8143e-17  5.2072e-15
1335.9347    315.05    0.0727    0.0239  3.7824e-16  1.2409e-16  5.1999e-15
1335.9647    321.77    0.0929    0.0265  4.8253e-16  1.3750e-16  5.1926e-15
1335.9946    328.49    0.2063    0.0380  1.0697e-15  1.9720e-16  5.1853e-15
1336.0245    335.20    0.3056    0.0459  1.5826e-15  2.3743e-16  5.1781e-15
1336.0544    341.92    0.4240    0.0537  2.1924e-15  2.7784e-16  5.1708e-15
1336.0843    348.64    0.4088    0.0528  2.1107e-15  2.7274e-16  5.1635e-15
1336.1142    355.36    0.6556    0.0665  3.3804e-15  3.4296e-16  5.1563e-15
1336.1441    362.08    0.8205    0.0743  4.2247e-15  3.8260e-16  5.1490e-15
1336.1740    368.80    0.9784    0.0811  5.0306e-15  4.1687e-16  5.1418e-15
1336.2039    375.52    0.7966    0.0733  4.0904e-15  3.7650e-16  5.1345e-15
1336.2338    382.24    0.8786    0.0770  4.5050e-15  3.9482e-16  5.1273e-15
1336.2638    388.96    0.9488    0.0800  4.8577e-15  4.0978e-16  5.1200e-15
1336.2937    395.68    1.0111    0.0826  5.1698e-15  4.2253e-16  5.1128e-15
1336.3236    402.40    1.0465    0.0841  5.3432e-15  4.2947e-16  5.1056e-15
1336.3535    409.11    0.9251    0.0792  4.7167e-15  4.0386e-16  5.0984e-15
1336.3834    415.83    1.0168    0.0831  5.1768e-15  4.2285e-16  5.0912e-15
1336.4133    422.55    1.0093    0.0828  5.1311e-15  4.2108e-16  5.0840e-15
1336.4432    429.27    1.0202    0.0833  5.1794e-15  4.2299e-16  5.0768e-15
1336.4731    435.99    1.0391    0.0841  5.2680e-15  4.2654e-16  5.0696e-15
1336.5030    442.71    0.9897    0.0936  5.0101e-15  4.7402e-16  5.0624e-15
1336.5329    449.43    1.0106    0.1115  5.1090e-15  5.6388e-16  5.0553e-15
1336.5629    456.15    1.0867    0.1160  5.4859e-15  5.8566e-16  5.0481e-15
1336.5928    462.87    0.9031    0.1086  4.5523e-15  5.4765e-16  5.0410e-15
1336.6227    469.59    0.9989    0.1141  5.0285e-15  5.7431e-16  5.0339e-15
1336.6526    476.30    1.0150    0.1119  5.1021e-15  5.6254e-16  5.0268e-15
1336.6825    483.02    0.9776    0.1102  4.9071e-15  5.5302e-16  5.0197e-15
1336.7124    489.74    0.9744    0.1110  4.8845e-15  5.5639e-16  5.0126e-15
1336.7423    496.46    1.0338    0.1122  5.1745e-15  5.6151e-16  5.0055e-15
1336.7722    503.18    1.1637    0.1222  5.8168e-15  6.1094e-16  4.9985e-15
1336.8021    509.90    1.1967    0.1223  5.9734e-15  6.1063e-16  4.9914e-15
1336.8320    516.62    1.2080    0.1221  6.0210e-15  6.0867e-16  4.9844e-15
1336.8620    523.34    1.1953    0.1212  5.9494e-15  6.0314e-16  4.9774e-15
1336.8919    530.06    0.9760    0.1109  4.8512e-15  5.5110e-16  4.9704e-15
1336.9218    536.78    0.9796    0.1095  4.8621e-15  5.4365e-16  4.9634e-15
1336.9517    543.50    1.1097    0.1146  5.5002e-15  5.6816e-16  4.9565e-15
1336.9816    550.21    1.0003    0.1113  4.9511e-15  5.5100e-16  4.9495e-15
1337.0115    556.93    0.9323    0.1117  4.6081e-15  5.5216e-16  4.9426e-15
1337.0414    563.65    1.0033    0.1126  4.9520e-15  5.5590e-16  4.9357e-15
1337.0713    570.37    1.0691    0.1164  5.2692e-15  5.7385e-16  4.9288e-15
1337.1012    577.09    1.0690    0.1169  5.2617e-15  5.7518e-16  4.9220e-15
1337.1311    583.81    0.9531    0.1060  4.6847e-15  5.2105e-16  4.9151e-15
1337.1611    590.53    0.8492    0.0774  4.1681e-15  3.7986e-16  4.9083e-15
1337.1910    597.25    0.9696    0.0827  4.7523e-15  4.0520e-16  4.9015e-15
1337.2209    603.97    0.9570    0.0822  4.6843e-15  4.0241e-16  4.8947e-15
1337.2508    610.69    0.8651    0.0783  4.2286e-15  3.8262e-16  4.8880e-15
1337.2807    617.40    0.8395    0.0772  4.0977e-15  3.7670e-16  4.8812e-15
1337.3106    624.12    0.8814    0.0791  4.2965e-15  3.8556e-16  4.8745e-15
1337.3405    630.84    0.8402    0.0773  4.0898e-15  3.7634e-16  4.8678e-15
1337.3704    637.56    0.8805    0.0792  4.2805e-15  3.8494e-16  4.8612e-15
1337.4003    644.28    0.9768    0.0834  4.7421e-15  4.0481e-16  4.8545e-15
1337.4302    651.00    1.0309    0.0857  4.9979e-15  4.1542e-16  4.8479e-15
1337.4602    657.72    0.9502    0.0824  4.6002e-15  3.9881e-16  4.8413e-15
1337.4901    664.44    0.9678    0.0832  4.6790e-15  4.0212e-16  4.8348e-15
1337.5200    671.16    1.0425    0.0863  5.0335e-15  4.1691e-16  4.8283e-15
1337.5499    677.88    1.0244    0.0857  4.9395e-15  4.1301e-16  4.8217e-15
1337.5798    684.60    0.9529    0.0827  4.5885e-15  3.9831e-16  4.8153e-15
1337.6097    691.31    1.1327    0.0901  5.4468e-15  4.3347e-16  4.8088e-15
1337.6396    698.03    1.0412    0.0865  5.0003e-15  4.1557e-16  4.8024e-15
1337.6695    704.75    1.1172    0.0897  5.3582e-15  4.3002e-16  4.7960e-15
1337.6994    711.47    1.0238    0.0859  4.9035e-15  4.1155e-16  4.7897e-15
1337.7293    718.19    1.0305    0.0863  4.9293e-15  4.1270e-16  4.7833e-15
1337.7593    724.91    1.0299    0.0863  4.9200e-15  4.1234e-16  4.7770e-15
1337.7892    731.63    0.8814    0.0800  4.2049e-15  3.8163e-16  4.7708e-15
1337.8191    738.35    0.9687    0.0838  4.6152e-15  3.9950e-16  4.7645e-15
1337.8490    745.07    0.9409    0.0827  4.4770e-15  3.9363e-16  4.7583e-15
1337.8789    751.79    1.0148    0.0859  4.8226e-15  4.0841e-16  4.7522e-15
1337.9088    758.51    1.0208    0.0863  4.8449e-15  4.0936e-16  4.7460e-15
1337.9387    765.22    0.9859    0.0848  4.6733e-15  4.0215e-16  4.7399e-15
1337.9686    771.94    0.8607    0.0794  4.0743e-15  3.7601e-16  4.7338e-15
1337.9985    778.66    0.8646    0.0796  4.0874e-15  3.7656e-16  4.7278e-15
1338.0284    785.38    0.9310    0.0827  4.3961e-15  3.9037e-16  4.7218e-15
1338.0584    792.10    1.0066    0.0860  4.7471e-15  4.0541e-16  4.7159e-15
1338.0883    798.82    0.9852    0.0851  4.6402e-15  4.0082e-16  4.7099e-15
1338.1182    805.54    0.9461    0.0835  4.4506e-15  3.9265e-16  4.7040e-15
1338.1481    812.26    0.9920    0.0855  4.6605e-15  4.0160e-16  4.6982e-15
1338.1780    818.98    1.0295    0.0871  4.8307e-15  4.0880e-16  4.6924e-15
1338.2079    825.70    1.1140    0.0906  5.2209e-15  4.2472e-16  4.6866e-15
1338.2378    832.41    0.9810    0.0852  4.5917e-15  3.9858e-16  4.6809e-15
1338.2677    839.13    0.9562    0.0841  4.4702e-15  3.9336e-16  4.6752e-15
1338.2976    845.85    0.9471    0.0838  4.4223e-15  3.9126e-16  4.6695e-15
1338.3275    852.57    1.0162    0.0868  4.7396e-15  4.0494e-16  4.6639e-15
1338.3575    859.29    0.9853    0.0855  4.5896e-15  3.9846e-16  4.6583e-15
1338.3874    866.01    1.0393    0.0879  4.8354e-15  4.0878e-16  4.6528e-15
1338.4173    872.73    0.9489    0.0841  4.4099e-15  3.9067e-16  4.6473e-15
1338.4472    879.45    1.0487    0.0884  4.8677e-15  4.1017e-16  4.6418e-15
1338.4771    886.17    0.9606    0.0847  4.4539e-15  3.9255e-16  4.6364e-15
1338.5070    892.89    1.0556    0.0887  4.8883e-15  4.1099e-16  4.6310e-15
1338.5369    899.61    1.0552    0.0888  4.8810e-15  4.1065e-16  4.6257e-15
1338.5668    906.32    1.0615    0.0891  4.9045e-15  4.1158e-16  4.6204e-15
1338.5967    913.04    1.0536    0.0888  4.8622e-15  4.0970e-16  4.6151e-15
1338.6266    919.76    1.0062    0.0868  4.6385e-15  4.0035e-16  4.6097e-15
1338.6566    926.48    0.9527    0.0846  4.3868e-15  3.8948e-16  4.6044e-15
1338.6865    933.20    1.0302    0.0880  4.7381e-15  4.0451e-16  4.5991e-15
1338.7164    939.92    0.9388    0.0841  4.3127e-15  3.8619e-16  4.5937e-15
1338.7463    946.64    1.0379    0.0884  4.7622e-15  4.0553e-16  4.5884e-15
1338.7762    953.36    0.9618    0.0852  4.4078e-15  3.9035e-16  4.5830e-15
1338.8061    960.08    1.0487    0.0890  4.8007e-15  4.0721e-16  4.5777e-15
1338.8360    966.80    1.0351    0.0884  4.7328e-15  4.0435e-16  4.5723e-15
1338.8659    973.51    0.9580    0.0851  4.3750e-15  3.8885e-16  4.5670e-15
1338.8958    980.23    0.9277    0.0839  4.2318e-15  3.8259e-16  4.5616e-15
1338.9257    986.95    0.9779    0.0861  4.4558e-15  3.9235e-16  4.5563e-15
1338.9557    993.67    1.0359    0.0887  4.7142e-15  4.0348e-16  4.5509e-15
1338.9856   1000.39    0.9709    0.0859  4.4131e-15  3.9054e-16  4.5455e-15
1339.0155   1007.11    0.9815    0.0864  4.4562e-15  3.9237e-16  4.5402e-15
1339.0454   1013.83    0.8924    0.0825  4.0467e-15  3.7419e-16  4.5348e-15
1339.0753   1020.55    0.9438    0.0849  4.2749e-15  3.8444e-16  4.5294e-15
1339.1052   1027.27    0.9616    0.0857  4.3504e-15  3.8788e-16  4.5241e-15
1339.1351   1033.99    1.0511    0.0896  4.7498e-15  4.0495e-16  4.5187e-15
1339.1650   1040.71    1.1491    0.0937  5.1864e-15  4.2288e-16  4.5133e-15
1339.1949   1047.42    0.9800    0.0867  4.4177e-15  3.9067e-16  4.5080e-15
1339.2248   1054.14    0.9350    0.0847  4.2099e-15  3.8148e-16  4.5026e-15
1339.2548   1060.86    0.8700    0.0818  3.9127e-15  3.6791e-16  4.4972e-15
1339.2847   1067.58    1.0029    0.0878  4.5051e-15  3.9428e-16  4.4919e-15
1339.3146   1074.30    0.9668    0.0863  4.3374e-15  3.8696e-16  4.4865e-15
1339.3445   1081.02    1.0102    0.0882  4.5266e-15  3.9526e-16  4.4812e-15
1339.3744   1087.74    1.0243    0.0889  4.5846e-15  3.9779e-16  4.4758e-15
1339.4043   1094.46    0.9463    0.0855  4.2306e-15  3.8241e-16  4.4704e-15
1339.4342   1101.18    1.1100    0.0926  4.9561e-15  4.1345e-16  4.4651e-15
1339.4641   1107.90    0.9570    0.0861  4.2678e-15  3.8407e-16  4.4597e-15
1339.4940   1114.61    0.9389    0.0854  4.1820e-15  3.8025e-16  4.4544e-15
1339.5239   1121.33    0.9695    0.0868  4.3132e-15  3.8617e-16  4.4490e-15
1339.5539   1128.05    1.0584    0.0907  4.7031e-15  4.0302e-16  4.4437e-15
1339.5838   1134.77    1.0304    0.0896  4.5733e-15  3.9753e-16  4.4383e-15
1339.6137   1141.49    1.0494    0.0905  4.6520e-15  4.0097e-16  4.4330e-15
1339.6436   1148.21    1.1540    0.0948  5.1097e-15  4.1994e-16  4.4277e-15
1339.6735   1154.93    0.8863    0.0833  3.9194e-15  3.6857e-16  4.4223e-15
1339.7034   1161.65    1.1866    0.0963  5.2411e-15  4.2530e-16  4.4170e-15
1339.7333   1168.37    0.9073    0.0844  4.0027e-15  3.7250e-16  4.4117e-15
1339.7632   1175.09    0.9326    0.0856  4.1095e-15  3.7735e-16  4.4064e-15
1339.7931   1181.81    0.9167    0.0850  4.0343e-15  3.7387e-16  4.4010e-15
1339.8230   1188.52    0.9733    0.0875  4.2785e-15  3.8474e-16  4.3957e-15
1339.8530   1195.24    0.8779    0.0833  3.8542e-15  3.6554e-16  4.3904e-15
1339.8829   1201.96    0.9507    0.0866  4.1692e-15  3.7993e-16  4.3851e-15
1339.9128   1208.68    1.0052    0.0891  4.4026e-15  3.9023e-16  4.3799e-15
1339.9427   1215.40    0.9223    0.0855  4.0348e-15  3.7385e-16  4.3746e-15
1339.9726   1222.12    0.8384    0.0816  3.6634e-15  3.5657e-16  4.3693e-15
1340.0025   1228.84    1.0574    0.0915  4.6144e-15  3.9947e-16  4.3640e-15
1340.0324   1235.56    0.8048    0.0801  3.5080e-15  3.4913e-16  4.3588e-15
1340.0623   1242.28    0.9450    0.0867  4.1141e-15  3.7754e-16  4.3535e-15
1340.0922   1249.00    0.9318    0.0862  4.0519e-15  3.7478e-16  4.3483e-15
1340.1221   1255.71    0.9325    0.0863  4.0497e-15  3.7468e-16  4.3430e-15
1340.1521   1262.43    0.8766    0.0838  3.8026e-15  3.6332e-16  4.3378e-15
1340.1820   1269.15    0.9588    0.0876  4.1542e-15  3.7943e-16  4.3326e-15
1340.2119   1275.87    0.9352    0.0866  4.0469e-15  3.7467e-16  4.3274e-15
1340.2418   1282.59    1.0798    0.0930  4.6673e-15  4.0185e-16  4.3221e-15
1340.2717   1289.31    1.1257    0.0950  4.8597e-15  4.0995e-16  4.3170e-15
1340.3016   1296.03    0.9653    0.1035  4.1622e-15  4.4641e-16  4.3118e-15
1340.3315   1302.75    0.9522    0.1144  4.1006e-15  4.9267e-16  4.3066e-15
1340.3614   1309.47    0.9188    0.1115  3.9524e-15  4.7948e-16  4.3014e-15
1340.3913   1316.19    1.0614    0.1200  4.5599e-15  5.1537e-16  4.2963e-15
1340.4212   1322.91    0.9484    0.1132  4.0698e-15  4.8576e-16  4.2911e-15
1340.4512   1329.62    1.0256    0.1201  4.3956e-15  5.1494e-16  4.2860e-15
1340.4811   1336.34    1.0052    0.1185  4.3033e-15  5.0733e-16  4.2808e-15
1340.5110   1343.06    1.0911    0.1253  4.6654e-15  5.3554e-16  4.2757e-15
1340.5409   1349.78    1.0458    0.1251  4.4661e-15  5.3447e-16  4.2706e-15
1340.5708   1356.50    1.0867    0.1231  4.6353e-15  5.2502e-16  4.2655e-15
1340.6007   1363.22    1.0690    0.1228  4.5545e-15  5.2319e-16  4.2605e-15
1340.6306   1369.94    0.8638    0.1141  3.6758e-15  4.8552e-16  4.2554e-15
1340.6605   1376.66    0.8923    0.1138  3.7927e-15  4.8372e-16  4.2503e-15
1340.6904   1383.38    0.9434    0.1194  4.0048e-15  5.0680e-16  4.2453e-15
1340.7203   1390.10    0.9925    0.1190  4.2085e-15  5.0458e-16  4.2403e-15
1340.7503   1396.81    1.0062    0.1219  4.2615e-15  5.1621e-16  4.2352e-15
1340.7802   1403.53    0.9172    0.1177  3.8799e-15  4.9788e-16  4.2302e-15
1340.8101   1410.25    0.8814    0.1140  3.7239e-15  4.8176e-16  4.2252e-15
1340.8400   1416.97    1.0021    0.1207  4.2293e-15  5.0953e-16  4.2203e-15
1340.8699   1423.69    0.9734    0.1165  4.1031e-15  4.9090e-16  4.2153e-15
1340.8998   1430.41    1.0271    0.1225  4.3243e-15  5.1558e-16  4.2104e-15
1340.9297   1437.13    0.9296    0.1073  3.9092e-15  4.5118e-16  4.2054e-15
1340.9596   1443.85    0.9167    0.0892  3.8507e-15  3.7473e-16  4.2005e-15
1340.9895   1450.57    0.8128    0.0822  3.4100e-15  3.4493e-16  4.1956e-15
1341.0194   1457.29    0.8724    0.0852  3.6560e-15  3.5689e-16  4.1907e-15
1341.0494   1464.01    0.9611    0.0893  4.0230e-15  3.7390e-16  4.1858e-15
1341.0793   1470.72    0.7733    0.0804  3.2330e-15  3.3596e-16  4.1810e-15
1341.1092   1477.44    0.8999    0.0866  3.7580e-15  3.6156e-16  4.1761e-15
1341.1391   1484.16    0.8787    0.0856  3.6653e-15  3.5723e-16  4.1713e-15
1341.1690   1490.88    1.0034    0.0914  4.1806e-15  3.8091e-16  4.1665e-15
1341.1989   1497.60    0.9272    0.0880  3.8586e-15  3.6629e-16  4.1617e-15
1341.2288   1504.32    1.0151    0.0921  4.2197e-15  3.8275e-16  4.1569e-15
1341.2587   1511.04    0.9267    0.0881  3.8477e-15  3.6584e-16  4.1522e-15
1341.2886   1517.76    0.9217    0.0880  3.8227e-15  3.6482e-16  4.1474e-15
1341.3185   1524.48    0.9120    0.0876  3.7782e-15  3.6276e-16  4.1427e-15
1341.3485   1531.20    0.9324    0.0886  3.8583e-15  3.6653e-16  4.1380e-15
1341.3784   1537.92    1.0336    0.0932  4.2723e-15  3.8509e-16  4.1333e-15
1341.4083   1544.63    1.0735    0.0950  4.4319e-15  3.9202e-16  4.1286e-15
1341.4382   1551.35    0.9158    0.0879  3.7768e-15  3.6237e-16  4.1240e-15
1341.4681   1558.07    0.9541    0.0897  3.9305e-15  3.6949e-16  4.1194e-15
1341.4980   1564.79    1.0509    0.0941  4.3242e-15  3.8721e-16  4.1147e-15
1341.5279   1571.51    1.0347    0.0934  4.2528e-15  3.8403e-16  4.1101e-15
1341.5578   1578.23    0.8680    0.0858  3.5637e-15  3.5209e-16  4.1056e-15
1341.5877   1584.95    0.9916    0.0916  4.0667e-15  3.7560e-16  4.1010e-15
1341.6176   1591.67    0.9192    0.0883  3.7656e-15  3.6161e-16  4.0965e-15
1341.6476   1598.39    0.9772    0.0910  3.9986e-15  3.7247e-16  4.0920e-15
1341.6775   1605.11    1.0221    0.0931  4.1777e-15  3.8052e-16  4.0875e-15
1341.7074   1611.82    1.1591    0.0991  4.7325e-15  4.0460e-16  4.0830e-15
1341.7373   1618.54    0.9094    0.0880  3.7089e-15  3.5888e-16  4.0786e-15
1341.7672   1625.26    1.0333    0.0937  4.2097e-15  3.8194e-16  4.0741e-15
1341.7971   1631.98    1.0165    0.0930  4.1368e-15  3.7862e-16  4.0697e-15
1341.8270   1638.70    1.0178    0.0931  4.1376e-15  3.7860e-16  4.0653e-15
1341.8569   1645.42    1.1447    0.0987  4.6486e-15  4.0102e-16  4.0610e-15
1341.8868   1652.14    1.0390    0.0942  4.2147e-15  3.8206e-16  4.0566e-15
1341.9167   1658.86    1.0921    0.0966  4.4254e-15  3.9129e-16  4.0523e-15
1341.9467   1665.58    1.0127    0.0931  4.0994e-15  3.7685e-16  4.0480e-15
1341.9766   1672.30    0.8883    0.0873  3.5920e-15  3.5314e-16  4.0438e-15
1342.0065   1679.02    0.9882    0.0921  3.9920e-15  3.7194e-16  4.0395e-15
1342.0364   1685.73    0.9290    0.0894  3.7486e-15  3.6057e-16  4.0353e-15
1342.0663   1692.45    0.8522    0.0857  3.4354e-15  3.4546e-16  4.0311e-15
1342.0962   1699.17    0.8242    0.0844  3.3190e-15  3.3972e-16  4.0269e-15
1342.1261   1705.89    0.9439    0.0902  3.7969e-15  3.6293e-16  4.0228e-15
1342.1560   1712.61    1.0452    0.0949  4.2003e-15  3.8146e-16  4.0186e-15
1342.1859   1719.33    0.9718    0.0917  3.9014e-15  3.6796e-16  4.0145e-15
1342.2158   1726.05    0.9729    0.0917  3.9016e-15  3.6796e-16  4.0105e-15
1342.2458   1732.77    0.8791    0.0873  3.5219e-15  3.4991e-16  4.0064e-15
1342.2757   1739.49    0.8298    0.0849  3.3213e-15  3.3999e-16  4.0024e-15
1342.3056   1746.21    1.0689    0.0962  4.2738e-15  3.8470e-16  3.9984e-15
1342.3355   1752.92    0.8627    0.0866  3.4458e-15  3.4604e-16  3.9944e-15
1342.3654   1759.64    0.8730    0.0872  3.4837e-15  3.4796e-16  3.9905e-15
1342.3953   1766.36    0.8906    0.0881  3.5505e-15  3.5132e-16  3.9865e-15
1342.4252   1773.08    0.9718    0.0920  3.8702e-15  3.6645e-16  3.9826e-15
1342.4551   1779.80    0.9755    0.0922  3.8812e-15  3.6691e-16  3.9786e-15
1342.4850   1786.52    0.9665    0.0919  3.8414e-15  3.6514e-16  3.9747e-15
1342.5149   1793.24    1.0094    0.0939  4.0081e-15  3.7281e-16  3.9708e-15
1342.5449   1799.96    1.1646    0.1008  4.6200e-15  3.9984e-16  3.9669e-15
1342.5748   1806.68    0.9495    0.0912  3.7630e-15  3.6141e-16  3.9630e-15
1342.6047   1813.40    0.8092    0.0844  3.2035e-15  3.3401e-16  3.9591e-15
1342.6346   1820.12    0.9781    0.0926  3.8685e-15  3.6636e-16  3.9552e-15
1342.6645   1826.83    0.8911    0.0885  3.5211e-15  3.4983e-16  3.9513e-15
1342.6944   1833.55    0.9375    0.0908  3.7007e-15  3.5859e-16  3.9475e-15
1342.7243   1840.27    0.9060    0.0894  3.5729e-15  3.5248e-16  3.9436e-15
1342.7542   1846.99    1.0512    0.0962  4.1416e-15  3.7899e-16  3.9397e-15
1342.7841   1853.71    1.1044    0.0986  4.3468e-15  3.8806e-16  3.9359e-15
1342.8140   1860.43    0.9777    0.0929  3.8444e-15  3.6533e-16  3.9321e-15
1342.8440   1867.15    0.9709    0.0927  3.8138e-15  3.6396e-16  3.9282e-15
1342.8739   1873.87    1.0521    0.0965  4.1290e-15  3.7852e-16  3.9244e-15
1342.9038   1880.59    0.8638    0.0876  3.3867e-15  3.4358e-16  3.9206e-15
1342.9337   1887.31    0.9448    0.0916  3.7007e-15  3.5883e-16  3.9168e-15
1342.9636   1894.02    0.9363    0.0913  3.6639e-15  3.5707e-16  3.9130e-15
1342.9935   1900.74    0.8769    0.0884  3.4278e-15  3.4559e-16  3.9092e-15
1343.0234   1907.46    1.0021    0.0944  3.9137e-15  3.6882e-16  3.9054e-15
1343.0533   1914.18    0.8770    0.0885  3.4219e-15  3.4535e-16  3.9016e-15
1343.0832   1920.90    0.9546    0.0923  3.7208e-15  3.5978e-16  3.8979e-15
1343.1131   1927.62    0.9538    0.0923  3.7140e-15  3.5944e-16  3.8941e-15
1343.1431   1934.34    0.9754    0.0934  3.7948e-15  3.6321e-16  3.8903e-15
1343.1730   1941.06    0.9015    0.0898  3.5036e-15  3.4919e-16  3.8866e-15
1343.2029   1947.78    0.9332    0.0914  3.6236e-15  3.5499e-16  3.8829e-15
1343.2328   1954.50    1.0302    0.0960  3.9963e-15  3.7248e-16  3.8791e-15
1343.2627   1961.22    0.9749    0.0935  3.7781e-15  3.6230e-16  3.8754e-15
1343.2926   1967.93    0.9849    0.0940  3.8134e-15  3.6405e-16  3.8717e-15
1343.3225   1974.65    0.9979    0.0947  3.8599e-15  3.6613e-16  3.8680e-15
1343.3524   1981.37    0.9536    0.0926  3.6849e-15  3.5782e-16  3.8643e-15
1343.3823   1988.09    0.8108    0.0856  3.1300e-15  3.3030e-16  3.8606e-15
1343.4122   1994.81    0.9740    0.0937  3.7568e-15  3.6136e-16  3.8570e-15
1343.4422   2001.53    0.9214    0.0912  3.5505e-15  3.5148e-16  3.8533e-15
1343.4721   2008.25    1.0698    0.0982  4.1184e-15  3.7802e-16  3.8496e-15
1343.5020   2014.97    1.0232    0.0961  3.9354e-15  3.6965e-16  3.8460e-15
1343.5319   2021.69    1.0210    0.0961  3.9232e-15  3.6913e-16  3.8424e-15
1343.5618   2028.41    1.0426    0.0971  4.0022e-15  3.7275e-16  3.8387e-15
1343.5917   2035.12    0.9990    0.0951  3.8315e-15  3.6485e-16  3.8351e-15
1343.6216   2041.84    0.9848    0.0945  3.7731e-15  3.6213e-16  3.8315e-15
1343.6515   2048.56    0.8921    0.0901  3.4149e-15  3.4480e-16  3.8279e-15
1343.6814   2055.28    1.1320    0.1013  4.3292e-15  3.8733e-16  3.8243e-15
1343.7113   2062.00    0.9564    0.0933  3.6542e-15  3.5636e-16  3.8207e-15
1343.7413   2068.72    0.9765    0.0943  3.7273e-15  3.5985e-16  3.8171e-15
1343.7712   2075.44    0.8967    0.0905  3.4198e-15  3.4497e-16  3.8136e-15
1343.8011   2082.16    1.0476    0.0977  3.9915e-15  3.7217e-16  3.8100e-15
1343.8310   2088.88    1.0220    0.0965  3.8902e-15  3.6741e-16  3.8064e-15
1343.8609   2095.60    1.1172    0.1009  4.2485e-15  3.8364e-16  3.8029e-15
1343.8908   2102.32    1.1394    0.1019  4.3292e-15  3.8712e-16  3.7994e-15
1343.9207   2109.03    0.9353    0.0925  3.5504e-15  3.5113e-16  3.7959e-15
1343.9506   2115.75    0.8837    0.0900  3.3513e-15  3.4135e-16  3.7923e-15
1343.9805   2122.47    0.9526    0.0935  3.6093e-15  3.5412e-16  3.7888e-15
1344.0104   2129.19    0.9961    0.0956  3.7706e-15  3.6192e-16  3.7853e-15
1344.0404   2135.91    0.8544    0.0887  3.2313e-15  3.3544e-16  3.7819e-15
1344.0703   2142.63    0.9565    0.0938  3.6140e-15  3.5445e-16  3.7784e-15
1344.1002   2149.35    0.9707    0.0945  3.6642e-15  3.5681e-16  3.7749e-15
1344.1301   2156.07    0.9991    0.0959  3.7680e-15  3.6175e-16  3.7715e-15
1344.1600   2162.79    0.9236    0.0923  3.4801e-15  3.4797e-16  3.7680e-15
1344.1899   2169.51    1.0675    0.0992  4.0187e-15  3.7336e-16  3.7646e-15
1344.2198   2176.23    1.0629    0.0990  3.9979e-15  3.7235e-16  3.7612e-15
1344.2497   2182.94    0.9986    0.0961  3.7526e-15  3.6099e-16  3.7577e-15
1344.2796   2189.66    0.9360    0.0931  3.5142e-15  3.4954e-16  3.7543e-15
1344.3095   2196.38    1.0321    0.0977  3.8714e-15  3.6658e-16  3.7509e-15
1344.3395   2203.10    0.9500    0.0939  3.5603e-15  3.5186e-16  3.7475e-15
1344.3694   2209.82    1.0656    0.0994  3.9899e-15  3.7210e-16  3.7442e-15
1344.3993   2216.54    0.9460    0.0937  3.5389e-15  3.5070e-16  3.7408e-15
1344.4292   2223.26    0.9717    0.0950  3.6315e-15  3.5520e-16  3.7374e-15
1344.4591   2229.98    0.9890    0.0959  3.6929e-15  3.5818e-16  3.7341e-15
1344.4890   2236.70    1.1021    0.1012  4.1115e-15  3.7763e-16  3.7308e-15
1344.5189   2243.42    1.0553    0.0991  3.9334e-15  3.6952e-16  3.7274e-15
1344.5488   2250.13    0.9690    0.0951  3.6088e-15  3.5418e-16  3.7241e-15
1344.5787   2256.85    1.0599    0.0994  3.9436e-15  3.6994e-16  3.7208e-15
1344.6086   2263.57    0.9229    0.0929  3.4309e-15  3.4551e-16  3.7175e-15
1344.6386   2270.29    0.9338    0.0935  3.4684e-15  3.4740e-16  3.7142e-15
1344.6685   2277.01    1.0735    0.1002  3.9837e-15  3.7179e-16  3.7109e-15
1344.6984   2283.73    0.9736    0.0955  3.6098e-15  3.5416e-16  3.7077e-15
1344.7283   2290.45    1.0718    0.1002  3.9705e-15  3.7114e-16  3.7044e-15
1344.7582   2297.17    1.1515    0.1038  4.2618e-15  3.8428e-16  3.7012e-15
1344.7881   2303.89    1.0195    0.0978  3.7700e-15  3.6180e-16  3.6979e-15
1344.8180   2310.61    0.8557    0.1020  3.1615e-15  3.7699e-16  3.6947e-15
1344.8479   2317.33    0.9726    0.1286  3.5902e-15  4.7478e-16  3.6915e-15
1344.8778   2324.04    0.8298    0.1209  3.0606e-15  4.4603e-16  3.6883e-15
1344.9077   2330.76    0.9252    0.1266  3.4095e-15  4.6646e-16  3.6851e-15
1344.9377   2337.48    0.9378    0.1310  3.4529e-15  4.8250e-16  3.6819e-15
1344.9676   2344.20    0.8960    0.1254  3.2961e-15  4.6133e-16  3.6788e-15
1344.9975   2350.92    0.9733    0.1307  3.5774e-15  4.8038e-16  3.6756e-15
1345.0274   2357.64    1.0358    0.1326  3.8040e-15  4.8688e-16  3.6725e-15
1345.0573   2364.36    0.9520    0.1301  3.4933e-15  4.7751e-16  3.6693e-15
1345.0872   2371.08    0.8665    0.1246  3.1767e-15  4.5677e-16  3.6662e-15
1345.1171   2377.80    0.9548    0.1292  3.4976e-15  4.7321e-16  3.6631e-15
1345.1470   2384.52    0.8567    0.1261  3.1354e-15  4.6138e-16  3.6600e-15
1345.1769   2391.23    0.9457    0.1290  3.4584e-15  4.7174e-16  3.6569e-15
