# Wave  Vhel  NormFlux  NormErr      Flux        Error       Continuum
1244.4401  -2239.22    1.0294    0.1009  2.7048e-15  2.6508e-16  2.6276e-15
1244.4700  -2232.07    0.9102    0.0950  2.3917e-15  2.4961e-16  2.6277e-15
1244.4999  -2224.91    0.8601    0.0924  2.2603e-15  2.4276e-16  2.6278e-15
1244.5298  -2217.76    0.9616    0.0976  2.5269e-15  2.5641e-16  2.6279e-15
1244.5597  -2210.61    1.0828    0.1034  2.8455e-15  2.7182e-16  2.6280e-15
1244.5896  -2203.46    0.9916    0.0990  2.6061e-15  2.6031e-16  2.6281e-15
1244.6195  -2196.31    0.9564    0.0973  2.5137e-15  2.5563e-16  2.6282e-15
1244.6494  -2189.16    0.9557    0.0972  2.5119e-15  2.5555e-16  2.6283e-15
1244.6793  -2182.00    1.1654    0.1072  3.0633e-15  2.8173e-16  2.6284e-15
1244.7092  -2174.85    1.0711    0.1028  2.8154e-15  2.7033e-16  2.6286e-15
1244.7392  -2167.70    0.9088    0.0949  2.3889e-15  2.4941e-16  2.6287e-15
1244.7691  -2160.55    0.9048    0.0947  2.3784e-15  2.4888e-16  2.6288e-15
1244.7990  -2153.40    0.7358    0.0856  1.9343e-15  2.2498e-16  2.6289e-15
1244.8289  -2146.25    0.9426    0.0966  2.4780e-15  2.5386e-16  2.6290e-15
1244.8588  -2139.09    1.0979    0.1041  2.8865e-15  2.7359e-16  2.6291e-15
1244.8887  -2131.94    1.0845    0.1034  2.8513e-15  2.7196e-16  2.6292e-15
1244.9186  -2124.79    0.9521    0.0971  2.5035e-15  2.5518e-16  2.6293e-15
1244.9485  -2117.64    1.0002    0.0994  2.6300e-15  2.6139e-16  2.6294e-15
1244.9784  -2110.49    1.0721    0.1028  2.8191e-15  2.7040e-16  2.6295e-15
1245.0083  -2103.34    0.9824    0.0985  2.5833e-15  2.5914e-16  2.6297e-15
1245.0383  -2096.18    1.0691    0.1027  2.8115e-15  2.7016e-16  2.6298e-15
1245.0682  -2089.03    1.0766    0.1031  2.8312e-15  2.7111e-16  2.6299e-15
1245.0981  -2081.88    0.9179    0.0954  2.4142e-15  2.5086e-16  2.6300e-15
1245.1280  -2074.73    1.0321    0.1010  2.7146e-15  2.6555e-16  2.6301e-15
1245.1579  -2067.58    1.0552    0.1021  2.7755e-15  2.6849e-16  2.6303e-15
1245.1878  -2060.43    1.0241    0.1006  2.6938e-15  2.6459e-16  2.6304e-15
1245.2177  -2053.27    1.1112    0.1047  2.9230e-15  2.7531e-16  2.6305e-15
1245.2476  -2046.12    1.0195    0.1003  2.6818e-15  2.6388e-16  2.6306e-15
1245.2775  -2038.97    1.0381    0.1012  2.7311e-15  2.6630e-16  2.6307e-15
1245.3074  -2031.82    1.0533    0.1020  2.7712e-15  2.6824e-16  2.6309e-15
1245.3374  -2024.67    0.9409    0.0965  2.4755e-15  2.5394e-16  2.6310e-15
1245.3673  -2017.52    0.9602    0.0975  2.5264e-15  2.5650e-16  2.6311e-15
1245.3972  -2010.36    0.9430    0.0966  2.4811e-15  2.5421e-16  2.6312e-15
1245.4271  -2003.21    0.9856    0.0987  2.5936e-15  2.5981e-16  2.6314e-15
1245.4570  -1996.06    1.0674    0.1026  2.8089e-15  2.7007e-16  2.6315e-15
1245.4869  -1988.91    1.0222    0.1005  2.6901e-15  2.6437e-16  2.6316e-15
1245.5168  -1981.76    1.0173    0.1002  2.6774e-15  2.6373e-16  2.6318e-15
1245.5467  -1974.61    0.8278    0.0906  2.1787e-15  2.3846e-16  2.6319e-15
1245.5766  -1967.45    0.7965    0.0890  2.0965e-15  2.3414e-16  2.6320e-15
1245.6065  -1960.30    0.9672    0.0978  2.5459e-15  2.5737e-16  2.6322e-15
1245.6365  -1953.15    1.0607    0.1023  2.7922e-15  2.6927e-16  2.6323e-15
1245.6664  -1946.00    0.8709    0.0929  2.2925e-15  2.4450e-16  2.6324e-15
1245.6963  -1938.85    0.9613    0.0974  2.5306e-15  2.5651e-16  2.6326e-15
1245.7262  -1931.70    1.0424    0.1014  2.7443e-15  2.6694e-16  2.6327e-15
1245.7561  -1924.54    0.8926    0.0940  2.3501e-15  2.4746e-16  2.6328e-15
1245.7860  -1917.39    1.2032    0.1087  3.1680e-15  2.8633e-16  2.6330e-15
1245.8159  -1910.24    1.0560    0.1020  2.7807e-15  2.6856e-16  2.6331e-15
1245.8458  -1903.09    0.9599    0.0973  2.5278e-15  2.5633e-16  2.6333e-15
1245.8757  -1895.94    0.9122    0.0949  2.4021e-15  2.4998e-16  2.6334e-15
1245.9056  -1888.79    1.0631    0.1023  2.7996e-15  2.6947e-16  2.6335e-15
1245.9356  -1881.63    0.9988    0.0992  2.6305e-15  2.6134e-16  2.6337e-15
1245.9655  -1874.48    1.0685    0.1026  2.8144e-15  2.7017e-16  2.6338e-15
1245.9954  -1867.33    0.9357    0.0961  2.4645e-15  2.5319e-16  2.6340e-15
1246.0253  -1860.18    0.8854    0.0936  2.3323e-15  2.4645e-16  2.6341e-15
1246.0552  -1853.03    0.8814    0.0934  2.3219e-15  2.4593e-16  2.6343e-15
1246.0851  -1845.88    1.0072    0.0996  2.6533e-15  2.6249e-16  2.6344e-15
1246.1150  -1838.72    0.7831    0.0881  2.0632e-15  2.3211e-16  2.6346e-15
1246.1449  -1831.57    0.9895    0.0988  2.6070e-15  2.6018e-16  2.6347e-15
1246.1748  -1824.42    1.0656    0.1024  2.8077e-15  2.6983e-16  2.6349e-15
1246.2047  -1817.27    1.0439    0.1014  2.7507e-15  2.6710e-16  2.6350e-15
1246.2347  -1810.12    1.1773    0.1075  3.1023e-15  2.8334e-16  2.6352e-15
1246.2646  -1802.97    1.0791    0.1030  2.8438e-15  2.7148e-16  2.6353e-15
1246.2945  -1795.81    1.0006    0.0993  2.6370e-15  2.6170e-16  2.6355e-15
1246.3244  -1788.66    1.0636    0.1023  2.8034e-15  2.6958e-16  2.6356e-15
1246.3543  -1781.51    0.8721    0.0928  2.2988e-15  2.4465e-16  2.6358e-15
1246.3842  -1774.36    0.8938    0.0939  2.3560e-15  2.4757e-16  2.6359e-15
1246.4141  -1767.21    0.9157    0.0950  2.4140e-15  2.5050e-16  2.6361e-15
1246.4440  -1760.06    0.9017    0.0943  2.3770e-15  2.4856e-16  2.6363e-15
1246.4739  -1752.90    0.8044    0.0892  2.1206e-15  2.3512e-16  2.6364e-15
1246.5038  -1745.75    1.0380    0.1010  2.7368e-15  2.6632e-16  2.6366e-15
1246.5338  -1738.60    0.9889    0.0987  2.6074e-15  2.6013e-16  2.6367e-15
1246.5637  -1731.45    0.9933    0.0988  2.6192e-15  2.6062e-16  2.6369e-15
1246.5936  -1724.30    1.1151    0.1046  2.9407e-15  2.7576e-16  2.6370e-15
1246.6235  -1717.15    0.9620    0.0973  2.5371e-15  2.5653e-16  2.6372e-15
1246.6534  -1709.99    0.9188    0.0951  2.4231e-15  2.5085e-16  2.6374e-15
1246.6833  -1702.84    1.0857    0.1032  2.8635e-15  2.7224e-16  2.6375e-15
1246.7132  -1695.69    0.8103    0.0895  2.1372e-15  2.3600e-16  2.6377e-15
1246.7431  -1688.54    1.0163    0.0999  2.6808e-15  2.6355e-16  2.6379e-15
1246.7730  -1681.39    0.9395    0.0961  2.4784e-15  2.5361e-16  2.6380e-15
1246.8029  -1674.24    0.7908    0.0884  2.0862e-15  2.3315e-16  2.6382e-15
1246.8329  -1667.08    1.0042    0.0993  2.6495e-15  2.6195e-16  2.6384e-15
1246.8628  -1659.93    0.9457    0.0964  2.4952e-15  2.5443e-16  2.6385e-15
1246.8927  -1652.78    1.0563    0.1018  2.7873e-15  2.6854e-16  2.6387e-15
1246.9226  -1645.63    0.9778    0.0980  2.5803e-15  2.5867e-16  2.6389e-15
1246.9525  -1638.48    1.0554    0.1017  2.7854e-15  2.6850e-16  2.6390e-15
1246.9824  -1631.33    1.0511    0.1015  2.7740e-15  2.6798e-16  2.6392e-15
1247.0123  -1624.17    0.8524    0.0916  2.2498e-15  2.4185e-16  2.6394e-15
1247.0422  -1617.02    1.1227    0.1048  2.9633e-15  2.7674e-16  2.6396e-15
1247.0721  -1609.87    0.9616    0.0972  2.5383e-15  2.5653e-16  2.6397e-15
1247.1020  -1602.72    1.0258    0.1003  2.7080e-15  2.6480e-16  2.6399e-15
1247.1320  -1595.57    1.0679    0.1023  2.8193e-15  2.7013e-16  2.6401e-15
1247.1619  -1588.42    0.9255    0.0954  2.4435e-15  2.5182e-16  2.6403e-15
1247.1918  -1581.26    1.0803    0.1029  2.8525e-15  2.7161e-16  2.6404e-15
1247.2217  -1574.11    1.1270    0.1050  2.9761e-15  2.7727e-16  2.6406e-15
1247.2516  -1566.96    0.9507    0.0966  2.5107e-15  2.5511e-16  2.6408e-15
1247.2815  -1559.81    1.1967    0.1081  3.1605e-15  2.8556e-16  2.6410e-15
1247.3114  -1552.66    0.9904    0.0985  2.6158e-15  2.6023e-16  2.6411e-15
1247.3413  -1545.51    0.9199    0.0950  2.4296e-15  2.5103e-16  2.6413e-15
1247.3712  -1538.35    0.8948    0.0937  2.3637e-15  2.4758e-16  2.6415e-15
1247.4011  -1531.20    1.0362    0.1108  2.7374e-15  2.9265e-16  2.6417e-15
1247.4311  -1524.05    1.0856    0.1270  2.8680e-15  3.3550e-16  2.6419e-15
1247.4610  -1516.90    1.0954    0.1357  2.8942e-15  3.5860e-16  2.6420e-15
1247.4909  -1509.75    1.0320    0.1345  2.7268e-15  3.5541e-16  2.6422e-15
1247.5208  -1502.60    1.2144    0.1451  3.2088e-15  3.8353e-16  2.6424e-15
1247.5507  -1495.44    1.0581    0.1332  2.7960e-15  3.5211e-16  2.6426e-15
1247.5806  -1488.29    0.9406    0.1295  2.4857e-15  3.4221e-16  2.6428e-15
1247.6105  -1481.14    1.0387    0.1341  2.7453e-15  3.5440e-16  2.6430e-15
1247.6404  -1473.99    1.1984    0.1412  3.1676e-15  3.7323e-16  2.6432e-15
1247.6703  -1466.84    1.0166    0.1358  2.6871e-15  3.5893e-16  2.6433e-15
1247.7002  -1459.69    0.9298    0.1283  2.4578e-15  3.3924e-16  2.6435e-15
1247.7302  -1452.53    1.0122    0.1330  2.6760e-15  3.5162e-16  2.6437e-15
1247.7601  -1445.38    0.9996    0.1294  2.6429e-15  3.4223e-16  2.6439e-15
1247.7900  -1438.23    1.0004    0.1301  2.6451e-15  3.4392e-16  2.6441e-15
1247.8199  -1431.08    1.0320    0.1375  2.7290e-15  3.6356e-16  2.6443e-15
1247.8498  -1423.93    0.9446    0.1293  2.4979e-15  3.4181e-16  2.6445e-15
1247.8797  -1416.78    1.1068    0.1368  2.9272e-15  3.6171e-16  2.6447e-15
1247.9096  -1409.62    0.9290    0.1285  2.4571e-15  3.3993e-16  2.6449e-15
1247.9395  -1402.47    1.1077    0.1182  2.9299e-15  3.1275e-16  2.6451e-15
1247.9694  -1395.32    1.0575    0.1068  2.7973e-15  2.8252e-16  2.6453e-15
1247.9993  -1388.17    0.8314    0.0903  2.1993e-15  2.3901e-16  2.6454e-15
1248.0293  -1381.02    1.0001    0.0989  2.6459e-15  2.6161e-16  2.6456e-15
1248.0592  -1373.87    0.9813    0.0980  2.5962e-15  2.5917e-16  2.6458e-15
1248.0891  -1366.71    0.8546    0.0915  2.2612e-15  2.4220e-16  2.6460e-15
1248.1190  -1359.56    0.8912    0.0934  2.3584e-15  2.4721e-16  2.6462e-15
1248.1489  -1352.41    0.8156    0.0894  2.1583e-15  2.3670e-16  2.6464e-15
1248.1788  -1345.26    0.8912    0.0934  2.3587e-15  2.4713e-16  2.6466e-15
1248.2087  -1338.11    1.0047    0.0990  2.6593e-15  2.6208e-16  2.6468e-15
1248.2386  -1330.96    0.9909    0.0984  2.6228e-15  2.6034e-16  2.6470e-15
1248.2685  -1323.80    1.0790    0.1025  2.8563e-15  2.7146e-16  2.6472e-15
1248.2984  -1316.65    1.1569    0.1061  3.0627e-15  2.8093e-16  2.6474e-15
1248.3284  -1309.50    1.0495    0.1012  2.7787e-15  2.6781e-16  2.6476e-15
1248.3583  -1302.35    1.0449    0.1009  2.7667e-15  2.6723e-16  2.6478e-15
1248.3882  -1295.20    0.9392    0.0958  2.4871e-15  2.5360e-16  2.6480e-15
1248.4181  -1288.05    0.9876    0.0982  2.6154e-15  2.6000e-16  2.6482e-15
1248.4480  -1280.89    0.9431    0.0960  2.4978e-15  2.5418e-16  2.6484e-15
1248.4779  -1273.74    0.9815    0.0979  2.5998e-15  2.5918e-16  2.6487e-15
1248.5078  -1266.59    0.9744    0.0975  2.5811e-15  2.5826e-16  2.6489e-15
1248.5377  -1259.44    1.0383    0.1006  2.7506e-15  2.6639e-16  2.6491e-15
1248.5676  -1252.29    0.9676    0.0971  2.5634e-15  2.5731e-16  2.6493e-15
1248.5975  -1245.14    0.8873    0.0931  2.3509e-15  2.4663e-16  2.6495e-15
1248.6275  -1237.98    1.0415    0.1007  2.7596e-15  2.6674e-16  2.6497e-15
1248.6574  -1230.83    1.0872    0.1028  2.8810e-15  2.7244e-16  2.6499e-15
1248.6873  -1223.68    0.9939    0.0984  2.6341e-15  2.6068e-16  2.6501e-15
1248.7172  -1216.53    0.9905    0.0982  2.6252e-15  2.6019e-16  2.6503e-15
1248.7471  -1209.38    1.0751    0.1022  2.8497e-15  2.7083e-16  2.6505e-15
1248.7770  -1202.23    0.9003    0.0936  2.3863e-15  2.4821e-16  2.6507e-15
1248.8069  -1195.07    0.7988    0.0883  2.1175e-15  2.3416e-16  2.6509e-15
1248.8368  -1187.92    1.0174    0.0994  2.6972e-15  2.6356e-16  2.6512e-15
1248.8667  -1180.77    0.9176    0.0945  2.4330e-15  2.5060e-16  2.6514e-15
1248.8966  -1173.62    0.9978    0.0985  2.6459e-15  2.6112e-16  2.6516e-15
1248.9266  -1166.47    0.8967    0.0934  2.3779e-15  2.4779e-16  2.6518e-15
1248.9565  -1159.32    0.9639    0.0968  2.5563e-15  2.5672e-16  2.6520e-15
1248.9864  -1152.16    1.0046    0.0988  2.6645e-15  2.6196e-16  2.6522e-15
1249.0163  -1145.01    0.9673    0.0970  2.5656e-15  2.5719e-16  2.6524e-15
1249.0462  -1137.86    1.1168    0.1041  2.9624e-15  2.7606e-16  2.6527e-15
1249.0761  -1130.71    1.0101    0.0991  2.6796e-15  2.6280e-16  2.6529e-15
1249.1060  -1123.56    0.9809    0.0977  2.6025e-15  2.5909e-16  2.6531e-15
1249.1359  -1116.41    0.8851    0.0929  2.3485e-15  2.4641e-16  2.6533e-15
1249.1658  -1109.25    0.8599    0.0915  2.2818e-15  2.4291e-16  2.6535e-15
1249.1957  -1102.10    1.0655    0.1017  2.8277e-15  2.6979e-16  2.6537e-15
1249.2257  -1094.95    1.0224    0.0996  2.7133e-15  2.6437e-16  2.6540e-15
1249.2556  -1087.80    1.0135    0.0992  2.6901e-15  2.6325e-16  2.6542e-15
1249.2855  -1080.65    1.1284    0.1045  2.9953e-15  2.7742e-16  2.6544e-15
1249.3154  -1073.50    0.9513    0.0961  2.5253e-15  2.5515e-16  2.6546e-15
1249.3453  -1066.34    0.9869    0.0979  2.6202e-15  2.5981e-16  2.6548e-15
1249.3752  -1059.19    0.9402    0.0956  2.4964e-15  2.5370e-16  2.6551e-15
1249.4051  -1052.04    0.9793    0.0975  2.6003e-15  2.5882e-16  2.6553e-15
1249.4350  -1044.89    1.0777    0.1021  2.8618e-15  2.7120e-16  2.6555e-15
1249.4649  -1037.74    0.8608    0.0915  2.2861e-15  2.4289e-16  2.6557e-15
1249.4948  -1030.59    0.9122    0.0941  2.4228e-15  2.4990e-16  2.6559e-15
1249.5248  -1023.43    0.8505    0.0909  2.2592e-15  2.4147e-16  2.6562e-15
1249.5547  -1016.28    0.9961    0.0982  2.6460e-15  2.6093e-16  2.6564e-15
1249.5846  -1009.13    0.9535    0.0962  2.5332e-15  2.5545e-16  2.6566e-15
1249.6145  -1001.98    0.9178    0.0944  2.4385e-15  2.5069e-16  2.6568e-15
1249.6444   -994.83    1.0729    0.1019  2.8509e-15  2.7066e-16  2.6571e-15
1249.6743   -987.68    0.9971    0.0982  2.6496e-15  2.6104e-16  2.6573e-15
1249.7042   -980.52    1.0127    0.0990  2.6912e-15  2.6302e-16  2.6575e-15
1249.7341   -973.37    0.9775    0.0973  2.5978e-15  2.5848e-16  2.6578e-15
1249.7640   -966.22    1.0491    0.1007  2.7886e-15  2.6760e-16  2.6580e-15
1249.7939   -959.07    0.9226    0.0945  2.4524e-15  2.5120e-16  2.6582e-15
1249.8239   -951.92    0.9296    0.0948  2.4714e-15  2.5214e-16  2.6585e-15
1249.8538   -944.77    1.0142    0.0990  2.6965e-15  2.6316e-16  2.6588e-15
1249.8837   -937.61    1.0277    0.0996  2.7328e-15  2.6488e-16  2.6591e-15
1249.9136   -930.46    1.0676    0.1015  2.8393e-15  2.6990e-16  2.6594e-15
1249.9435   -923.31    0.8397    0.0902  2.2334e-15  2.3989e-16  2.6597e-15
1249.9734   -916.16    0.9726    0.0970  2.5871e-15  2.5796e-16  2.6600e-15
1250.0033   -909.01    1.0817    0.1021  2.8777e-15  2.7174e-16  2.6604e-15
1250.0332   -901.86    0.8676    0.0916  2.3086e-15  2.4383e-16  2.6607e-15
1250.0631   -894.70    0.9802    0.0973  2.6085e-15  2.5893e-16  2.6611e-15
1250.0930   -887.55    1.1192    0.1038  2.9787e-15  2.7633e-16  2.6615e-15
1250.1230   -880.40    0.9566    0.0961  2.5464e-15  2.5584e-16  2.6619e-15
1250.1529   -873.25    0.9376    0.0952  2.4960e-15  2.5335e-16  2.6623e-15
1250.1828   -866.10    0.8364    0.0900  2.2271e-15  2.3960e-16  2.6627e-15
1250.2127   -858.95    0.9112    0.0938  2.4267e-15  2.4986e-16  2.6632e-15
1250.2426   -851.79    0.9654    0.0965  2.5714e-15  2.5702e-16  2.6636e-15
1250.2725   -844.64    0.8528    0.0908  2.2720e-15  2.4189e-16  2.6641e-15
1250.3024   -837.49    0.9252    0.0945  2.4651e-15  2.5173e-16  2.6645e-15
1250.3323   -830.34    1.0289    0.0995  2.7421e-15  2.6519e-16  2.6650e-15
1250.3622   -823.19    0.6515    0.0796  1.7366e-15  2.1207e-16  2.6655e-15
1250.3921   -816.04    0.7664    0.0861  2.0432e-15  2.2956e-16  2.6660e-15
1250.4221   -808.88    0.6650    0.0803  1.7732e-15  2.1417e-16  2.6666e-15
1250.4520   -801.73    0.6939    0.0820  1.8507e-15  2.1875e-16  2.6671e-15
1250.4819   -794.58    0.6391    0.0788  1.7048e-15  2.1021e-16  2.6676e-15
1250.5118   -787.43    0.5966    0.0762  1.5918e-15  2.0339e-16  2.6682e-15
1250.5417   -780.28    0.6748    0.0809  1.8009e-15  2.1599e-16  2.6688e-15
1250.5716   -773.13    0.8591    0.0910  2.2933e-15  2.4304e-16  2.6694e-15
1250.6015   -765.97    0.9656    0.0964  2.5780e-15  2.5734e-16  2.6700e-15
1250.6314   -758.82    0.9248    0.0944  2.4698e-15  2.5200e-16  2.6706e-15
1250.6613   -751.67    0.9443    0.0953  2.5225e-15  2.5453e-16  2.6712e-15
1250.6912   -744.52    0.8063    0.0882  2.1542e-15  2.3573e-16  2.6718e-15
1250.7212   -737.37    0.8196    0.0890  2.1904e-15  2.3772e-16  2.6725e-15
1250.7511   -730.22    0.9046    0.0933  2.4181e-15  2.4951e-16  2.6731e-15
1250.7810   -723.06    0.9922    0.0976  2.6529e-15  2.6105e-16  2.6738e-15
1250.8109   -715.91    1.0071    0.0984  2.6934e-15  2.6306e-16  2.6745e-15
1250.8408   -708.76    0.9711    0.0966  2.5978e-15  2.5846e-16  2.6752e-15
1250.8707   -701.61    1.1310    0.1041  3.0266e-15  2.7854e-16  2.6759e-15
1250.9006   -694.46    1.0136    0.0986  2.7130e-15  2.6401e-16  2.6766e-15
1250.9305   -687.31    0.7401    0.0846  1.9816e-15  2.2641e-16  2.6773e-15
1250.9604   -680.15    0.8859    0.0923  2.3726e-15  2.4714e-16  2.6781e-15
1250.9903   -673.00    0.9377    0.0948  2.5118e-15  2.5408e-16  2.6788e-15
1251.0203   -665.85    0.7651    0.0859  2.0502e-15  2.3016e-16  2.6796e-15
1251.0502   -658.70    0.9527    0.0956  2.5536e-15  2.5621e-16  2.6804e-15
1251.0801   -651.55    0.8645    0.0911  2.3178e-15  2.4427e-16  2.6812e-15
1251.1100   -644.40    0.8983    0.0928  2.4093e-15  2.4892e-16  2.6820e-15
1251.1399   -637.24    0.9574    0.0957  2.5685e-15  2.5683e-16  2.6828e-15
1251.1698   -630.09    1.1885    0.1064  3.1893e-15  2.8565e-16  2.6836e-15
1251.1997   -622.94    1.0885    0.1019  2.9219e-15  2.7364e-16  2.6844e-15
1251.2296   -615.79    1.1328    0.1039  3.0419e-15  2.7912e-16  2.6852e-15
1251.2595   -608.64    0.9197    0.0939  2.4704e-15  2.5211e-16  2.6861e-15
1251.2894   -601.49    1.1069    0.1028  2.9741e-15  2.7609e-16  2.6870e-15
1251.3194   -594.33    0.8651    0.0910  2.3252e-15  2.4470e-16  2.6878e-15
1251.3493   -587.18    1.2983    0.1111  3.4909e-15  2.9870e-16  2.6887e-15
1251.3792   -580.03    1.0191    0.0986  2.7409e-15  2.6517e-16  2.6896e-15
1251.4091   -572.88    1.2129    0.1074  3.2634e-15  2.8887e-16  2.6905e-15
1251.4390   -565.73    1.0900    0.1018  2.9337e-15  2.7410e-16  2.6914e-15
1251.4689   -558.58    0.9315    0.0943  2.5079e-15  2.5376e-16  2.6924e-15
1251.4988   -551.42    1.2474    0.1088  3.3596e-15  2.9294e-16  2.6933e-15
1251.5287   -544.27    1.1062    0.1025  2.9803e-15  2.7615e-16  2.6943e-15
1251.5586   -537.12    1.1764    0.1056  3.1708e-15  2.8460e-16  2.6952e-15
1251.5885   -529.97    0.9876    0.0969  2.6627e-15  2.6124e-16  2.6962e-15
1251.6185   -522.82    1.0278    0.0988  2.7722e-15  2.6643e-16  2.6972e-15
1251.6484   -515.67    1.0243    0.0986  2.7636e-15  2.6604e-16  2.6981e-15
1251.6783   -508.51    0.9722    0.0961  2.6241e-15  2.5938e-16  2.6991e-15
1251.7082   -501.36    1.1086    0.1025  2.9933e-15  2.7667e-16  2.7002e-15
1251.7381   -494.21    1.0255    0.0986  2.7700e-15  2.6634e-16  2.7012e-15
1251.7680   -487.06    0.8695    0.0909  2.3495e-15  2.4569e-16  2.7022e-15
1251.7979   -479.91    1.0016    0.0974  2.7076e-15  2.6343e-16  2.7032e-15
1251.8278   -472.76    1.1795    0.1056  3.1897e-15  2.8560e-16  2.7043e-15
1251.8577   -465.60    0.9654    0.0957  2.6117e-15  2.5886e-16  2.7054e-15
1251.8876   -458.45    1.0348    0.0990  2.8007e-15  2.6785e-16  2.7064e-15
1251.9176   -451.30    0.9326    0.0940  2.5249e-15  2.5457e-16  2.7075e-15
1251.9475   -444.15    0.9702    0.0958  2.6280e-15  2.5961e-16  2.7086e-15
1251.9774   -437.00    1.0493    0.1127  2.8433e-15  3.0531e-16  2.7097e-15
1252.0073   -429.85    1.0347    0.1333  2.8049e-15  3.6142e-16  2.7108e-15
1252.0372   -422.69    1.2949    0.1474  3.5117e-15  3.9980e-16  2.7119e-15
1252.0671   -415.54    1.0589    0.1373  2.8727e-15  3.7238e-16  2.7130e-15
1252.0970   -408.39    0.9999    0.1330  2.7138e-15  3.6112e-16  2.7142e-15
1252.1269   -401.24    1.1874    0.1409  3.2241e-15  3.8258e-16  2.7153e-15
1252.1568   -394.09    0.9692    0.1319  2.6327e-15  3.5842e-16  2.7165e-15
1252.1867   -386.94    0.9691    0.1265  2.6337e-15  3.4386e-16  2.7176e-15
1252.2167   -379.78    0.9734    0.1275  2.6465e-15  3.4654e-16  2.7188e-15
1252.2466   -372.63    1.0880    0.1335  2.9595e-15  3.6301e-16  2.7200e-15
1252.2765   -365.48    0.8799    0.1224  2.3943e-15  3.3319e-16  2.7212e-15
1252.3064   -358.33    1.1271    0.1382  3.0683e-15  3.7631e-16  2.7224e-15
1252.3363   -351.18    1.0747    0.1362  2.9270e-15  3.7090e-16  2.7236e-15
1252.3662   -344.03    0.8593    0.1218  2.3413e-15  3.3184e-16  2.7248e-15
1252.3961   -336.87    0.9409    0.1293  2.5649e-15  3.5259e-16  2.7260e-15
1252.4260   -329.72    0.9492    0.1268  2.5887e-15  3.4594e-16  2.7273e-15
1252.4559   -322.57    0.9886    0.1255  2.6973e-15  3.4241e-16  2.7285e-15
1252.4858   -315.42    0.8731    0.1204  2.3834e-15  3.2867e-16  2.7298e-15
1252.5158   -308.27    0.9700    0.1160  2.6491e-15  3.1673e-16  2.7310e-15
1252.5457   -301.12    0.8914    0.0970  2.4354e-15  2.6491e-16  2.7323e-15
1252.5756   -293.96    1.0507    0.0992  2.8721e-15  2.7115e-16  2.7336e-15
1252.6055   -286.81    0.9007    0.0919  2.4633e-15  2.5145e-16  2.7349e-15
1252.6354   -279.66    1.0121    0.0973  2.7693e-15  2.6629e-16  2.7362e-15
1252.6653   -272.51    0.8295    0.0883  2.2707e-15  2.4165e-16  2.7375e-15
1252.6952   -265.36    1.0075    0.0971  2.7593e-15  2.6580e-16  2.7388e-15
1252.7251   -258.21    0.8857    0.0911  2.4270e-15  2.4957e-16  2.7401e-15
1252.7550   -251.05    0.9271    0.0931  2.5415e-15  2.5532e-16  2.7414e-15
1252.7849   -243.90    0.9190    0.0927  2.5205e-15  2.5434e-16  2.7428e-15
1252.8149   -236.75    1.0196    0.0975  2.7980e-15  2.6759e-16  2.7441e-15
1252.8448   -229.60    0.9957    0.0964  2.7337e-15  2.6452e-16  2.7455e-15
1252.8747   -222.45    1.0355    0.0982  2.8442e-15  2.6975e-16  2.7468e-15
1252.9046   -215.30    0.9779    0.0955  2.6873e-15  2.6236e-16  2.7482e-15
1252.9345   -208.14    1.0274    0.0978  2.8250e-15  2.6889e-16  2.7496e-15
1252.9644   -200.99    0.9216    0.0927  2.5353e-15  2.5504e-16  2.7509e-15
1252.9943   -193.84    1.0070    0.0968  2.7716e-15  2.6641e-16  2.7523e-15
1253.0242   -186.69    1.1473    0.1031  3.1594e-15  2.8400e-16  2.7537e-15
1253.0541   -179.54    0.9817    0.0955  2.7046e-15  2.6319e-16  2.7551e-15
1253.0840   -172.39    0.9759    0.0952  2.6901e-15  2.6252e-16  2.7566e-15
1253.1140   -165.23    0.8997    0.0915  2.4813e-15  2.5235e-16  2.7580e-15
1253.1439   -158.08    0.9612    0.0945  2.6523e-15  2.6068e-16  2.7594e-15
1253.1738   -150.93    1.1206    0.1018  3.0938e-15  2.8112e-16  2.7608e-15
1253.2037   -143.78    1.0274    0.0975  2.8379e-15  2.6942e-16  2.7623e-15
1253.2336   -136.63    0.9809    0.0953  2.7109e-15  2.6340e-16  2.7637e-15
1253.2635   -129.48    1.0681    0.0993  2.9534e-15  2.7469e-16  2.7652e-15
1253.2934   -122.32    1.0584    0.0989  2.9283e-15  2.7353e-16  2.7667e-15
1253.3233   -115.17    1.0667    0.0992  2.9529e-15  2.7464e-16  2.7681e-15
1253.3532   -108.02    0.9486    0.0936  2.6273e-15  2.5923e-16  2.7696e-15
1253.3831   -100.87    0.9584    0.0941  2.6559e-15  2.6071e-16  2.7711e-15
1253.4131    -93.72    0.8632    0.0893  2.3933e-15  2.4767e-16  2.7726e-15
1253.4430    -86.57    0.8167    0.0869  2.2655e-15  2.4109e-16  2.7741e-15
1253.4729    -79.41    0.9322    0.0927  2.5875e-15  2.5730e-16  2.7756e-15
1253.5028    -72.26    0.8509    0.0886  2.3629e-15  2.4609e-16  2.7771e-15
1253.5327    -65.11    0.8733    0.0897  2.4264e-15  2.4930e-16  2.7786e-15
1253.5626    -57.96    0.5957    0.0745  1.6561e-15  2.0703e-16  2.7802e-15
1253.5925    -50.81    0.7310    0.0822  2.0333e-15  2.2877e-16  2.7817e-15
1253.6224    -43.66    0.6233    0.0761  1.7348e-15  2.1183e-16  2.7832e-15
1253.6523    -36.50    0.5409    0.0710  1.5063e-15  1.9784e-16  2.7848e-15
1253.6822    -29.35    0.5099    0.0690  1.4208e-15  1.9234e-16  2.7863e-15
1253.7122    -22.20    0.5570    0.0720  1.5528e-15  2.0070e-16  2.7879e-15
1253.7421    -15.05    0.7529    0.0833  2.1003e-15  2.3240e-16  2.7895e-15
1253.7720     -7.90    0.7392    0.0825  2.0632e-15  2.3032e-16  2.7910e-15
1253.8019     -0.75    0.9099    0.0913  2.5410e-15  2.5496e-16  2.7926e-15
1253.8318      6.41    0.7616    0.0837  2.1279e-15  2.3375e-16  2.7942e-15
1253.8617     13.56    0.8512    0.0883  2.3798e-15  2.4686e-16  2.7958e-15
1253.8916     20.71    0.9824    0.0947  2.7480e-15  2.6485e-16  2.7974e-15
1253.9215     27.86    0.9975    0.0953  2.7920e-15  2.6686e-16  2.7990e-15
1253.9514     35.01    1.0418    0.0974  2.9177e-15  2.7269e-16  2.8006e-15
1253.9813     42.16    0.9177    0.0915  2.5716e-15  2.5628e-16  2.8022e-15
1254.0113     49.32    0.9403    0.0925  2.6364e-15  2.5944e-16  2.8038e-15
1254.0412     56.47    1.0108    0.0959  2.8358e-15  2.6891e-16  2.8054e-15
1254.0711     63.62    0.8977    0.0904  2.5199e-15  2.5386e-16  2.8071e-15
1254.1010     70.77    0.7987    0.0854  2.2434e-15  2.3977e-16  2.8087e-15
1254.1309     77.92    1.0262    0.0965  2.8840e-15  2.7118e-16  2.8104e-15
1254.1608     85.07    0.9914    0.0949  2.7878e-15  2.6682e-16  2.8120e-15
1254.1907     92.23    0.9749    0.0941  2.7430e-15  2.6474e-16  2.8137e-15
1254.2206     99.38    0.8806    0.0895  2.4790e-15  2.5186e-16  2.8153e-15
1254.2505    106.53    1.0170    0.0960  2.8649e-15  2.7031e-16  2.8170e-15
1254.2804    113.68    0.8689    0.0888  2.4491e-15  2.5035e-16  2.8186e-15
1254.3104    120.83    0.9766    0.0940  2.7543e-15  2.6521e-16  2.8203e-15
1254.3403    127.98    0.9395    0.0922  2.6512e-15  2.6033e-16  2.8220e-15
1254.3702    135.14    0.8532    0.0880  2.4091e-15  2.4840e-16  2.8237e-15
1254.4001    142.29    1.0078    0.0954  2.8473e-15  2.6960e-16  2.8254e-15
1254.4300    149.44    0.9260    0.0915  2.6179e-15  2.5873e-16  2.8271e-15
1254.4599    156.59    0.8900    0.0897  2.5175e-15  2.5375e-16  2.8288e-15
1254.4898    163.74    0.9447    0.0923  2.6739e-15  2.6135e-16  2.8305e-15
1254.5197    170.89    0.9993    0.0949  2.8303e-15  2.6879e-16  2.8322e-15
1254.5496    178.05    0.9469    0.0924  2.6835e-15  2.6190e-16  2.8339e-15
1254.5795    185.20    1.2983    0.1078  3.6815e-15  3.0580e-16  2.8356e-15
1254.6095    192.35    0.9215    0.0911  2.6148e-15  2.5841e-16  2.8373e-15
1254.6394    199.50    1.0915    0.0989  3.0988e-15  2.8092e-16  2.8391e-15
1254.6693    206.65    1.0122    0.0953  2.8754e-15  2.7076e-16  2.8408e-15
1254.6992    213.80    0.9860    0.0941  2.8026e-15  2.6735e-16  2.8425e-15
1254.7291    220.96    1.0835    0.0985  3.0817e-15  2.8007e-16  2.8443e-15
1254.7590    228.11    0.9855    0.0940  2.8046e-15  2.6743e-16  2.8460e-15
1254.7889    235.26    1.0016    0.0947  2.8522e-15  2.6961e-16  2.8478e-15
1254.8188    242.41    1.0488    0.0968  2.9887e-15  2.7590e-16  2.8495e-15
1254.8487    249.56    1.0708    0.0978  3.0532e-15  2.7888e-16  2.8513e-15
1254.8786    256.71    0.9934    0.0942  2.8343e-15  2.6885e-16  2.8531e-15
1254.9086    263.87    1.0731    0.0978  3.0636e-15  2.7931e-16  2.8548e-15
1254.9385    271.02    1.1093    0.0994  3.1688e-15  2.8399e-16  2.8566e-15
1254.9684    278.17    1.0807    0.0981  3.0890e-15  2.8048e-16  2.8584e-15
1254.9983    285.32    1.0121    0.0950  2.8948e-15  2.7159e-16  2.8602e-15
1255.0282    292.47    1.0239    0.0955  2.9303e-15  2.7318e-16  2.8619e-15
1255.0581    299.62    0.9935    0.0940  2.8452e-15  2.6923e-16  2.8637e-15
1255.0880    306.78    0.9969    0.0941  2.8567e-15  2.6979e-16  2.8655e-15
1255.1179    313.93    1.0329    0.0958  2.9617e-15  2.7465e-16  2.8673e-15
1255.1478    321.08    1.0233    0.0953  2.9360e-15  2.7349e-16  2.8691e-15
1255.1777    328.23    1.1534    0.1010  3.3114e-15  2.9008e-16  2.8709e-15
1255.2077    335.38    0.9576    0.0922  2.7511e-15  2.6492e-16  2.8727e-15
1255.2376    342.53    1.1279    0.0999  3.2422e-15  2.8712e-16  2.8745e-15
1255.2675    349.69    1.0321    0.0956  2.9687e-15  2.7494e-16  2.8764e-15
1255.2974    356.84    0.9885    0.0935  2.8452e-15  2.6924e-16  2.8782e-15
1255.3273    363.99    1.0611    0.0968  3.0559e-15  2.7882e-16  2.8800e-15
1255.3572    371.14    0.9915    0.0936  2.8574e-15  2.6975e-16  2.8818e-15
1255.3871    378.29    0.9515    0.0917  2.7438e-15  2.6446e-16  2.8836e-15
1255.4170    385.44    0.9802    0.0930  2.8284e-15  2.6846e-16  2.8855e-15
1255.4469    392.60    1.0460    0.0960  3.0201e-15  2.7719e-16  2.8873e-15
1255.4768    399.75    1.0931    0.0981  3.1581e-15  2.8336e-16  2.8891e-15
1255.5068    406.90    1.0360    0.0955  2.9949e-15  2.7610e-16  2.8910e-15
1255.5367    414.05    0.9938    0.0936  2.8750e-15  2.7068e-16  2.8928e-15
1255.5666    421.20    1.0404    0.0957  3.0117e-15  2.7689e-16  2.8947e-15
1255.5965    428.35    0.9441    0.0912  2.7345e-15  2.6413e-16  2.8965e-15
1255.6264    435.51    1.1538    0.1006  3.3440e-15  2.9149e-16  2.8984e-15
1255.6563    442.66    0.9739    0.0925  2.8245e-15  2.6832e-16  2.9002e-15
1255.6862    449.81    0.9093    0.0894  2.6389e-15  2.5952e-16  2.9021e-15
1255.7161    456.96    1.0983    0.0981  3.1894e-15  2.8483e-16  2.9039e-15
1255.7460    464.11    0.9346    0.0906  2.7157e-15  2.6323e-16  2.9058e-15
1255.7759    471.26    1.0672    0.0966  3.1030e-15  2.8100e-16  2.9077e-15
1255.8059    478.42    1.0977    0.1212  3.1939e-15  3.5267e-16  2.9095e-15
1255.8358    485.57    0.9883    0.1219  2.8775e-15  3.5496e-16  2.9114e-15
1255.8657    492.72    1.1019    0.1284  3.2100e-15  3.7392e-16  2.9133e-15
1255.8956    499.87    0.9974    0.1248  2.9076e-15  3.6370e-16  2.9151e-15
1255.9255    507.02    1.0118    0.1250  2.9515e-15  3.6463e-16  2.9170e-15
1255.9554    514.17    1.0337    0.1273  3.0171e-15  3.7157e-16  2.9189e-15
1255.9853    521.33    0.9046    0.1194  2.6420e-15  3.4875e-16  2.9208e-15
1256.0152    528.48    1.0267    0.1282  3.0007e-15  3.7467e-16  2.9226e-15
1256.0451    535.63    0.9451    0.1228  2.7640e-15  3.5912e-16  2.9245e-15
1256.0750    542.78    0.9719    0.1226  2.8443e-15  3.5881e-16  2.9264e-15
1256.1050    549.93    0.9885    0.1254  2.8948e-15  3.6719e-16  2.9283e-15
1256.1349    557.08    1.1592    0.1327  3.3967e-15  3.8883e-16  2.9302e-15
1256.1648    564.24    1.0168    0.1261  2.9812e-15  3.6974e-16  2.9321e-15
1256.1947    571.39    0.8871    0.1159  2.6027e-15  3.4008e-16  2.9340e-15
1256.2246    578.54    0.9065    0.1195  2.6613e-15  3.5097e-16  2.9359e-15
1256.2545    585.69    0.9171    0.1161  2.6943e-15  3.4101e-16  2.9378e-15
1256.2844    592.84    0.9610    0.1227  2.8250e-15  3.6083e-16  2.9397e-15
1256.3143    599.99    1.0303    0.1221  3.0306e-15  3.5903e-16  2.9416e-15
1256.3442    607.15    0.9298    0.1130  2.7369e-15  3.3258e-16  2.9435e-15
1256.3741    614.30    1.0560    0.0963  3.1104e-15  2.8352e-16  2.9454e-15
1256.4041    621.45    1.0038    0.0930  2.9586e-15  2.7420e-16  2.9473e-15
1256.4340    628.60    1.0072    0.0932  2.9704e-15  2.7472e-16  2.9492e-15
1256.4639    635.75    0.9552    0.0907  2.8190e-15  2.6774e-16  2.9511e-15
1256.4938    642.90    1.0627    0.0956  3.1383e-15  2.8220e-16  2.9530e-15
1256.5237    650.06    1.0459    0.0948  3.0907e-15  2.8003e-16  2.9549e-15
1256.5536    657.21    1.0989    0.0970  3.2491e-15  2.8694e-16  2.9568e-15
1256.5835    664.36    0.9809    0.0917  2.9022e-15  2.7143e-16  2.9587e-15
1256.6134    671.51    0.9674    0.0911  2.8642e-15  2.6973e-16  2.9606e-15
1256.6433    678.66    0.9803    0.0917  2.9041e-15  2.7153e-16  2.9625e-15
1256.6732    685.81    0.9766    0.0915  2.8950e-15  2.7117e-16  2.9645e-15
1256.7032    692.97    1.0044    0.0927  2.9795e-15  2.7499e-16  2.9664e-15
1256.7331    700.12    1.0310    0.0939  3.0603e-15  2.7859e-16  2.9683e-15
1256.7630    707.27    1.0035    0.0926  2.9806e-15  2.7505e-16  2.9702e-15
1256.7929    714.42    1.0584    0.0950  3.1458e-15  2.8240e-16  2.9721e-15
1256.8228    721.57    1.0110    0.0929  3.0069e-15  2.7618e-16  2.9740e-15
1256.8527    728.72    0.9999    0.0923  2.9756e-15  2.7478e-16  2.9759e-15
1256.8826    735.88    0.9705    0.0910  2.8902e-15  2.7089e-16  2.9779e-15
1256.9125    743.03    0.9588    0.0904  2.8571e-15  2.6943e-16  2.9798e-15
1256.9424    750.18    0.9927    0.0919  2.9600e-15  2.7413e-16  2.9817e-15
1256.9723    757.33    1.0463    0.0943  3.1218e-15  2.8137e-16  2.9836e-15
1257.0023    764.48    1.0291    0.0935  3.0725e-15  2.7921e-16  2.9855e-15
1257.0322    771.63    1.0195    0.0930  3.0458e-15  2.7794e-16  2.9875e-15
1257.0621    778.79    1.0959    0.0964  3.2761e-15  2.8807e-16  2.9894e-15
1257.0920    785.94    0.8968    0.0873  2.6826e-15  2.6119e-16  2.9913e-15
1257.1219    793.09    1.0253    0.0932  3.0690e-15  2.7894e-16  2.9932e-15
1257.1518    800.24    0.9685    0.0906  2.9007e-15  2.7135e-16  2.9951e-15
1257.1817    807.39    1.0270    0.0932  3.0781e-15  2.7940e-16  2.9970e-15
1257.2116    814.54    0.9384    0.0891  2.8142e-15  2.6735e-16  2.9990e-15
1257.2415    821.70    0.9638    0.0903  2.8922e-15  2.7098e-16  3.0009e-15
1257.2714    828.85    0.8988    0.0872  2.6989e-15  2.6195e-16  3.0028e-15
1257.3014    836.00    0.8951    0.0870  2.6896e-15  2.6152e-16  3.0047e-15
1257.3313    843.15    0.9346    0.0889  2.8100e-15  2.6720e-16  3.0066e-15
1257.3612    850.30    0.9391    0.0891  2.8253e-15  2.6792e-16  3.0086e-15
1257.3911    857.45    0.9765    0.0907  2.9396e-15  2.7320e-16  3.0105e-15
1257.4210    864.61    0.9516    0.0896  2.8666e-15  2.6978e-16  3.0124e-15
1257.4509    871.76    0.9691    0.0904  2.9212e-15  2.7234e-16  3.0143e-15
1257.4808    878.91    1.0028    0.0918  3.0245e-15  2.7702e-16  3.0162e-15
1257.5107    886.06    0.9414    0.0890  2.8412e-15  2.6856e-16  3.0181e-15
1257.5406    893.21    1.0200    0.0925  3.0804e-15  2.7937e-16  3.0200e-15
1257.5705    900.36    0.9255    0.0882  2.7968e-15  2.6645e-16  3.0220e-15
1257.6005    907.52    1.0215    0.0925  3.0888e-15  2.7972e-16  3.0239e-15
1257.6304    914.67    0.8143    0.0827  2.4639e-15  2.5030e-16  3.0258e-15
1257.6603    921.82    0.9267    0.0881  2.8058e-15  2.6677e-16  3.0277e-15
1257.6902    928.97    0.9517    0.0892  2.8832e-15  2.7030e-16  3.0296e-15
1257.7201    936.12    0.9815    0.0906  2.9753e-15  2.7451e-16  3.0315e-15
1257.7500    943.27    0.9414    0.0887  2.8557e-15  2.6900e-16  3.0334e-15
1257.7799    950.43    0.8591    0.0847  2.6075e-15  2.5722e-16  3.0353e-15
1257.8098    957.58    1.0270    0.0925  3.1191e-15  2.8095e-16  3.0372e-15
1257.8397    964.73    0.9648    0.0897  2.9322e-15  2.7254e-16  3.0391e-15
1257.8696    971.88    0.8963    0.0865  2.7257e-15  2.6291e-16  3.0410e-15
1257.8996    979.03    0.9517    0.0890  2.8960e-15  2.7083e-16  3.0429e-15
1257.9295    986.18    1.0315    0.0926  3.1407e-15  2.8186e-16  3.0448e-15
1257.9594    993.34    0.8790    0.0855  2.6781e-15  2.6057e-16  3.0467e-15
1257.9893   1000.49    1.0447    0.0931  3.1848e-15  2.8377e-16  3.0486e-15
1258.0192   1007.64    1.0956    0.0953  3.3422e-15  2.9062e-16  3.0505e-15
1258.0491   1014.79    1.0462    0.0931  3.1933e-15  2.8417e-16  3.0524e-15
1258.0790   1021.94    1.0121    0.0916  3.0912e-15  2.7967e-16  3.0543e-15
1258.1089   1029.09    0.8928    0.0861  2.7286e-15  2.6306e-16  3.0562e-15
1258.1388   1036.25    1.0331    0.0925  3.1594e-15  2.8279e-16  3.0581e-15
1258.1687   1043.40    1.0504    0.0932  3.2142e-15  2.8521e-16  3.0599e-15
1258.1987   1050.55    0.9628    0.0893  2.9480e-15  2.7330e-16  3.0618e-15
1258.2286   1057.70    1.0036    0.0911  3.0748e-15  2.7907e-16  3.0637e-15
1258.2585   1064.85    0.9234    0.0874  2.8306e-15  2.6793e-16  3.0656e-15
1258.2884   1072.00    0.9368    0.0880  2.8736e-15  2.6991e-16  3.0674e-15
1258.3183   1079.16    0.9967    0.0907  3.0593e-15  2.7832e-16  3.0693e-15
1258.3482   1086.31    1.0170    0.0916  3.1233e-15  2.8120e-16  3.0712e-15
1258.3781   1093.46    1.0959    0.0950  3.3677e-15  2.9182e-16  3.0731e-15
1258.4080   1100.61    0.9670    0.0892  2.9735e-15  2.7443e-16  3.0749e-15
1258.4379   1107.76    0.9267    0.0874  2.8512e-15  2.6885e-16  3.0768e-15
1258.4678   1114.91    1.0486    0.0928  3.2284e-15  2.8578e-16  3.0787e-15
1258.4978   1122.07    1.0716    0.0938  3.3011e-15  2.8893e-16  3.0805e-15
1258.5277   1129.22    0.9067    0.0864  2.7949e-15  2.6627e-16  3.0824e-15
1258.5576   1136.37    0.9215    0.0871  2.8421e-15  2.6849e-16  3.0842e-15
1258.5875   1143.52    0.8776    0.0850  2.7082e-15  2.6223e-16  3.0861e-15
1258.6174   1150.67    0.9886    0.0901  3.0526e-15  2.7810e-16  3.0879e-15
1258.6473   1157.82    1.1073    0.0952  3.4213e-15  2.9417e-16  3.0898e-15
1258.6772   1164.98    1.0478    0.0926  3.2395e-15  2.8639e-16  3.0916e-15
1258.7071   1172.13    1.0230    0.0915  3.1645e-15  2.8305e-16  3.0934e-15
1258.7370   1179.28    0.9305    0.0873  2.8801e-15  2.7024e-16  3.0953e-15
1258.7669   1186.43    0.8881    0.0853  2.7506e-15  2.6419e-16  3.0971e-15
1258.7969   1193.58    1.0750    0.0936  3.3313e-15  2.9019e-16  3.0989e-15
1258.8268   1200.73    0.8895    0.0853  2.7581e-15  2.6448e-16  3.1008e-15
1258.8567   1207.89    0.8486    0.0833  2.6329e-15  2.5847e-16  3.1026e-15
1258.8866   1215.04    0.7790    0.0799  2.4183e-15  2.4792e-16  3.1044e-15
1258.9165   1222.19    1.0948    0.0944  3.4006e-15  2.9311e-16  3.1062e-15
1258.9464   1229.34    0.9677    0.0888  3.0078e-15  2.7593e-16  3.1080e-15
1258.9763   1236.49    0.9446    0.0877  2.9376e-15  2.7276e-16  3.1099e-15
1259.0062   1243.64    0.9016    0.0857  2.8054e-15  2.6662e-16  3.1117e-15
1259.0361   1250.80    0.9270    0.0868  2.8861e-15  2.7040e-16  3.1135e-15
1259.0660   1257.95    0.8880    0.0850  2.7664e-15  2.6487e-16  3.1153e-15
1259.0960   1265.10    1.0008    0.0901  3.1195e-15  2.8095e-16  3.1171e-15
1259.1259   1272.25    0.8911    0.0851  2.7793e-15  2.6539e-16  3.1188e-15
1259.1558   1279.40    1.1312    0.0957  3.5301e-15  2.9857e-16  3.1206e-15
1259.1857   1286.55    0.8503    0.0831  2.6550e-15  2.5955e-16  3.1224e-15
1259.2156   1293.71    0.8664    0.0839  2.7067e-15  2.6203e-16  3.1242e-15
1259.2455   1300.86    0.7190    0.0765  2.2476e-15  2.3928e-16  3.1260e-15
1259.2754   1308.01    0.5957    0.0698  1.8631e-15  2.1831e-16  3.1277e-15
1259.3053   1315.16    0.5302    0.0660  1.6592e-15  2.0640e-16  3.1295e-15
1259.3352   1322.31    0.4871    0.0633  1.5253e-15  1.9819e-16  3.1313e-15
1259.3651   1329.46    0.4302    0.0596  1.3479e-15  1.8670e-16  3.1330e-15
1259.3951   1336.62    0.5218    0.0654  1.6357e-15  2.0498e-16  3.1348e-15
1259.4250   1343.77    0.3494    0.0539  1.0959e-15  1.6910e-16  3.1365e-15
1259.4549   1350.92    0.4565    0.0613  1.4325e-15  1.9231e-16  3.1383e-15
1259.4848   1358.07    0.5364    0.0662  1.6842e-15  2.0794e-16  3.1400e-15
1259.5147   1365.22    0.6525    0.0728  2.0499e-15  2.2877e-16  3.1418e-15
1259.5446   1372.37    0.7060    0.0756  2.2192e-15  2.3775e-16  3.1435e-15
1259.5745   1379.53    0.8446    0.0825  2.6564e-15  2.5956e-16  3.1452e-15
1259.6044   1386.68    0.8893    0.0846  2.7987e-15  2.6626e-16  3.1470e-15
1259.6343   1393.83    0.9326    0.0866  2.9366e-15  2.7260e-16  3.1487e-15
1259.6642   1400.98    0.9274    0.0863  2.9218e-15  2.7194e-16  3.1504e-15
1259.6942   1408.13    1.1636    0.0965  3.6678e-15  3.0419e-16  3.1521e-15
1259.7241   1415.28    0.8097    0.0807  2.5538e-15  2.5461e-16  3.1538e-15
1259.7540   1422.44    0.9716    0.0883  3.0660e-15  2.7853e-16  3.1555e-15
1259.7839   1429.59    0.9825    0.0887  3.1018e-15  2.8015e-16  3.1572e-15
1259.8138   1436.74    0.8203    0.0812  2.5911e-15  2.5653e-16  3.1589e-15
1259.8437   1443.89    0.7612    0.0783  2.4059e-15  2.4740e-16  3.1606e-15
1259.8736   1451.04    0.6546    0.0727  2.0699e-15  2.2986e-16  3.1623e-15
1259.9035   1458.19    0.6918    0.0746  2.1888e-15  2.3618e-16  3.1639e-15
1259.9334   1465.35    0.5216    0.0650  1.6512e-15  2.0590e-16  3.1656e-15
1259.9633   1472.50    0.4039    0.0575  1.2794e-15  1.8216e-16  3.1673e-15
1259.9933   1479.65    0.3195    0.0514  1.0124e-15  1.6281e-16  3.1689e-15
1260.0232   1486.80    0.1982    0.0410  6.2843e-16  1.3010e-16  3.1706e-15
1260.0531   1493.95    0.1030    0.0306  3.2679e-16  9.7036e-17  3.1722e-15
1260.0830   1501.10    0.0657    0.0253  2.0849e-16  8.0306e-17  3.1739e-15
1260.1129   1508.26    0.0949    0.0295  3.0130e-16  9.3577e-17  3.1755e-15
1260.1428   1515.41    0.0333    0.0196  1.0565e-16  6.2296e-17  3.1771e-15
1260.1727   1522.56    0.0274    0.0184  8.6986e-17  5.8337e-17  3.1788e-15
1260.2026   1529.71    0.0378    0.0205  1.2031e-16  6.5102e-17  3.1804e-15
1260.2325   1536.86    0.0450    0.0218  1.4316e-16  6.9268e-17  3.1820e-15
1260.2624   1544.01    0.0312    0.0191  9.9219e-17  6.0758e-17  3.1836e-15
1260.2924   1551.17    0.0651    0.0250  2.0734e-16  7.9787e-17  3.1852e-15
1260.3223   1558.32    0.0697    0.0258  2.2218e-16  8.2062e-17  3.1868e-15
1260.3522   1565.47    0.0797    0.0273  2.5397e-16  8.6922e-17  3.1884e-15
1260.3821   1572.62    0.1284    0.0335  4.0956e-16  1.0697e-16  3.1900e-15
1260.4120   1579.77    0.2021    0.0412  6.4500e-16  1.3136e-16  3.1916e-15
1260.4419   1586.92    0.2267    0.0434  7.2401e-16  1.3860e-16  3.1931e-15
1260.4718   1594.08    0.4595    0.0689  1.4681e-15  2.2009e-16  3.1947e-15
1260.5017   1601.23    0.6875    0.0968  2.1973e-15  3.0946e-16  3.1963e-15
1260.5316   1608.38    0.7703    0.1042  2.4634e-15  3.3322e-16  3.1978e-15
1260.5615   1615.53    0.8546    0.1108  2.7342e-15  3.5438e-16  3.1994e-15
1260.5915   1622.68    0.8422    0.1123  2.6958e-15  3.5959e-16  3.2009e-15
1260.6214   1629.83    0.8851    0.1132  2.8346e-15  3.6254e-16  3.2024e-15
1260.6513   1636.99    0.8758    0.1107  2.8059e-15  3.5478e-16  3.2040e-15
1260.6812   1644.14    0.8758    0.1128  2.8072e-15  3.6164e-16  3.2055e-15
1260.7111   1651.29    0.8662    0.1131  2.7779e-15  3.6262e-16  3.2070e-15
1260.7410   1658.44    0.8947    0.1152  2.8705e-15  3.6957e-16  3.2085e-15
1260.7709   1665.59    1.0781    0.1234  3.4606e-15  3.9603e-16  3.2100e-15
1260.8008   1672.74    0.9911    0.1211  3.1829e-15  3.8906e-16  3.2115e-15
1260.8307   1679.90    0.9733    0.1183  3.1273e-15  3.8016e-16  3.2130e-15
1260.8606   1687.05    1.0059    0.1170  3.2334e-15  3.7625e-16  3.2145e-15
1260.8906   1694.20    1.1253    0.1267  3.6189e-15  4.0745e-16  3.2159e-15
1260.9205   1701.35    0.8178    0.1098  2.6312e-15  3.5315e-16  3.2174e-15
1260.9504   1708.50    0.9753    0.1072  3.1395e-15  3.4498e-16  3.2188e-15
1260.9803   1715.65    1.1488    0.0991  3.6996e-15  3.1926e-16  3.2203e-15
1261.0102   1722.81    0.9628    0.0869  3.1020e-15  2.7983e-16  3.2217e-15
1261.0401   1729.96    1.0656    0.0913  3.4346e-15  2.9425e-16  3.2232e-15
1261.0700   1737.11    0.9168    0.0848  2.9564e-15  2.7336e-16  3.2246e-15
1261.0999   1744.26    1.0514    0.0907  3.3917e-15  2.9247e-16  3.2260e-15
1261.1298   1751.41    0.9177    0.0848  2.9620e-15  2.7363e-16  3.2274e-15
1261.1597   1758.56    0.9236    0.0850  2.9821e-15  2.7447e-16  3.2288e-15
1261.1897   1765.72    0.9242    0.0850  2.9854e-15  2.7462e-16  3.2302e-15
1261.2196   1772.87    0.9330    0.0854  3.0150e-15  2.7591e-16  3.2316e-15
1261.2495   1780.02    1.0245    0.0894  3.3122e-15  2.8899e-16  3.2330e-15
1261.2794   1787.17    1.0180    0.0891  3.2926e-15  2.8814e-16  3.2344e-15
1261.3093   1794.32    1.0320    0.0897  3.3393e-15  2.9022e-16  3.2358e-15
1261.3392   1801.47    1.0810    0.0918  3.4994e-15  2.9705e-16  3.2371e-15
1261.3691   1808.63    0.9973    0.0882  3.2299e-15  2.8553e-16  3.2385e-15
1261.3990   1815.78    0.9220    0.0848  2.9870e-15  2.7480e-16  3.2398e-15
1261.4289   1822.93    0.9449    0.0858  3.0625e-15  2.7820e-16  3.2412e-15
1261.4588   1830.08    0.9295    0.0851  3.0139e-15  2.7603e-16  3.2425e-15
1261.4888   1837.23    1.0783    0.0916  3.4977e-15  2.9702e-16  3.2438e-15
1261.5187   1844.38    1.0917    0.0921  3.5428e-15  2.9889e-16  3.2451e-15
1261.5486   1851.54    0.8474    0.0813  2.7511e-15  2.6391e-16  3.2464e-15
1261.5785   1858.69    0.9562    0.0862  3.1053e-15  2.8005e-16  3.2477e-15
1261.6084   1865.84    0.8466    0.0812  2.7507e-15  2.6387e-16  3.2490e-15
1261.6383   1872.99    1.0757    0.0913  3.4963e-15  2.9690e-16  3.2503e-15
1261.6682   1880.14    0.8788    0.0827  2.8574e-15  2.6883e-16  3.2515e-15
1261.6981   1887.29    1.0626    0.0908  3.4566e-15  2.9526e-16  3.2528e-15
1261.7280   1894.45    1.1723    0.0953  3.8147e-15  3.0996e-16  3.2541e-15
1261.7579   1901.60    0.9621    0.0864  3.1320e-15  2.8134e-16  3.2553e-15
1261.7879   1908.75    1.1315    0.0936  3.6849e-15  3.0479e-16  3.2565e-15
1261.8178   1915.90    0.9753    0.0870  3.1771e-15  2.8333e-16  3.2578e-15
1261.8477   1923.05    1.0878    0.0918  3.5453e-15  2.9907e-16  3.2590e-15
1261.8776   1930.20    1.0833    0.0916  3.5318e-15  2.9852e-16  3.2602e-15
1261.9075   1937.36    0.9322    0.0850  3.0402e-15  2.7738e-16  3.2614e-15
1261.9374   1944.51    1.0424    0.0898  3.4009e-15  2.9301e-16  3.2626e-15
1261.9673   1951.66    0.9994    0.0880  3.2617e-15  2.8709e-16  3.2638e-15
1261.9972   1958.81    0.9914    0.0876  3.2368e-15  2.8599e-16  3.2649e-15
1262.0271   1965.96    0.9768    0.0869  3.1904e-15  2.8392e-16  3.2661e-15
1262.0570   1973.11    0.8894    0.0830  2.9060e-15  2.7114e-16  3.2673e-15
1262.0870   1980.27    1.1216    0.0930  3.6660e-15  3.0398e-16  3.2684e-15
1262.1169   1987.42    0.8255    0.0800  2.6990e-15  2.6150e-16  3.2695e-15
1262.1468   1994.57    0.9911    0.0875  3.2417e-15  2.8609e-16  3.2707e-15
1262.1767   2001.72    0.9859    0.0872  3.2257e-15  2.8544e-16  3.2718e-15
1262.2066   2008.87    0.8489    0.0811  2.7783e-15  2.6535e-16  3.2729e-15
1262.2365   2016.02    1.0936    0.0918  3.5803e-15  3.0057e-16  3.2740e-15
1262.2664   2023.18    1.1313    0.0933  3.7050e-15  3.0565e-16  3.2751e-15
1262.2963   2030.33    1.0098    0.0882  3.3083e-15  2.8905e-16  3.2762e-15
1262.3262   2037.48    0.9250    0.0845  3.0314e-15  2.7681e-16  3.2772e-15
1262.3561   2044.63    1.0396    0.0894  3.4082e-15  2.9321e-16  3.2783e-15
1262.3861   2051.78    0.9541    0.0857  3.1288e-15  2.8117e-16  3.2793e-15
1262.4160   2058.93    0.9106    0.0838  2.9870e-15  2.7481e-16  3.2804e-15
1262.4459   2066.09    1.0337    0.0891  3.3918e-15  2.9253e-16  3.2814e-15
1262.4758   2073.24    0.9655    0.0862  3.1692e-15  2.8293e-16  3.2824e-15
1262.5057   2080.39    1.0804    0.0911  3.5475e-15  2.9908e-16  3.2834e-15
1262.5356   2087.54    1.0017    0.0877  3.2900e-15  2.8819e-16  3.2844e-15
1262.5655   2094.69    1.1222    0.0928  3.6870e-15  3.0490e-16  3.2854e-15
1262.5954   2101.84    1.0259    0.0888  3.3716e-15  2.9176e-16  3.2864e-15
1262.6253   2109.00    1.0010    0.0877  3.2905e-15  2.8827e-16  3.2874e-15
1262.6552   2116.15    1.0601    0.0902  3.4861e-15  2.9663e-16  3.2883e-15
1262.6852   2123.30    1.0509    0.0898  3.4566e-15  2.9543e-16  3.2893e-15
1262.7151   2130.45    0.9325    0.0847  3.0680e-15  2.7861e-16  3.2902e-15
1262.7450   2137.60    0.8766    0.0821  2.8851e-15  2.7025e-16  3.2911e-15
1262.7749   2144.75    0.9157    0.0839  3.0145e-15  2.7608e-16  3.2921e-15
1262.8048   2151.91    0.9481    0.0853  3.1221e-15  2.8087e-16  3.2930e-15
1262.8347   2159.06    1.1796    0.0950  3.8853e-15  3.1281e-16  3.2939e-15
1262.8646   2166.21    1.1473    0.0937  3.7802e-15  3.0864e-16  3.2947e-15
1262.8945   2173.36    1.0041    0.0877  3.3091e-15  2.8900e-16  3.2956e-15
1262.9244   2180.51    0.8388    0.0803  2.7650e-15  2.6466e-16  3.2965e-15
1262.9543   2187.66    0.9930    0.0872  3.2742e-15  2.8759e-16  3.2973e-15
1262.9843   2194.82    1.0341    0.0890  3.4106e-15  2.9339e-16  3.2982e-15
1263.0142   2201.97    1.1210    0.0926  3.6981e-15  3.0537e-16  3.2990e-15
1263.0441   2209.12    1.1543    0.0939  3.8090e-15  3.0980e-16  3.2998e-15
1263.0740   2216.27    0.8518    0.0808  2.8113e-15  2.6681e-16  3.3006e-15
1263.1039   2223.42    0.9169    0.0838  3.0271e-15  2.7664e-16  3.3014e-15
1263.1338   2230.57    1.0152    0.0881  3.3525e-15  2.9093e-16  3.3022e-15
1263.1637   2237.73    1.0840    0.0910  3.5803e-15  3.0057e-16  3.3029e-15
1263.1936   2244.88    1.0002    0.0875  3.3044e-15  2.8891e-16  3.3037e-15
1263.2235   2252.03    1.0794    0.0908  3.5667e-15  3.0000e-16  3.3044e-15
1263.2534   2259.18    1.0598    0.0900  3.5028e-15  2.9734e-16  3.3051e-15
1263.2834   2266.33    0.8774    0.0820  2.9006e-15  2.7104e-16  3.3057e-15
1263.3133   2273.48    0.9579    0.0856  3.1671e-15  2.8297e-16  3.3064e-15
1263.3432   2280.64    0.9648    0.0859  3.1906e-15  2.8401e-16  3.3070e-15
1263.3731   2287.79    0.9531    0.0854  3.1526e-15  2.8237e-16  3.3077e-15
1263.4030   2294.94    1.0283    0.0886  3.4018e-15  2.9312e-16  3.3083e-15
1263.4329   2302.09    0.9031    0.0831  2.9881e-15  2.7507e-16  3.3089e-15
1263.4628   2309.24    0.9629    0.0858  3.1868e-15  2.8391e-16  3.3094e-15
1263.4927   2316.39    1.0723    0.0904  3.5493e-15  2.9938e-16  3.3100e-15
1263.5226   2323.55    1.0805    0.0908  3.5769e-15  3.0053e-16  3.3105e-15
1263.5525   2330.70    0.9064    0.0833  3.0010e-15  2.7569e-16  3.3111e-15
1263.5825   2337.85    1.1679    0.0943  3.8674e-15  3.1237e-16  3.3116e-15
1263.6124   2345.00    1.1025    0.0917  3.6515e-15  3.0362e-16  3.3120e-15
1263.6423   2352.15    1.0450    0.0893  3.4615e-15  2.9574e-16  3.3125e-15
1263.6722   2359.30    1.1467    0.0935  3.7992e-15  3.0964e-16  3.3130e-15
1263.7021   2366.46    1.0700    0.0903  3.5452e-15  2.9921e-16  3.3134e-15
1263.7320   2373.61    1.0891    0.0911  3.6090e-15  3.0190e-16  3.3138e-15
1263.7619   2380.76    1.0898    0.0911  3.6117e-15  3.0201e-16  3.3142e-15
1263.7918   2387.91    1.0480    0.0894  3.4739e-15  2.9627e-16  3.3146e-15
1263.8217   2395.06    0.9227    0.0840  3.0586e-15  2.7832e-16  3.3150e-15
1263.8516   2402.21    0.9816    0.0865  3.2544e-15  2.8689e-16  3.3154e-15
1263.8816   2409.37    1.1728    0.0944  3.8885e-15  3.1315e-16  3.3157e-15
1263.9115   2416.52    1.0351    0.0888  3.4326e-15  2.9446e-16  3.3160e-15
1263.9414   2423.67    0.9537    0.0853  3.1627e-15  2.8287e-16  3.3163e-15
1263.9713   2430.82    0.9694    0.0860  3.2151e-15  2.8521e-16  3.3166e-15
1264.0012   2437.97    0.9478    0.0851  3.1437e-15  2.8211e-16  3.3169e-15
1264.0311   2445.12    0.9907    0.0869  3.2864e-15  2.8828e-16  3.3172e-15
1264.0610   2452.27    1.0412    0.0891  3.4541e-15  2.9545e-16  3.3174e-15
1264.0909   2459.43    1.1089    0.0919  3.6791e-15  3.0478e-16  3.3177e-15
1264.1208   2466.58    0.9701    0.0860  3.2186e-15  2.8546e-16  3.3179e-15
1264.1507   2473.73    1.0489    0.0894  3.4804e-15  2.9663e-16  3.3181e-15
1264.1807   2480.88    1.0956    0.0913  3.6354e-15  3.0306e-16  3.3183e-15
1264.2106   2488.03    0.8087    0.0787  2.6835e-15  2.6108e-16  3.3185e-15
1264.2405   2495.18    0.9780    0.0864  3.2456e-15  2.8658e-16  3.3186e-15
1264.2704   2502.34    0.9701    0.0860  3.2196e-15  2.8555e-16  3.3188e-15
1264.3003   2509.49    1.0145    0.1084  3.3672e-15  3.5967e-16  3.3189e-15
1264.3302   2516.64    0.9868    0.1141  3.2751e-15  3.7863e-16  3.3190e-15
1264.3601   2523.79    0.8009    0.1058  2.6584e-15  3.5117e-16  3.3191e-15
1264.3900   2530.94    0.8990    0.1112  2.9839e-15  3.6920e-16  3.3192e-15
1264.4199   2538.09    0.9409    0.1114  3.1232e-15  3.6982e-16  3.3193e-15
