# Wave  Vhel  NormFlux  NormErr      Flux        Error       Continuum
1251.0801  -2222.01    0.8645    0.0911  2.3178e-15  2.4427e-16  2.6812e-15
1251.1100  -2214.90    0.8983    0.0928  2.4093e-15  2.4892e-16  2.6820e-15
1251.1399  -2207.78    0.9574    0.0957  2.5685e-15  2.5683e-16  2.6828e-15
1251.1698  -2200.67    1.1885    0.1064  3.1893e-15  2.8565e-16  2.6836e-15
1251.1997  -2193.55    1.0885    0.1019  2.9219e-15  2.7364e-16  2.6844e-15
1251.2296  -2186.44    1.1328    0.1039  3.0419e-15  2.7912e-16  2.6852e-15
1251.2595  -2179.32    0.9197    0.0939  2.4704e-15  2.5211e-16  2.6861e-15
1251.2894  -2172.21    1.1069    0.1028  2.9741e-15  2.7609e-16  2.6870e-15
1251.3194  -2165.10    0.8651    0.0910  2.3252e-15  2.4470e-16  2.6878e-15
1251.3493  -2157.98    1.2983    0.1111  3.4909e-15  2.9870e-16  2.6887e-15
1251.3792  -2150.87    1.0191    0.0986  2.7409e-15  2.6517e-16  2.6896e-15
1251.4091  -2143.75    1.2129    0.1074  3.2634e-15  2.8887e-16  2.6905e-15
1251.4390  -2136.64    1.0900    0.1018  2.9337e-15  2.7410e-16  2.6914e-15
1251.4689  -2129.53    0.9315    0.0943  2.5079e-15  2.5376e-16  2.6924e-15
1251.4988  -2122.41    1.2474    0.1088  3.3596e-15  2.9294e-16  2.6933e-15
1251.5287  -2115.30    1.1062    0.1025  2.9803e-15  2.7615e-16  2.6943e-15
1251.5586  -2108.18    1.1764    0.1056  3.1708e-15  2.8460e-16  2.6952e-15
1251.5885  -2101.07    0.9876    0.0969  2.6627e-15  2.6124e-16  2.6962e-15
1251.6185  -2093.96    1.0278    0.0988  2.7722e-15  2.6643e-16  2.6972e-15
1251.6484  -2086.84    1.0243    0.0986  2.7636e-15  2.6604e-16  2.6981e-15
1251.6783  -2079.73    0.9722    0.0961  2.6241e-15  2.5938e-16  2.6991e-15
1251.7082  -2072.61    1.1086    0.1025  2.9933e-15  2.7667e-16  2.7002e-15
1251.7381  -2065.50    1.0255    0.0986  2.7700e-15  2.6634e-16  2.7012e-15
1251.7680  -2058.38    0.8695    0.0909  2.3495e-15  2.4569e-16  2.7022e-15
1251.7979  -2051.27    1.0016    0.0974  2.7076e-15  2.6343e-16  2.7032e-15
1251.8278  -2044.16    1.1795    0.1056  3.1897e-15  2.8560e-16  2.7043e-15
1251.8577  -2037.04    0.9654    0.0957  2.6117e-15  2.5886e-16  2.7054e-15
1251.8876  -2029.93    1.0348    0.0990  2.8007e-15  2.6785e-16  2.7064e-15
1251.9176  -2022.81    0.9326    0.0940  2.5249e-15  2.5457e-16  2.7075e-15
1251.9475  -2015.70    0.9702    0.0958  2.6280e-15  2.5961e-16  2.7086e-15
1251.9774  -2008.59    1.0493    0.1127  2.8433e-15  3.0531e-16  2.7097e-15
1252.0073  -2001.47    1.0347    0.1333  2.8049e-15  3.6142e-16  2.7108e-15
1252.0372  -1994.36    1.2949    0.1474  3.5117e-15  3.9980e-16  2.7119e-15
1252.0671  -1987.24    1.0589    0.1373  2.8727e-15  3.7238e-16  2.7130e-15
1252.0970  -1980.13    0.9999    0.1330  2.7138e-15  3.6112e-16  2.7142e-15
1252.1269  -1973.02    1.1874    0.1409  3.2241e-15  3.8258e-16  2.7153e-15
1252.1568  -1965.90    0.9692    0.1319  2.6327e-15  3.5842e-16  2.7165e-15
1252.1867  -1958.79    0.9691    0.1265  2.6337e-15  3.4386e-16  2.7176e-15
1252.2167  -1951.67    0.9734    0.1275  2.6465e-15  3.4654e-16  2.7188e-15
1252.2466  -1944.56    1.0880    0.1335  2.9595e-15  3.6301e-16  2.7200e-15
1252.2765  -1937.44    0.8799    0.1224  2.3943e-15  3.3319e-16  2.7212e-15
1252.3064  -1930.33    1.1271    0.1382  3.0683e-15  3.7631e-16  2.7224e-15
1252.3363  -1923.22    1.0747    0.1362  2.9270e-15  3.7090e-16  2.7236e-15
1252.3662  -1916.10    0.8593    0.1218  2.3413e-15  3.3184e-16  2.7248e-15
1252.3961  -1908.99    0.9409    0.1293  2.5649e-15  3.5259e-16  2.7260e-15
1252.4260  -1901.87    0.9492    0.1268  2.5887e-15  3.4594e-16  2.7273e-15
1252.4559  -1894.76    0.9886    0.1255  2.6973e-15  3.4241e-16  2.7285e-15
1252.4858  -1887.65    0.8731    0.1204  2.3834e-15  3.2867e-16  2.7298e-15
1252.5158  -1880.53    0.9700    0.1160  2.6491e-15  3.1673e-16  2.7310e-15
1252.5457  -1873.42    0.8914    0.0970  2.4354e-15  2.6491e-16  2.7323e-15
1252.5756  -1866.30    1.0507    0.0992  2.8721e-15  2.7115e-16  2.7336e-15
1252.6055  -1859.19    0.9007    0.0919  2.4633e-15  2.5145e-16  2.7349e-15
1252.6354  -1852.08    1.0121    0.0973  2.7693e-15  2.6629e-16  2.7362e-15
1252.6653  -1844.96    0.8295    0.0883  2.2707e-15  2.4165e-16  2.7375e-15
1252.6952  -1837.85    1.0075    0.0971  2.7593e-15  2.6580e-16  2.7388e-15
1252.7251  -1830.73    0.8857    0.0911  2.4270e-15  2.4957e-16  2.7401e-15
1252.7550  -1823.62    0.9271    0.0931  2.5415e-15  2.5532e-16  2.7414e-15
1252.7849  -1816.50    0.9190    0.0927  2.5205e-15  2.5434e-16  2.7428e-15
1252.8149  -1809.39    1.0196    0.0975  2.7980e-15  2.6759e-16  2.7441e-15
1252.8448  -1802.28    0.9957    0.0964  2.7337e-15  2.6452e-16  2.7455e-15
1252.8747  -1795.16    1.0355    0.0982  2.8442e-15  2.6975e-16  2.7468e-15
1252.9046  -1788.05    0.9779    0.0955  2.6873e-15  2.6236e-16  2.7482e-15
1252.9345  -1780.93    1.0274    0.0978  2.8250e-15  2.6889e-16  2.7496e-15
1252.9644  -1773.82    0.9216    0.0927  2.5353e-15  2.5504e-16  2.7509e-15
1252.9943  -1766.71    1.0070    0.0968  2.7716e-15  2.6641e-16  2.7523e-15
1253.0242  -1759.59    1.1473    0.1031  3.1594e-15  2.8400e-16  2.7537e-15
1253.0541  -1752.48    0.9817    0.0955  2.7046e-15  2.6319e-16  2.7551e-15
1253.0840  -1745.36    0.9759    0.0952  2.6901e-15  2.6252e-16  2.7566e-15
1253.1140  -1738.25    0.8997    0.0915  2.4813e-15  2.5235e-16  2.7580e-15
1253.1439  -1731.14    0.9612    0.0945  2.6523e-15  2.6068e-16  2.7594e-15
1253.1738  -1724.02    1.1206    0.1018  3.0938e-15  2.8112e-16  2.7608e-15
1253.2037  -1716.91    1.0274    0.0975  2.8379e-15  2.6942e-16  2.7623e-15
1253.2336  -1709.79    0.9809    0.0953  2.7109e-15  2.6340e-16  2.7637e-15
1253.2635  -1702.68    1.0681    0.0993  2.9534e-15  2.7469e-16  2.7652e-15
1253.2934  -1695.56    1.0584    0.0989  2.9283e-15  2.7353e-16  2.7667e-15
1253.3233  -1688.45    1.0667    0.0992  2.9529e-15  2.7464e-16  2.7681e-15
1253.3532  -1681.34    0.9486    0.0936  2.6273e-15  2.5923e-16  2.7696e-15
1253.3831  -1674.22    0.9584    0.0941  2.6559e-15  2.6071e-16  2.7711e-15
1253.4131  -1667.11    0.8632    0.0893  2.3933e-15  2.4767e-16  2.7726e-15
1253.4430  -1659.99    0.8167    0.0869  2.2655e-15  2.4109e-16  2.7741e-15
1253.4729  -1652.88    0.9322    0.0927  2.5875e-15  2.5730e-16  2.7756e-15
1253.5028  -1645.77    0.8509    0.0886  2.3629e-15  2.4609e-16  2.7771e-15
1253.5327  -1638.65    0.8733    0.0897  2.4264e-15  2.4930e-16  2.7786e-15
1253.5626  -1631.54    0.5957    0.0745  1.6561e-15  2.0703e-16  2.7802e-15
1253.5925  -1624.42    0.7310    0.0822  2.0333e-15  2.2877e-16  2.7817e-15
1253.6224  -1617.31    0.6233    0.0761  1.7348e-15  2.1183e-16  2.7832e-15
1253.6523  -1610.20    0.5409    0.0710  1.5063e-15  1.9784e-16  2.7848e-15
1253.6822  -1603.08    0.5099    0.0690  1.4208e-15  1.9234e-16  2.7863e-15
1253.7122  -1595.97    0.5570    0.0720  1.5528e-15  2.0070e-16  2.7879e-15
1253.7421  -1588.85    0.7529    0.0833  2.1003e-15  2.3240e-16  2.7895e-15
1253.7720  -1581.74    0.7392    0.0825  2.0632e-15  2.3032e-16  2.7910e-15
1253.8019  -1574.62    0.9099    0.0913  2.5410e-15  2.5496e-16  2.7926e-15
1253.8318  -1567.51    0.7616    0.0837  2.1279e-15  2.3375e-16  2.7942e-15
1253.8617  -1560.40    0.8512    0.0883  2.3798e-15  2.4686e-16  2.7958e-15
1253.8916  -1553.28    0.9824    0.0947  2.7480e-15  2.6485e-16  2.7974e-15
1253.9215  -1546.17    0.9975    0.0953  2.7920e-15  2.6686e-16  2.7990e-15
1253.9514  -1539.05    1.0418    0.0974  2.9177e-15  2.7269e-16  2.8006e-15
1253.9813  -1531.94    0.9177    0.0915  2.5716e-15  2.5628e-16  2.8022e-15
1254.0113  -1524.83    0.9403    0.0925  2.6364e-15  2.5944e-16  2.8038e-15
1254.0412  -1517.71    1.0108    0.0959  2.8358e-15  2.6891e-16  2.8054e-15
1254.0711  -1510.60    0.8977    0.0904  2.5199e-15  2.5386e-16  2.8071e-15
1254.1010  -1503.48    0.7987    0.0854  2.2434e-15  2.3977e-16  2.8087e-15
1254.1309  -1496.37    1.0262    0.0965  2.8840e-15  2.7118e-16  2.8104e-15
1254.1608  -1489.26    0.9914    0.0949  2.7878e-15  2.6682e-16  2.8120e-15
1254.1907  -1482.14    0.9749    0.0941  2.7430e-15  2.6474e-16  2.8137e-15
1254.2206  -1475.03    0.8806    0.0895  2.4790e-15  2.5186e-16  2.8153e-15
1254.2505  -1467.91    1.0170    0.0960  2.8649e-15  2.7031e-16  2.8170e-15
1254.2804  -1460.80    0.8689    0.0888  2.4491e-15  2.5035e-16  2.8186e-15
1254.3104  -1453.68    0.9766    0.0940  2.7543e-15  2.6521e-16  2.8203e-15
1254.3403  -1446.57    0.9395    0.0922  2.6512e-15  2.6033e-16  2.8220e-15
1254.3702  -1439.46    0.8532    0.0880  2.4091e-15  2.4840e-16  2.8237e-15
1254.4001  -1432.34    1.0078    0.0954  2.8473e-15  2.6960e-16  2.8254e-15
1254.4300  -1425.23    0.9260    0.0915  2.6179e-15  2.5873e-16  2.8271e-15
1254.4599  -1418.11    0.8900    0.0897  2.5175e-15  2.5375e-16  2.8288e-15
1254.4898  -1411.00    0.9447    0.0923  2.6739e-15  2.6135e-16  2.8305e-15
1254.5197  -1403.89    0.9993    0.0949  2.8303e-15  2.6879e-16  2.8322e-15
1254.5496  -1396.77    0.9469    0.0924  2.6835e-15  2.6190e-16  2.8339e-15
1254.5795  -1389.66    1.2983    0.1078  3.6815e-15  3.0580e-16  2.8356e-15
1254.6095  -1382.54    0.9215    0.0911  2.6148e-15  2.5841e-16  2.8373e-15
1254.6394  -1375.43    1.0915    0.0989  3.0988e-15  2.8092e-16  2.8391e-15
1254.6693  -1368.32    1.0122    0.0953  2.8754e-15  2.7076e-16  2.8408e-15
1254.6992  -1361.20    0.9860    0.0941  2.8026e-15  2.6735e-16  2.8425e-15
1254.7291  -1354.09    1.0835    0.0985  3.0817e-15  2.8007e-16  2.8443e-15
1254.7590  -1346.97    0.9855    0.0940  2.8046e-15  2.6743e-16  2.8460e-15
1254.7889  -1339.86    1.0016    0.0947  2.8522e-15  2.6961e-16  2.8478e-15
1254.8188  -1332.74    1.0488    0.0968  2.9887e-15  2.7590e-16  2.8495e-15
1254.8487  -1325.63    1.0708    0.0978  3.0532e-15  2.7888e-16  2.8513e-15
1254.8786  -1318.52    0.9934    0.0942  2.8343e-15  2.6885e-16  2.8531e-15
1254.9086  -1311.40    1.0731    0.0978  3.0636e-15  2.7931e-16  2.8548e-15
1254.9385  -1304.29    1.1093    0.0994  3.1688e-15  2.8399e-16  2.8566e-15
1254.9684  -1297.17    1.0807    0.0981  3.0890e-15  2.8048e-16  2.8584e-15
1254.9983  -1290.06    1.0121    0.0950  2.8948e-15  2.7159e-16  2.8602e-15
1255.0282  -1282.95    1.0239    0.0955  2.9303e-15  2.7318e-16  2.8619e-15
1255.0581  -1275.83    0.9935    0.0940  2.8452e-15  2.6923e-16  2.8637e-15
1255.0880  -1268.72    0.9969    0.0941  2.8567e-15  2.6979e-16  2.8655e-15
1255.1179  -1261.60    1.0329    0.0958  2.9617e-15  2.7465e-16  2.8673e-15
1255.1478  -1254.49    1.0233    0.0953  2.9360e-15  2.7349e-16  2.8691e-15
1255.1777  -1247.38    1.1534    0.1010  3.3114e-15  2.9008e-16  2.8709e-15
1255.2077  -1240.26    0.9576    0.0922  2.7511e-15  2.6492e-16  2.8727e-15
1255.2376  -1233.15    1.1279    0.0999  3.2422e-15  2.8712e-16  2.8745e-15
1255.2675  -1226.03    1.0321    0.0956  2.9687e-15  2.7494e-16  2.8764e-15
1255.2974  -1218.92    0.9885    0.0935  2.8452e-15  2.6924e-16  2.8782e-15
1255.3273  -1211.80    1.0611    0.0968  3.0559e-15  2.7882e-16  2.8800e-15
1255.3572  -1204.69    0.9915    0.0936  2.8574e-15  2.6975e-16  2.8818e-15
1255.3871  -1197.58    0.9515    0.0917  2.7438e-15  2.6446e-16  2.8836e-15
1255.4170  -1190.46    0.9802    0.0930  2.8284e-15  2.6846e-16  2.8855e-15
1255.4469  -1183.35    1.0460    0.0960  3.0201e-15  2.7719e-16  2.8873e-15
1255.4768  -1176.23    1.0931    0.0981  3.1581e-15  2.8336e-16  2.8891e-15
1255.5068  -1169.12    1.0360    0.0955  2.9949e-15  2.7610e-16  2.8910e-15
1255.5367  -1162.01    0.9938    0.0936  2.8750e-15  2.7068e-16  2.8928e-15
1255.5666  -1154.89    1.0404    0.0957  3.0117e-15  2.7689e-16  2.8947e-15
1255.5965  -1147.78    0.9441    0.0912  2.7345e-15  2.6413e-16  2.8965e-15
1255.6264  -1140.66    1.1538    0.1006  3.3440e-15  2.9149e-16  2.8984e-15
1255.6563  -1133.55    0.9739    0.0925  2.8245e-15  2.6832e-16  2.9002e-15
1255.6862  -1126.44    0.9093    0.0894  2.6389e-15  2.5952e-16  2.9021e-15
1255.7161  -1119.32    1.0983    0.0981  3.1894e-15  2.8483e-16  2.9039e-15
1255.7460  -1112.21    0.9346    0.0906  2.7157e-15  2.6323e-16  2.9058e-15
1255.7759  -1105.09    1.0672    0.0966  3.1030e-15  2.8100e-16  2.9077e-15
1255.8059  -1097.98    1.0977    0.1212  3.1939e-15  3.5267e-16  2.9095e-15
1255.8358  -1090.86    0.9883    0.1219  2.8775e-15  3.5496e-16  2.9114e-15
1255.8657  -1083.75    1.1019    0.1284  3.2100e-15  3.7392e-16  2.9133e-15
1255.8956  -1076.64    0.9974    0.1248  2.9076e-15  3.6370e-16  2.9151e-15
1255.9255  -1069.52    1.0118    0.1250  2.9515e-15  3.6463e-16  2.9170e-15
1255.9554  -1062.41    1.0337    0.1273  3.0171e-15  3.7157e-16  2.9189e-15
1255.9853  -1055.29    0.9046    0.1194  2.6420e-15  3.4875e-16  2.9208e-15
1256.0152  -1048.18    1.0267    0.1282  3.0007e-15  3.7467e-16  2.9226e-15
1256.0451  -1041.07    0.9451    0.1228  2.7640e-15  3.5912e-16  2.9245e-15
1256.0750  -1033.95    0.9719    0.1226  2.8443e-15  3.5881e-16  2.9264e-15
1256.1050  -1026.84    0.9885    0.1254  2.8948e-15  3.6719e-16  2.9283e-15
1256.1349  -1019.72    1.1592    0.1327  3.3967e-15  3.8883e-16  2.9302e-15
1256.1648  -1012.61    1.0168    0.1261  2.9812e-15  3.6974e-16  2.9321e-15
1256.1947  -1005.50    0.8871    0.1159  2.6027e-15  3.4008e-16  2.9340e-15
1256.2246   -998.38    0.9065    0.1195  2.6613e-15  3.5097e-16  2.9359e-15
1256.2545   -991.27    0.9171    0.1161  2.6943e-15  3.4101e-16  2.9378e-15
1256.2844   -984.15    0.9610    0.1227  2.8250e-15  3.6083e-16  2.9397e-15
1256.3143   -977.04    1.0303    0.1221  3.0306e-15  3.5903e-16  2.9416e-15
1256.3442   -969.92    0.9298    0.1130  2.7369e-15  3.3258e-16  2.9435e-15
1256.3741   -962.81    1.0560    0.0963  3.1104e-15  2.8352e-16  2.9454e-15
1256.4041   -955.70    1.0038    0.0930  2.9586e-15  2.7420e-16  2.9473e-15
1256.4340   -948.58    1.0072    0.0932  2.9704e-15  2.7472e-16  2.9492e-15
1256.4639   -941.47    0.9552    0.0907  2.8190e-15  2.6774e-16  2.9511e-15
1256.4938   -934.35    1.0627    0.0956  3.1383e-15  2.8220e-16  2.9530e-15
1256.5237   -927.24    1.0459    0.0948  3.0907e-15  2.8003e-16  2.9549e-15
1256.5536   -920.13    1.0989    0.0970  3.2491e-15  2.8694e-16  2.9568e-15
1256.5835   -913.01    0.9809    0.0917  2.9022e-15  2.7143e-16  2.9587e-15
1256.6134   -905.90    0.9674    0.0911  2.8642e-15  2.6973e-16  2.9606e-15
1256.6433   -898.78    0.9803    0.0917  2.9041e-15  2.7153e-16  2.9625e-15
1256.6732   -891.67    0.9766    0.0915  2.8950e-15  2.7117e-16  2.9645e-15
1256.7032   -884.56    1.0044    0.0927  2.9795e-15  2.7499e-16  2.9664e-15
1256.7331   -877.44    1.0310    0.0939  3.0603e-15  2.7859e-16  2.9683e-15
1256.7630   -870.33    1.0035    0.0926  2.9806e-15  2.7505e-16  2.9702e-15
1256.7929   -863.21    1.0584    0.0950  3.1458e-15  2.8240e-16  2.9721e-15
1256.8228   -856.10    1.0110    0.0929  3.0069e-15  2.7618e-16  2.9740e-15
1256.8527   -848.98    0.9999    0.0923  2.9756e-15  2.7478e-16  2.9759e-15
1256.8826   -841.87    0.9705    0.0910  2.8902e-15  2.7089e-16  2.9779e-15
1256.9125   -834.76    0.9588    0.0904  2.8571e-15  2.6943e-16  2.9798e-15
1256.9424   -827.64    0.9927    0.0919  2.9600e-15  2.7413e-16  2.9817e-15
1256.9723   -820.53    1.0463    0.0943  3.1218e-15  2.8137e-16  2.9836e-15
1257.0023   -813.41    1.0291    0.0935  3.0725e-15  2.7921e-16  2.9855e-15
1257.0322   -806.30    1.0195    0.0930  3.0458e-15  2.7794e-16  2.9875e-15
1257.0621   -799.19    1.0959    0.0964  3.2761e-15  2.8807e-16  2.9894e-15
1257.0920   -792.07    0.8968    0.0873  2.6826e-15  2.6119e-16  2.9913e-15
1257.1219   -784.96    1.0253    0.0932  3.0690e-15  2.7894e-16  2.9932e-15
1257.1518   -777.84    0.9685    0.0906  2.9007e-15  2.7135e-16  2.9951e-15
1257.1817   -770.73    1.0270    0.0932  3.0781e-15  2.7940e-16  2.9970e-15
1257.2116   -763.62    0.9384    0.0891  2.8142e-15  2.6735e-16  2.9990e-15
1257.2415   -756.50    0.9638    0.0903  2.8922e-15  2.7098e-16  3.0009e-15
1257.2714   -749.39    0.8988    0.0872  2.6989e-15  2.6195e-16  3.0028e-15
1257.3014   -742.27    0.8951    0.0870  2.6896e-15  2.6152e-16  3.0047e-15
1257.3313   -735.16    0.9346    0.0889  2.8100e-15  2.6720e-16  3.0066e-15
1257.3612   -728.04    0.9391    0.0891  2.8253e-15  2.6792e-16  3.0086e-15
1257.3911   -720.93    0.9765    0.0907  2.9396e-15  2.7320e-16  3.0105e-15
1257.4210   -713.82    0.9516    0.0896  2.8666e-15  2.6978e-16  3.0124e-15
1257.4509   -706.70    0.9691    0.0904  2.9212e-15  2.7234e-16  3.0143e-15
1257.4808   -699.59    1.0028    0.0918  3.0245e-15  2.7702e-16  3.0162e-15
1257.5107   -692.47    0.9414    0.0890  2.8412e-15  2.6856e-16  3.0181e-15
1257.5406   -685.36    1.0200    0.0925  3.0804e-15  2.7937e-16  3.0200e-15
1257.5705   -678.25    0.9255    0.0882  2.7968e-15  2.6645e-16  3.0220e-15
1257.6005   -671.13    1.0215    0.0925  3.0888e-15  2.7972e-16  3.0239e-15
1257.6304   -664.02    0.8143    0.0827  2.4639e-15  2.5030e-16  3.0258e-15
1257.6603   -656.90    0.9267    0.0881  2.8058e-15  2.6677e-16  3.0277e-15
1257.6902   -649.79    0.9517    0.0892  2.8832e-15  2.7030e-16  3.0296e-15
1257.7201   -642.68    0.9815    0.0906  2.9753e-15  2.7451e-16  3.0315e-15
1257.7500   -635.56    0.9414    0.0887  2.8557e-15  2.6900e-16  3.0334e-15
1257.7799   -628.45    0.8591    0.0847  2.6075e-15  2.5722e-16  3.0353e-15
1257.8098   -621.33    1.0270    0.0925  3.1191e-15  2.8095e-16  3.0372e-15
1257.8397   -614.22    0.9648    0.0897  2.9322e-15  2.7254e-16  3.0391e-15
1257.8696   -607.10    0.8963    0.0865  2.7257e-15  2.6291e-16  3.0410e-15
1257.8996   -599.99    0.9517    0.0890  2.8960e-15  2.7083e-16  3.0429e-15
1257.9295   -592.88    1.0315    0.0926  3.1407e-15  2.8186e-16  3.0448e-15
1257.9594   -585.76    0.8790    0.0855  2.6781e-15  2.6057e-16  3.0467e-15
1257.9893   -578.65    1.0447    0.0931  3.1848e-15  2.8377e-16  3.0486e-15
1258.0192   -571.53    1.0956    0.0953  3.3422e-15  2.9062e-16  3.0505e-15
1258.0491   -564.42    1.0462    0.0931  3.1933e-15  2.8417e-16  3.0524e-15
1258.0790   -557.31    1.0121    0.0916  3.0912e-15  2.7967e-16  3.0543e-15
1258.1089   -550.19    0.8928    0.0861  2.7286e-15  2.6306e-16  3.0562e-15
1258.1388   -543.08    1.0331    0.0925  3.1594e-15  2.8279e-16  3.0581e-15
1258.1687   -535.96    1.0504    0.0932  3.2142e-15  2.8521e-16  3.0599e-15
1258.1987   -528.85    0.9628    0.0893  2.9480e-15  2.7330e-16  3.0618e-15
1258.2286   -521.74    1.0036    0.0911  3.0748e-15  2.7907e-16  3.0637e-15
1258.2585   -514.62    0.9234    0.0874  2.8306e-15  2.6793e-16  3.0656e-15
1258.2884   -507.51    0.9368    0.0880  2.8736e-15  2.6991e-16  3.0674e-15
1258.3183   -500.39    0.9967    0.0907  3.0593e-15  2.7832e-16  3.0693e-15
1258.3482   -493.28    1.0170    0.0916  3.1233e-15  2.8120e-16  3.0712e-15
1258.3781   -486.16    1.0959    0.0950  3.3677e-15  2.9182e-16  3.0731e-15
1258.4080   -479.05    0.9670    0.0892  2.9735e-15  2.7443e-16  3.0749e-15
1258.4379   -471.94    0.9267    0.0874  2.8512e-15  2.6885e-16  3.0768e-15
1258.4678   -464.82    1.0486    0.0928  3.2284e-15  2.8578e-16  3.0787e-15
1258.4978   -457.71    1.0716    0.0938  3.3011e-15  2.8893e-16  3.0805e-15
1258.5277   -450.59    0.9067    0.0864  2.7949e-15  2.6627e-16  3.0824e-15
1258.5576   -443.48    0.9215    0.0871  2.8421e-15  2.6849e-16  3.0842e-15
1258.5875   -436.37    0.8776    0.0850  2.7082e-15  2.6223e-16  3.0861e-15
1258.6174   -429.25    0.9886    0.0901  3.0526e-15  2.7810e-16  3.0879e-15
1258.6473   -422.14    1.1073    0.0952  3.4213e-15  2.9417e-16  3.0898e-15
1258.6772   -415.02    1.0478    0.0926  3.2395e-15  2.8639e-16  3.0916e-15
1258.7071   -407.91    1.0230    0.0915  3.1645e-15  2.8305e-16  3.0934e-15
1258.7370   -400.80    0.9305    0.0873  2.8801e-15  2.7024e-16  3.0953e-15
1258.7669   -393.68    0.8881    0.0853  2.7506e-15  2.6419e-16  3.0971e-15
1258.7969   -386.57    1.0750    0.0936  3.3313e-15  2.9019e-16  3.0989e-15
1258.8268   -379.45    0.8895    0.0853  2.7581e-15  2.6448e-16  3.1008e-15
1258.8567   -372.34    0.8486    0.0833  2.6329e-15  2.5847e-16  3.1026e-15
1258.8866   -365.22    0.7790    0.0799  2.4183e-15  2.4792e-16  3.1044e-15
1258.9165   -358.11    1.0948    0.0944  3.4006e-15  2.9311e-16  3.1062e-15
1258.9464   -351.00    0.9677    0.0888  3.0078e-15  2.7593e-16  3.1080e-15
1258.9763   -343.88    0.9446    0.0877  2.9376e-15  2.7276e-16  3.1099e-15
1259.0062   -336.77    0.9016    0.0857  2.8054e-15  2.6662e-16  3.1117e-15
1259.0361   -329.65    0.9270    0.0868  2.8861e-15  2.7040e-16  3.1135e-15
1259.0660   -322.54    0.8880    0.0850  2.7664e-15  2.6487e-16  3.1153e-15
1259.0960   -315.43    1.0008    0.0901  3.1195e-15  2.8095e-16  3.1171e-15
1259.1259   -308.31    0.8911    0.0851  2.7793e-15  2.6539e-16  3.1188e-15
1259.1558   -301.20    1.1312    0.0957  3.5301e-15  2.9857e-16  3.1206e-15
1259.1857   -294.08    0.8503    0.0831  2.6550e-15  2.5955e-16  3.1224e-15
1259.2156   -286.97    0.8664    0.0839  2.7067e-15  2.6203e-16  3.1242e-15
1259.2455   -279.86    0.7190    0.0765  2.2476e-15  2.3928e-16  3.1260e-15
1259.2754   -272.74    0.5957    0.0698  1.8631e-15  2.1831e-16  3.1277e-15
1259.3053   -265.63    0.5302    0.0660  1.6592e-15  2.0640e-16  3.1295e-15
1259.3352   -258.51    0.4871    0.0633  1.5253e-15  1.9819e-16  3.1313e-15
1259.3651   -251.40    0.4302    0.0596  1.3479e-15  1.8670e-16  3.1330e-15
1259.3951   -244.28    0.5218    0.0654  1.6357e-15  2.0498e-16  3.1348e-15
1259.4250   -237.17    0.3494    0.0539  1.0959e-15  1.6910e-16  3.1365e-15
1259.4549   -230.06    0.4565    0.0613  1.4325e-15  1.9231e-16  3.1383e-15
1259.4848   -222.94    0.5364    0.0662  1.6842e-15  2.0794e-16  3.1400e-15
1259.5147   -215.83    0.6525    0.0728  2.0499e-15  2.2877e-16  3.1418e-15
1259.5446   -208.71    0.7060    0.0756  2.2192e-15  2.3775e-16  3.1435e-15
1259.5745   -201.60    0.8446    0.0825  2.6564e-15  2.5956e-16  3.1452e-15
1259.6044   -194.49    0.8893    0.0846  2.7987e-15  2.6626e-16  3.1470e-15
1259.6343   -187.37    0.9326    0.0866  2.9366e-15  2.7260e-16  3.1487e-15
1259.6642   -180.26    0.9274    0.0863  2.9218e-15  2.7194e-16  3.1504e-15
1259.6942   -173.14    1.1636    0.0965  3.6678e-15  3.0419e-16  3.1521e-15
1259.7241   -166.03    0.8097    0.0807  2.5538e-15  2.5461e-16  3.1538e-15
1259.7540   -158.92    0.9716    0.0883  3.0660e-15  2.7853e-16  3.1555e-15
1259.7839   -151.80    0.9825    0.0887  3.1018e-15  2.8015e-16  3.1572e-15
1259.8138   -144.69    0.8203    0.0812  2.5911e-15  2.5653e-16  3.1589e-15
1259.8437   -137.57    0.7612    0.0783  2.4059e-15  2.4740e-16  3.1606e-15
1259.8736   -130.46    0.6546    0.0727  2.0699e-15  2.2986e-16  3.1623e-15
1259.9035   -123.34    0.6918    0.0746  2.1888e-15  2.3618e-16  3.1639e-15
1259.9334   -116.23    0.5216    0.0650  1.6512e-15  2.0590e-16  3.1656e-15
1259.9633   -109.12    0.4039    0.0575  1.2794e-15  1.8216e-16  3.1673e-15
1259.9933   -102.00    0.3195    0.0514  1.0124e-15  1.6281e-16  3.1689e-15
1260.0232    -94.89    0.1982    0.0410  6.2843e-16  1.3010e-16  3.1706e-15
1260.0531    -87.77    0.1030    0.0306  3.2679e-16  9.7036e-17  3.1722e-15
1260.0830    -80.66    0.0657    0.0253  2.0849e-16  8.0306e-17  3.1739e-15
1260.1129    -73.55    0.0949    0.0295  3.0130e-16  9.3577e-17  3.1755e-15
1260.1428    -66.43    0.0333    0.0196  1.0565e-16  6.2296e-17  3.1771e-15
1260.1727    -59.32    0.0274    0.0184  8.6986e-17  5.8337e-17  3.1788e-15
1260.2026    -52.20    0.0378    0.0205  1.2031e-16  6.5102e-17  3.1804e-15
1260.2325    -45.09    0.0450    0.0218  1.4316e-16  6.9268e-17  3.1820e-15
1260.2624    -37.98    0.0312    0.0191  9.9219e-17  6.0758e-17  3.1836e-15
1260.2924    -30.86    0.0651    0.0250  2.0734e-16  7.9787e-17  3.1852e-15
1260.3223    -23.75    0.0697    0.0258  2.2218e-16  8.2062e-17  3.1868e-15
1260.3522    -16.63    0.0797    0.0273  2.5397e-16  8.6922e-17  3.1884e-15
1260.3821     -9.52    0.1284    0.0335  4.0956e-16  1.0697e-16  3.1900e-15
1260.4120     -2.40    0.2021    0.0412  6.4500e-16  1.3136e-16  3.1916e-15
1260.4419      4.71    0.2267    0.0434  7.2401e-16  1.3860e-16  3.1931e-15
1260.4718     11.82    0.4595    0.0689  1.4681e-15  2.2009e-16  3.1947e-15
1260.5017     18.94    0.6875    0.0968  2.1973e-15  3.0946e-16  3.1963e-15
1260.5316     26.05    0.7703    0.1042  2.4634e-15  3.3322e-16  3.1978e-15
1260.5615     33.17    0.8546    0.1108  2.7342e-15  3.5438e-16  3.1994e-15
1260.5915     40.28    0.8422    0.1123  2.6958e-15  3.5959e-16  3.2009e-15
1260.6214     47.39    0.8851    0.1132  2.8346e-15  3.6254e-16  3.2024e-15
1260.6513     54.51    0.8758    0.1107  2.8059e-15  3.5478e-16  3.2040e-15
1260.6812     61.62    0.8758    0.1128  2.8072e-15  3.6164e-16  3.2055e-15
1260.7111     68.74    0.8662    0.1131  2.7779e-15  3.6262e-16  3.2070e-15
1260.7410     75.85    0.8947    0.1152  2.8705e-15  3.6957e-16  3.2085e-15
1260.7709     82.96    1.0781    0.1234  3.4606e-15  3.9603e-16  3.2100e-15
1260.8008     90.08    0.9911    0.1211  3.1829e-15  3.8906e-16  3.2115e-15
1260.8307     97.19    0.9733    0.1183  3.1273e-15  3.8016e-16  3.2130e-15
1260.8606    104.31    1.0059    0.1170  3.2334e-15  3.7625e-16  3.2145e-15
1260.8906    111.42    1.1253    0.1267  3.6189e-15  4.0745e-16  3.2159e-15
1260.9205    118.54    0.8178    0.1098  2.6312e-15  3.5315e-16  3.2174e-15
1260.9504    125.65    0.9753    0.1072  3.1395e-15  3.4498e-16  3.2188e-15
1260.9803    132.76    1.1488    0.0991  3.6996e-15  3.1926e-16  3.2203e-15
1261.0102    139.88    0.9628    0.0869  3.1020e-15  2.7983e-16  3.2217e-15
1261.0401    146.99    1.0656    0.0913  3.4346e-15  2.9425e-16  3.2232e-15
1261.0700    154.11    0.9168    0.0848  2.9564e-15  2.7336e-16  3.2246e-15
1261.0999    161.22    1.0514    0.0907  3.3917e-15  2.9247e-16  3.2260e-15
1261.1298    168.33    0.9177    0.0848  2.9620e-15  2.7363e-16  3.2274e-15
1261.1597    175.45    0.9236    0.0850  2.9821e-15  2.7447e-16  3.2288e-15
1261.1897    182.56    0.9242    0.0850  2.9854e-15  2.7462e-16  3.2302e-15
1261.2196    189.68    0.9330    0.0854  3.0150e-15  2.7591e-16  3.2316e-15
1261.2495    196.79    1.0245    0.0894  3.3122e-15  2.8899e-16  3.2330e-15
1261.2794    203.90    1.0180    0.0891  3.2926e-15  2.8814e-16  3.2344e-15
1261.3093    211.02    1.0320    0.0897  3.3393e-15  2.9022e-16  3.2358e-15
1261.3392    218.13    1.0810    0.0918  3.4994e-15  2.9705e-16  3.2371e-15
1261.3691    225.25    0.9973    0.0882  3.2299e-15  2.8553e-16  3.2385e-15
1261.3990    232.36    0.9220    0.0848  2.9870e-15  2.7480e-16  3.2398e-15
1261.4289    239.48    0.9449    0.0858  3.0625e-15  2.7820e-16  3.2412e-15
1261.4588    246.59    0.9295    0.0851  3.0139e-15  2.7603e-16  3.2425e-15
1261.4888    253.70    1.0783    0.0916  3.4977e-15  2.9702e-16  3.2438e-15
1261.5187    260.82    1.0917    0.0921  3.5428e-15  2.9889e-16  3.2451e-15
1261.5486    267.93    0.8474    0.0813  2.7511e-15  2.6391e-16  3.2464e-15
1261.5785    275.05    0.9562    0.0862  3.1053e-15  2.8005e-16  3.2477e-15
1261.6084    282.16    0.8466    0.0812  2.7507e-15  2.6387e-16  3.2490e-15
1261.6383    289.27    1.0757    0.0913  3.4963e-15  2.9690e-16  3.2503e-15
1261.6682    296.39    0.8788    0.0827  2.8574e-15  2.6883e-16  3.2515e-15
1261.6981    303.50    1.0626    0.0908  3.4566e-15  2.9526e-16  3.2528e-15
1261.7280    310.62    1.1723    0.0953  3.8147e-15  3.0996e-16  3.2541e-15
1261.7579    317.73    0.9621    0.0864  3.1320e-15  2.8134e-16  3.2553e-15
1261.7879    324.84    1.1315    0.0936  3.6849e-15  3.0479e-16  3.2565e-15
1261.8178    331.96    0.9753    0.0870  3.1771e-15  2.8333e-16  3.2578e-15
1261.8477    339.07    1.0878    0.0918  3.5453e-15  2.9907e-16  3.2590e-15
1261.8776    346.19    1.0833    0.0916  3.5318e-15  2.9852e-16  3.2602e-15
1261.9075    353.30    0.9322    0.0850  3.0402e-15  2.7738e-16  3.2614e-15
1261.9374    360.42    1.0424    0.0898  3.4009e-15  2.9301e-16  3.2626e-15
1261.9673    367.53    0.9994    0.0880  3.2617e-15  2.8709e-16  3.2638e-15
1261.9972    374.64    0.9914    0.0876  3.2368e-15  2.8599e-16  3.2649e-15
1262.0271    381.76    0.9768    0.0869  3.1904e-15  2.8392e-16  3.2661e-15
1262.0570    388.87    0.8894    0.0830  2.9060e-15  2.7114e-16  3.2673e-15
1262.0870    395.99    1.1216    0.0930  3.6660e-15  3.0398e-16  3.2684e-15
1262.1169    403.10    0.8255    0.0800  2.6990e-15  2.6150e-16  3.2695e-15
1262.1468    410.21    0.9911    0.0875  3.2417e-15  2.8609e-16  3.2707e-15
1262.1767    417.33    0.9859    0.0872  3.2257e-15  2.8544e-16  3.2718e-15
1262.2066    424.44    0.8489    0.0811  2.7783e-15  2.6535e-16  3.2729e-15
1262.2365    431.56    1.0936    0.0918  3.5803e-15  3.0057e-16  3.2740e-15
1262.2664    438.67    1.1313    0.0933  3.7050e-15  3.0565e-16  3.2751e-15
1262.2963    445.78    1.0098    0.0882  3.3083e-15  2.8905e-16  3.2762e-15
1262.3262    452.90    0.9250    0.0845  3.0314e-15  2.7681e-16  3.2772e-15
1262.3561    460.01    1.0396    0.0894  3.4082e-15  2.9321e-16  3.2783e-15
1262.3861    467.13    0.9541    0.0857  3.1288e-15  2.8117e-16  3.2793e-15
1262.4160    474.24    0.9106    0.0838  2.9870e-15  2.7481e-16  3.2804e-15
1262.4459    481.36    1.0337    0.0891  3.3918e-15  2.9253e-16  3.2814e-15
1262.4758    488.47    0.9655    0.0862  3.1692e-15  2.8293e-16  3.2824e-15
1262.5057    495.58    1.0804    0.0911  3.5475e-15  2.9908e-16  3.2834e-15
1262.5356    502.70    1.0017    0.0877  3.2900e-15  2.8819e-16  3.2844e-15
1262.5655    509.81    1.1222    0.0928  3.6870e-15  3.0490e-16  3.2854e-15
1262.5954    516.93    1.0259    0.0888  3.3716e-15  2.9176e-16  3.2864e-15
1262.6253    524.04    1.0010    0.0877  3.2905e-15  2.8827e-16  3.2874e-15
1262.6552    531.15    1.0601    0.0902  3.4861e-15  2.9663e-16  3.2883e-15
1262.6852    538.27    1.0509    0.0898  3.4566e-15  2.9543e-16  3.2893e-15
1262.7151    545.38    0.9325    0.0847  3.0680e-15  2.7861e-16  3.2902e-15
1262.7450    552.50    0.8766    0.0821  2.8851e-15  2.7025e-16  3.2911e-15
1262.7749    559.61    0.9157    0.0839  3.0145e-15  2.7608e-16  3.2921e-15
1262.8048    566.72    0.9481    0.0853  3.1221e-15  2.8087e-16  3.2930e-15
1262.8347    573.84    1.1796    0.0950  3.8853e-15  3.1281e-16  3.2939e-15
1262.8646    580.95    1.1473    0.0937  3.7802e-15  3.0864e-16  3.2947e-15
1262.8945    588.07    1.0041    0.0877  3.3091e-15  2.8900e-16  3.2956e-15
1262.9244    595.18    0.8388    0.0803  2.7650e-15  2.6466e-16  3.2965e-15
1262.9543    602.30    0.9930    0.0872  3.2742e-15  2.8759e-16  3.2973e-15
1262.9843    609.41    1.0341    0.0890  3.4106e-15  2.9339e-16  3.2982e-15
1263.0142    616.52    1.1210    0.0926  3.6981e-15  3.0537e-16  3.2990e-15
1263.0441    623.64    1.1543    0.0939  3.8090e-15  3.0980e-16  3.2998e-15
1263.0740    630.75    0.8518    0.0808  2.8113e-15  2.6681e-16  3.3006e-15
1263.1039    637.87    0.9169    0.0838  3.0271e-15  2.7664e-16  3.3014e-15
1263.1338    644.98    1.0152    0.0881  3.3525e-15  2.9093e-16  3.3022e-15
1263.1637    652.09    1.0840    0.0910  3.5803e-15  3.0057e-16  3.3029e-15
1263.1936    659.21    1.0002    0.0875  3.3044e-15  2.8891e-16  3.3037e-15
1263.2235    666.32    1.0794    0.0908  3.5667e-15  3.0000e-16  3.3044e-15
1263.2534    673.44    1.0598    0.0900  3.5028e-15  2.9734e-16  3.3051e-15
1263.2834    680.55    0.8774    0.0820  2.9006e-15  2.7104e-16  3.3057e-15
1263.3133    687.67    0.9579    0.0856  3.1671e-15  2.8297e-16  3.3064e-15
1263.3432    694.78    0.9648    0.0859  3.1906e-15  2.8401e-16  3.3070e-15
1263.3731    701.89    0.9531    0.0854  3.1526e-15  2.8237e-16  3.3077e-15
1263.4030    709.01    1.0283    0.0886  3.4018e-15  2.9312e-16  3.3083e-15
1263.4329    716.12    0.9031    0.0831  2.9881e-15  2.7507e-16  3.3089e-15
1263.4628    723.24    0.9629    0.0858  3.1868e-15  2.8391e-16  3.3094e-15
1263.4927    730.35    1.0723    0.0904  3.5493e-15  2.9938e-16  3.3100e-15
1263.5226    737.46    1.0805    0.0908  3.5769e-15  3.0053e-16  3.3105e-15
1263.5525    744.58    0.9064    0.0833  3.0010e-15  2.7569e-16  3.3111e-15
1263.5825    751.69    1.1679    0.0943  3.8674e-15  3.1237e-16  3.3116e-15
1263.6124    758.81    1.1025    0.0917  3.6515e-15  3.0362e-16  3.3120e-15
1263.6423    765.92    1.0450    0.0893  3.4615e-15  2.9574e-16  3.3125e-15
1263.6722    773.03    1.1467    0.0935  3.7992e-15  3.0964e-16  3.3130e-15
1263.7021    780.15    1.0700    0.0903  3.5452e-15  2.9921e-16  3.3134e-15
1263.7320    787.26    1.0891    0.0911  3.6090e-15  3.0190e-16  3.3138e-15
1263.7619    794.38    1.0898    0.0911  3.6117e-15  3.0201e-16  3.3142e-15
1263.7918    801.49    1.0480    0.0894  3.4739e-15  2.9627e-16  3.3146e-15
1263.8217    808.61    0.9227    0.0840  3.0586e-15  2.7832e-16  3.3150e-15
1263.8516    815.72    0.9816    0.0865  3.2544e-15  2.8689e-16  3.3154e-15
1263.8816    822.83    1.1728    0.0944  3.8885e-15  3.1315e-16  3.3157e-15
1263.9115    829.95    1.0351    0.0888  3.4326e-15  2.9446e-16  3.3160e-15
1263.9414    837.06    0.9537    0.0853  3.1627e-15  2.8287e-16  3.3163e-15
1263.9713    844.18    0.9694    0.0860  3.2151e-15  2.8521e-16  3.3166e-15
1264.0012    851.29    0.9478    0.0851  3.1437e-15  2.8211e-16  3.3169e-15
1264.0311    858.40    0.9907    0.0869  3.2864e-15  2.8828e-16  3.3172e-15
1264.0610    865.52    1.0412    0.0891  3.4541e-15  2.9545e-16  3.3174e-15
1264.0909    872.63    1.1089    0.0919  3.6791e-15  3.0478e-16  3.3177e-15
1264.1208    879.75    0.9701    0.0860  3.2186e-15  2.8546e-16  3.3179e-15
1264.1507    886.86    1.0489    0.0894  3.4804e-15  2.9663e-16  3.3181e-15
1264.1807    893.97    1.0956    0.0913  3.6354e-15  3.0306e-16  3.3183e-15
1264.2106    901.09    0.8087    0.0787  2.6835e-15  2.6108e-16  3.3185e-15
1264.2405    908.20    0.9780    0.0864  3.2456e-15  2.8658e-16  3.3186e-15
1264.2704    915.32    0.9701    0.0860  3.2196e-15  2.8555e-16  3.3188e-15
1264.3003    922.43    1.0145    0.1084  3.3672e-15  3.5967e-16  3.3189e-15
1264.3302    929.55    0.9868    0.1141  3.2751e-15  3.7863e-16  3.3190e-15
1264.3601    936.66    0.8009    0.1058  2.6584e-15  3.5117e-16  3.3191e-15
1264.3900    943.77    0.8990    0.1112  2.9839e-15  3.6920e-16  3.3192e-15
1264.4199    950.89    0.9409    0.1114  3.1232e-15  3.6982e-16  3.3193e-15
1264.4498    958.00    1.0922    0.1202  3.6255e-15  3.9903e-16  3.3193e-15
1264.4798    965.12    1.0396    0.1167  3.4508e-15  3.8725e-16  3.3194e-15
1264.5097    972.23    1.0767    0.1208  3.5742e-15  4.0098e-16  3.3194e-15
1264.5396    979.34    1.0196    0.1169  3.3843e-15  3.8818e-16  3.3194e-15
1264.5695    986.46    1.0432    0.1179  3.4629e-15  3.9145e-16  3.3195e-15
1264.5994    993.57    1.0092    0.1178  3.3500e-15  3.9087e-16  3.3194e-15
1264.6293   1000.69    1.0920    0.1210  3.6248e-15  4.0154e-16  3.3194e-15
1264.6592   1007.80    1.2094    0.1268  4.0146e-15  4.2093e-16  3.3194e-15
1264.6891   1014.91    1.0104    0.1164  3.3539e-15  3.8647e-16  3.3193e-15
1264.7190   1022.03    0.9282    0.1161  3.0810e-15  3.8521e-16  3.3193e-15
1264.7489   1029.14    1.0954    0.1200  3.6358e-15  3.9819e-16  3.3192e-15
1264.7789   1036.26    1.0768    0.1124  3.5740e-15  3.7321e-16  3.3191e-15
1264.8088   1043.37    0.9923    0.0875  3.2935e-15  2.9041e-16  3.3190e-15
1264.8387   1050.49    0.9009    0.0829  2.9900e-15  2.7518e-16  3.3189e-15
1264.8686   1057.60    1.0291    0.0885  3.4154e-15  2.9375e-16  3.3188e-15
1264.8985   1064.71    1.0235    0.0883  3.3968e-15  2.9294e-16  3.3187e-15
1264.9284   1071.83    0.8844    0.0821  2.9349e-15  2.7258e-16  3.3185e-15
1264.9583   1078.94    1.0984    0.0914  3.6448e-15  3.0316e-16  3.3184e-15
1264.9882   1086.06    1.0417    0.0890  3.4565e-15  2.9536e-16  3.3182e-15
1265.0181   1093.17    0.9018    0.0829  2.9922e-15  2.7511e-16  3.3180e-15
1265.0480   1100.28    1.0701    0.0902  3.5503e-15  2.9930e-16  3.3178e-15
1265.0780   1107.40    1.0707    0.0902  3.5522e-15  2.9939e-16  3.3176e-15
1265.1079   1114.51    0.8874    0.0823  2.9438e-15  2.7294e-16  3.3174e-15
1265.1378   1121.63    0.9125    0.0834  3.0269e-15  2.7673e-16  3.3171e-15
1265.1677   1128.74    0.8986    0.0828  2.9807e-15  2.7460e-16  3.3169e-15
1265.1976   1135.85    0.9764    0.0862  3.2384e-15  2.8603e-16  3.3166e-15
1265.2275   1142.97    0.9589    0.0855  3.1800e-15  2.8354e-16  3.3164e-15
1265.2574   1150.08    0.9833    0.0866  3.2608e-15  2.8702e-16  3.3161e-15
1265.2873   1157.20    0.9530    0.0853  3.1599e-15  2.8270e-16  3.3158e-15
1265.3172   1164.31    1.0589    0.0898  3.5107e-15  2.9773e-16  3.3155e-15
1265.3471   1171.43    0.9185    0.0837  3.0451e-15  2.7761e-16  3.3152e-15
1265.3771   1178.54    0.8110    0.0788  2.6884e-15  2.6121e-16  3.3149e-15
1265.4070   1185.65    0.9340    0.0845  3.0958e-15  2.7995e-16  3.3146e-15
1265.4369   1192.77    0.9061    0.0832  3.0031e-15  2.7577e-16  3.3142e-15
1265.4668   1199.88    1.0701    0.0903  3.5462e-15  2.9920e-16  3.3139e-15
1265.4967   1207.00    0.9384    0.0846  3.1095e-15  2.8049e-16  3.3135e-15
1265.5266   1214.11    0.9615    0.0857  3.1857e-15  2.8388e-16  3.3131e-15
1265.5565   1221.22    0.9711    0.0861  3.2171e-15  2.8522e-16  3.3127e-15
1265.5864   1228.34    1.0106    0.0878  3.3476e-15  2.9087e-16  3.3124e-15
1265.6163   1235.45    1.0082    0.0877  3.3390e-15  2.9046e-16  3.3120e-15
1265.6462   1242.57    1.0789    0.0907  3.5728e-15  3.0033e-16  3.3115e-15
1265.6762   1249.68    1.1066    0.0918  3.6639e-15  3.0411e-16  3.3111e-15
1265.7061   1256.79    0.9320    0.0844  3.0856e-15  2.7947e-16  3.3107e-15
1265.7360   1263.91    0.9111    0.0835  3.0161e-15  2.7641e-16  3.3102e-15
1265.7659   1271.02    0.9266    0.0842  3.0668e-15  2.7865e-16  3.3098e-15
1265.7958   1278.14    0.9709    0.0861  3.2131e-15  2.8509e-16  3.3093e-15
1265.8257   1285.25    1.0268    0.0885  3.3976e-15  2.9299e-16  3.3089e-15
1265.8556   1292.37    0.8891    0.0825  2.9414e-15  2.7302e-16  3.3084e-15
1265.8855   1299.48    0.7664    0.0767  2.5351e-15  2.5385e-16  3.3079e-15
1265.9154   1306.59    0.9399    0.0848  3.1086e-15  2.8057e-16  3.3074e-15
1265.9453   1313.71    0.9853    0.0868  3.2583e-15  2.8717e-16  3.3069e-15
1265.9753   1320.82    0.9318    0.0845  3.0810e-15  2.7933e-16  3.3064e-15
1266.0052   1327.94    1.0412    0.0892  3.4420e-15  2.9493e-16  3.3058e-15
1266.0351   1335.05    1.0473    0.0895  3.4616e-15  2.9571e-16  3.3053e-15
1266.0650   1342.16    0.9969    0.0873  3.2946e-15  2.8856e-16  3.3048e-15
1266.0949   1349.28    1.0617    0.0901  3.5082e-15  2.9762e-16  3.3042e-15
1266.1248   1356.39    1.0838    0.0910  3.5805e-15  3.0065e-16  3.3037e-15
1266.1547   1363.51    1.0681    0.0904  3.5281e-15  2.9850e-16  3.3031e-15
1266.1846   1370.62    1.0173    0.0882  3.3596e-15  2.9140e-16  3.3025e-15
1266.2145   1377.73    1.0162    0.0882  3.3555e-15  2.9118e-16  3.3019e-15
1266.2444   1384.85    1.0531    0.0898  3.4767e-15  2.9632e-16  3.3014e-15
1266.2744   1391.96    1.0791    0.0908  3.5618e-15  2.9985e-16  3.3008e-15
1266.3043   1399.08    0.9267    0.0843  3.0582e-15  2.7815e-16  3.3002e-15
1266.3342   1406.19    1.0445    0.0894  3.4465e-15  2.9499e-16  3.2995e-15
1266.3641   1413.31    1.0109    0.0880  3.3347e-15  2.9023e-16  3.2989e-15
1266.3940   1420.42    0.9396    0.0849  3.0991e-15  2.7997e-16  3.2983e-15
1266.4239   1427.53    1.0255    0.0886  3.3816e-15  2.9215e-16  3.2977e-15
1266.4538   1434.65    1.0629    0.0902  3.5043e-15  2.9739e-16  3.2970e-15
1266.4837   1441.76    0.9940    0.0873  3.2765e-15  2.8775e-16  3.2964e-15
1266.5136   1448.88    1.1415    0.0935  3.7620e-15  3.0800e-16  3.2957e-15
1266.5435   1455.99    0.9492    0.0853  3.1276e-15  2.8121e-16  3.2950e-15
1266.5735   1463.10    1.0957    0.0916  3.6097e-15  3.0173e-16  3.2944e-15
1266.6034   1470.22    1.0645    0.0903  3.5061e-15  2.9738e-16  3.2937e-15
1266.6333   1477.33    0.9611    0.0859  3.1649e-15  2.8278e-16  3.2930e-15
1266.6632   1484.45    0.9224    0.0842  3.0368e-15  2.7712e-16  3.2923e-15
1266.6931   1491.56    0.9832    0.0869  3.2365e-15  2.8591e-16  3.2916e-15
1266.7230   1498.67    0.9942    0.0873  3.2718e-15  2.8744e-16  3.2909e-15
1266.7529   1505.79    0.9856    0.0870  3.2427e-15  2.8609e-16  3.2902e-15
1266.7828   1512.90    0.9351    0.0847  3.0759e-15  2.7876e-16  3.2895e-15
1266.8127   1520.02    0.9798    0.0867  3.2225e-15  2.8523e-16  3.2888e-15
1266.8426   1527.13    1.0153    0.0883  3.3382e-15  2.9023e-16  3.2881e-15
1266.8726   1534.25    1.1378    0.0934  3.7402e-15  3.0698e-16  3.2873e-15
1266.9025   1541.36    1.0296    0.0889  3.3840e-15  2.9222e-16  3.2866e-15
1266.9324   1548.47    1.0526    0.0899  3.4586e-15  2.9536e-16  3.2858e-15
1266.9623   1555.59    1.0209    0.0886  3.3539e-15  2.9095e-16  3.2851e-15
1266.9922   1562.70    1.1024    0.0920  3.6206e-15  3.0211e-16  3.2843e-15
1267.0221   1569.82    1.0351    0.0892  3.3987e-15  2.9284e-16  3.2836e-15
1267.0520   1576.93    0.9499    0.0855  3.1184e-15  2.8075e-16  3.2828e-15
1267.0819   1584.04    0.9785    0.0868  3.2116e-15  2.8486e-16  3.2820e-15
1267.1118   1591.16    1.1133    0.0925  3.6531e-15  3.0353e-16  3.2813e-15
1267.1417   1598.27    0.8907    0.0829  2.9219e-15  2.7191e-16  3.2805e-15
1267.1717   1605.39    0.8776    0.0823  2.8782e-15  2.6986e-16  3.2797e-15
1267.2016   1612.50    1.1308    0.0933  3.7078e-15  3.0578e-16  3.2789e-15
1267.2315   1619.61    1.0686    0.0907  3.5031e-15  2.9735e-16  3.2781e-15
1267.2614   1626.73    1.0264    0.0889  3.3639e-15  2.9146e-16  3.2773e-15
1267.2913   1633.84    0.9043    0.0836  2.9629e-15  2.7381e-16  3.2765e-15
1267.3212   1640.96    0.9524    0.0857  3.1198e-15  2.8079e-16  3.2757e-15
1267.3511   1648.07    0.9637    0.0862  3.1560e-15  2.8243e-16  3.2749e-15
1267.3810   1655.19    0.8364    0.0805  2.7385e-15  2.6344e-16  3.2741e-15
1267.4109   1662.30    0.9736    0.0867  3.1870e-15  2.8384e-16  3.2733e-15
1267.4408   1669.41    0.8437    0.0808  2.7611e-15  2.6456e-16  3.2724e-15
1267.4708   1676.53    0.9945    0.0877  3.2537e-15  2.8679e-16  3.2716e-15
1267.5007   1683.64    1.0755    0.0911  3.5179e-15  2.9803e-16  3.2708e-15
1267.5306   1690.76    1.0661    0.0907  3.4861e-15  2.9674e-16  3.2699e-15
1267.5605   1697.87    0.9673    0.0865  3.1622e-15  2.8277e-16  3.2691e-15
1267.5904   1704.98    1.0780    0.0912  3.5233e-15  2.9818e-16  3.2683e-15
1267.6203   1712.10    1.0134    0.0885  3.3112e-15  2.8931e-16  3.2674e-15
1267.6502   1719.21    0.9284    0.0848  3.0327e-15  2.7706e-16  3.2666e-15
1267.6801   1726.33    0.8642    0.0819  2.8221e-15  2.6745e-16  3.2657e-15
1267.7100   1733.44    0.9855    0.0874  3.2177e-15  2.8521e-16  3.2649e-15
1267.7399   1740.55    1.0006    0.0880  3.2661e-15  2.8736e-16  3.2640e-15
1267.7699   1747.67    0.8622    0.0819  2.8133e-15  2.6712e-16  3.2631e-15
1267.7998   1754.78    1.0687    0.0910  3.4864e-15  2.9683e-16  3.2623e-15
1267.8297   1761.90    0.9082    0.0840  2.9620e-15  2.7395e-16  3.2614e-15
1267.8596   1769.01    0.7906    0.0785  2.5777e-15  2.5588e-16  3.2605e-15
1267.8895   1776.13    0.9507    0.0859  3.0989e-15  2.8014e-16  3.2597e-15
1267.9194   1783.24    1.0169    0.0888  3.3139e-15  2.8950e-16  3.2588e-15
1267.9493   1790.35    1.1217    0.0932  3.6545e-15  3.0373e-16  3.2579e-15
1267.9792   1797.47    1.0114    0.0886  3.2941e-15  2.8866e-16  3.2570e-15
1268.0091   1804.58    1.2323    0.0977  4.0126e-15  3.1810e-16  3.2562e-15
1268.0390   1811.70    0.9672    0.0867  3.1485e-15  2.8230e-16  3.2553e-15
1268.0690   1818.81    0.9217    0.0847  2.9995e-15  2.7562e-16  3.2544e-15
1268.0989   1825.92    0.9940    0.0879  3.2339e-15  2.8602e-16  3.2535e-15
1268.1288   1833.04    0.9281    0.0850  3.0187e-15  2.7657e-16  3.2526e-15
1268.1587   1840.15    0.8953    0.0835  2.9112e-15  2.7164e-16  3.2517e-15
1268.1886   1847.27    0.6715    0.0726  2.1830e-15  2.3595e-16  3.2509e-15
1268.2185   1854.38    0.7405    0.0762  2.4067e-15  2.4752e-16  3.2500e-15
1268.2484   1861.49    0.9121    0.0844  2.9634e-15  2.7413e-16  3.2491e-15
1268.2783   1868.61    0.8659    0.0823  2.8125e-15  2.6723e-16  3.2482e-15
1268.3082   1875.72    0.8104    0.0797  2.6316e-15  2.5870e-16  3.2473e-15
1268.3381   1882.84    0.7527    0.0769  2.4434e-15  2.4951e-16  3.2464e-15
1268.3681   1889.95    0.9955    0.0882  3.2310e-15  2.8610e-16  3.2455e-15
1268.3980   1897.07    0.8202    0.0802  2.6614e-15  2.6010e-16  3.2446e-15
1268.4279   1904.18    0.9487    0.0861  3.0774e-15  2.7922e-16  3.2437e-15
1268.4578   1911.29    0.9824    0.0876  3.1858e-15  2.8394e-16  3.2428e-15
1268.4877   1918.41    0.8799    0.0829  2.8525e-15  2.6886e-16  3.2419e-15
1268.5176   1925.52    0.8631    0.0822  2.7974e-15  2.6637e-16  3.2410e-15
1268.5475   1932.64    0.8609    0.0821  2.7893e-15  2.6605e-16  3.2401e-15
1268.5774   1939.75    0.9424    0.0859  3.0527e-15  2.7809e-16  3.2392e-15
1268.6073   1946.86    0.9789    0.0875  3.1700e-15  2.8322e-16  3.2383e-15
1268.6372   1953.98    0.9150    0.0846  2.9622e-15  2.7385e-16  3.2374e-15
1268.6672   1961.09    0.9716    0.0872  3.1447e-15  2.8209e-16  3.2365e-15
1268.6971   1968.21    0.9369    0.0856  3.0314e-15  2.7698e-16  3.2356e-15
1268.7270   1975.32    0.8160    0.0800  2.6394e-15  2.5879e-16  3.2347e-15
1268.7569   1982.43    1.1022    0.0928  3.5642e-15  2.9997e-16  3.2338e-15
1268.7868   1989.55    0.8307    0.0807  2.6855e-15  2.6097e-16  3.2329e-15
1268.8167   1996.66    1.0194    0.0893  3.2948e-15  2.8863e-16  3.2320e-15
1268.8466   2003.78    0.8203    0.0874  2.6505e-15  2.8244e-16  3.2311e-15
1268.8765   2010.89    1.0005    0.1123  3.2317e-15  3.6265e-16  3.2303e-15
1268.9064   2018.01    0.9179    0.1153  2.9643e-15  3.7222e-16  3.2294e-15
1268.9363   2025.12    1.0412    0.1219  3.3616e-15  3.9359e-16  3.2285e-15
1268.9663   2032.23    0.9844    0.1176  3.1773e-15  3.7957e-16  3.2276e-15
1268.9962   2039.35    1.0668    0.1249  3.4421e-15  4.0314e-16  3.2267e-15
1269.0261   2046.46    1.0011    0.1207  3.2295e-15  3.8939e-16  3.2258e-15
1269.0560   2053.58    0.9039    0.1178  2.9150e-15  3.7981e-16  3.2249e-15
1269.0859   2060.69    1.0581    0.1229  3.4113e-15  3.9622e-16  3.2240e-15
1269.1158   2067.80    1.0024    0.1178  3.2309e-15  3.7972e-16  3.2232e-15
1269.1457   2074.92    1.0601    0.1225  3.4158e-15  3.9469e-16  3.2223e-15
1269.1756   2082.03    1.0432    0.1207  3.3606e-15  3.8879e-16  3.2214e-15
1269.2055   2089.15    0.9308    0.1121  2.9976e-15  3.6106e-16  3.2205e-15
1269.2354   2096.26    0.9785    0.1186  3.1506e-15  3.8172e-16  3.2196e-15
1269.2654   2103.37    0.9883    0.1192  3.1812e-15  3.8365e-16  3.2188e-15
1269.2953   2110.49    1.0470    0.1186  3.3690e-15  3.8168e-16  3.2179e-15
1269.3252   2117.60    1.1224    0.1232  3.6109e-15  3.9639e-16  3.2170e-15
1269.3551   2124.72    0.8488    0.0980  2.7300e-15  3.1519e-16  3.2162e-15
1269.3850   2131.83    0.9728    0.0910  3.1279e-15  2.9267e-16  3.2153e-15
1269.4149   2138.95    0.9382    0.0860  3.0159e-15  2.7630e-16  3.2144e-15
1269.4448   2146.06    1.0578    0.0912  3.3993e-15  2.9309e-16  3.2136e-15
1269.4747   2153.17    1.1096    0.0934  3.5648e-15  3.0006e-16  3.2127e-15
1269.5046   2160.29    0.9598    0.0870  3.0826e-15  2.7938e-16  3.2119e-15
1269.5345   2167.40    0.9526    0.0867  3.0587e-15  2.7831e-16  3.2110e-15
1269.5645   2174.52    0.8416    0.0816  2.7016e-15  2.6191e-16  3.2102e-15
1269.5944   2181.63    0.9290    0.0857  2.9816e-15  2.7493e-16  3.2093e-15
1269.6243   2188.74    0.9225    0.0854  2.9598e-15  2.7401e-16  3.2085e-15
1269.6542   2195.86    0.9524    0.0867  3.0551e-15  2.7824e-16  3.2077e-15
1269.6841   2202.97    1.0086    0.0892  3.2345e-15  2.8616e-16  3.2068e-15
1269.7140   2210.09    0.9032    0.0846  2.8956e-15  2.7111e-16  3.2060e-15
1269.7439   2217.20    0.9069    0.0847  2.9069e-15  2.7159e-16  3.2052e-15
1269.7738   2224.31    0.9682    0.0875  3.1024e-15  2.8035e-16  3.2044e-15
1269.8037   2231.43    0.9784    0.0879  3.1343e-15  2.8170e-16  3.2035e-15
1269.8336   2238.54    0.9886    0.0884  3.1663e-15  2.8309e-16  3.2027e-15
1269.8636   2245.66    0.9018    0.0845  2.8874e-15  2.7048e-16  3.2019e-15
1269.8935   2252.77    0.9641    0.0873  3.0863e-15  2.7941e-16  3.2011e-15
1269.9234   2259.89    1.0123    0.0894  3.2396e-15  2.8616e-16  3.2003e-15
1269.9533   2267.00    1.0470    0.0909  3.3500e-15  2.9091e-16  3.1995e-15
1269.9832   2274.11    1.0827    0.0924  3.4632e-15  2.9570e-16  3.1987e-15
1270.0131   2281.23    1.0238    0.0899  3.2741e-15  2.8763e-16  3.1980e-15
1270.0430   2288.34    1.0598    0.0915  3.3883e-15  2.9254e-16  3.1972e-15
1270.0729   2295.46    1.1268    0.0943  3.6018e-15  3.0139e-16  3.1964e-15
1270.1028   2302.57    0.9112    0.0849  2.9118e-15  2.7141e-16  3.1956e-15
1270.1327   2309.68    1.0763    0.0922  3.4388e-15  2.9456e-16  3.1949e-15
1270.1627   2316.80    0.8901    0.0840  2.8430e-15  2.6817e-16  3.1941e-15
1270.1926   2323.91    0.9115    0.0849  2.9106e-15  2.7124e-16  3.1934e-15
1270.2225   2331.03    1.1355    0.0947  3.6252e-15  3.0223e-16  3.1926e-15
1270.2524   2338.14    0.9200    0.1016  2.9366e-15  3.2444e-16  3.1919e-15
1270.2823   2345.25    0.9761    0.1279  3.1148e-15  4.0802e-16  3.1911e-15
1270.3122   2352.37    1.0614    0.1319  3.3863e-15  4.2075e-16  3.1904e-15
1270.3421   2359.48    0.9026    0.1219  2.8791e-15  3.8869e-16  3.1897e-15
1270.3720   2366.60    1.1699    0.1383  3.7308e-15  4.4112e-16  3.1889e-15
1270.4019   2373.71    0.9697    0.1262  3.0916e-15  4.0250e-16  3.1882e-15
1270.4318   2380.83    0.9477    0.1249  3.0208e-15  3.9817e-16  3.1875e-15
1270.4618   2387.94    0.8965    0.1216  2.8571e-15  3.8760e-16  3.1868e-15
1270.4917   2395.05    0.8227    0.1167  2.6214e-15  3.7173e-16  3.1861e-15
1270.5216   2402.17    1.0456    0.1311  3.3307e-15  4.1773e-16  3.1854e-15
1270.5515   2409.28    0.9692    0.1264  3.0865e-15  4.0259e-16  3.1847e-15
1270.5814   2416.40    0.9356    0.1243  2.9789e-15  3.9583e-16  3.1841e-15
1270.6113   2423.51    1.0420    0.1310  3.3170e-15  4.1691e-16  3.1834e-15
1270.6412   2430.62    1.0083    0.1289  3.2092e-15  4.1034e-16  3.1827e-15
1270.6711   2437.74    1.1837    0.1394  3.7666e-15  4.4372e-16  3.1821e-15
1270.7010   2444.85    1.1836    0.1394  3.7655e-15  4.4362e-16  3.1814e-15
1270.7309   2451.97    1.0683    0.1326  3.3980e-15  4.2184e-16  3.1808e-15
1270.7609   2459.08    0.9741    0.1268  3.0979e-15  4.0326e-16  3.1802e-15
1270.7908   2466.19    1.1210    0.1358  3.5643e-15  4.3178e-16  3.1795e-15
1270.8207   2473.31    1.0627    0.1323  3.3783e-15  4.2064e-16  3.1789e-15
1270.8506   2480.42    1.1173    0.1356  3.5511e-15  4.3092e-16  3.1783e-15
1270.8805   2487.54    0.8736    0.1203  2.7761e-15  3.8227e-16  3.1777e-15
1270.9104   2494.65    1.1410    0.1371  3.6251e-15  4.3550e-16  3.1771e-15
1270.9403   2501.77    1.2338    0.1425  3.9192e-15  4.5255e-16  3.1765e-15
1270.9702   2508.88    1.0499    0.1317  3.3345e-15  4.1816e-16  3.1759e-15
1271.0001   2515.99    1.1098    0.1353  3.5239e-15  4.2955e-16  3.1753e-15
1271.0300   2523.11    1.0580    0.1322  3.3590e-15  4.1974e-16  3.1748e-15
