# Wave  Vhel  NormFlux  NormErr      Flux        Error       Continuum
1384.4787  -1996.42    0.8569    0.1173  2.0374e-15  2.7892e-16  2.3776e-15
1384.5086  -1989.99    1.2665    0.1418  3.0115e-15  3.3715e-16  2.3778e-15
1384.5385  -1983.55    1.0208    0.1277  2.4274e-15  3.0363e-16  2.3779e-15
1384.5684  -1977.12    0.9646    0.1242  2.2938e-15  2.9529e-16  2.3781e-15
1384.5983  -1970.69    0.8203    0.1148  1.9509e-15  2.7304e-16  2.3782e-15
1384.6282  -1964.25    0.8546    0.1171  2.0326e-15  2.7850e-16  2.3784e-15
1384.6581  -1957.82    0.8195    0.1148  1.9492e-15  2.7300e-16  2.3786e-15
1384.6880  -1951.39    1.1564    0.1357  2.7507e-15  3.2273e-16  2.3787e-15
1384.7180  -1944.95    0.9715    0.1246  2.3111e-15  2.9640e-16  2.3789e-15
1384.7479  -1938.52    0.9776    0.1250  2.3257e-15  2.9728e-16  2.3790e-15
1384.7778  -1932.09    1.0656    0.1303  2.5354e-15  3.0994e-16  2.3792e-15
1384.8077  -1925.65    0.9824    0.1253  2.3376e-15  2.9804e-16  2.3794e-15
1384.8376  -1919.22    1.0100    0.1270  2.4034e-15  3.0211e-16  2.3795e-15
1384.8675  -1912.79    1.1000    0.1323  2.6177e-15  3.1486e-16  2.3797e-15
1384.8974  -1906.35    1.0632    0.1301  2.5302e-15  3.0963e-16  2.3799e-15
1384.9273  -1899.92    0.9781    0.1249  2.3278e-15  2.9727e-16  2.3800e-15
1384.9572  -1893.48    0.8923    0.1194  2.1238e-15  2.8430e-16  2.3802e-15
1384.9871  -1887.05    1.0596    0.1298  2.5223e-15  3.0906e-16  2.3804e-15
1385.0171  -1880.62    0.8720    0.1182  2.0759e-15  2.8132e-16  2.3805e-15
1385.0470  -1874.18    1.0431    0.1289  2.4833e-15  3.0698e-16  2.3807e-15
1385.0769  -1867.75    0.9318    0.1221  2.2185e-15  2.9066e-16  2.3809e-15
1385.1068  -1861.32    0.9245    0.1216  2.2014e-15  2.8965e-16  2.3811e-15
1385.1367  -1854.88    0.8585    0.1174  2.0444e-15  2.7959e-16  2.3813e-15
1385.1666  -1848.45    0.9195    0.1214  2.1896e-15  2.8903e-16  2.3814e-15
1385.1965  -1842.02    1.1446    0.1350  2.7260e-15  3.2142e-16  2.3816e-15
1385.2264  -1835.58    1.1772    0.1368  2.8037e-15  3.2587e-16  2.3818e-15
1385.2563  -1829.15    1.1164    0.1333  2.6592e-15  3.1754e-16  2.3820e-15
1385.2862  -1822.72    0.9472    0.1231  2.2565e-15  2.9321e-16  2.3822e-15
1385.3162  -1816.28    0.9221    0.1215  2.1968e-15  2.8951e-16  2.3824e-15
1385.3461  -1809.85    0.8319    0.1157  1.9820e-15  2.7558e-16  2.3826e-15
1385.3760  -1803.42    1.1410    0.1347  2.7187e-15  3.2107e-16  2.3828e-15
1385.4059  -1796.98    0.9867    0.1256  2.3513e-15  2.9918e-16  2.3829e-15
1385.4358  -1790.55    1.1268    0.1339  2.6853e-15  3.1914e-16  2.3831e-15
1385.4657  -1784.11    1.2300    0.1398  2.9315e-15  3.3311e-16  2.3833e-15
1385.4956  -1777.68    1.0038    0.1266  2.3926e-15  3.0178e-16  2.3835e-15
1385.5255  -1771.25    1.0156    0.1273  2.4210e-15  3.0350e-16  2.3837e-15
1385.5554  -1764.81    0.9777    0.1250  2.3308e-15  2.9802e-16  2.3839e-15
1385.5853  -1758.38    1.1282    0.1340  2.6897e-15  3.1948e-16  2.3841e-15
1385.6153  -1751.95    1.1112    0.1330  2.6494e-15  3.1712e-16  2.3843e-15
1385.6452  -1745.51    0.9217    0.1215  2.1979e-15  2.8973e-16  2.3845e-15
1385.6751  -1739.08    1.1336    0.1343  2.7033e-15  3.2024e-16  2.3847e-15
1385.7050  -1732.65    1.0059    0.1267  2.3989e-15  3.0208e-16  2.3849e-15
1385.7349  -1726.21    0.9666    0.1242  2.3055e-15  2.9627e-16  2.3852e-15
1385.7648  -1719.78    0.9489    0.1231  2.2634e-15  2.9366e-16  2.3854e-15
1385.7947  -1713.35    1.1942    0.1377  2.8488e-15  3.2846e-16  2.3856e-15
1385.8246  -1706.91    0.9839    0.1253  2.3473e-15  2.9890e-16  2.3858e-15
1385.8545  -1700.48    1.1216    0.1335  2.6761e-15  3.1857e-16  2.3860e-15
1385.8844  -1694.05    1.1692    0.1362  2.7899e-15  3.2508e-16  2.3862e-15
1385.9144  -1687.61    0.8593    0.1173  2.0506e-15  2.7995e-16  2.3864e-15
1385.9443  -1681.18    0.8711    0.1181  2.0789e-15  2.8183e-16  2.3866e-15
1385.9742  -1674.74    0.9397    0.1225  2.2430e-15  2.9237e-16  2.3869e-15
1386.0041  -1668.31    1.0095    0.1268  2.4098e-15  3.0268e-16  2.3871e-15
1386.0340  -1661.88    0.9209    0.1212  2.1984e-15  2.8932e-16  2.3873e-15
1386.0639  -1655.44    1.0245    0.1276  2.4459e-15  3.0465e-16  2.3875e-15
1386.0938  -1649.01    1.0420    0.1286  2.4880e-15  3.0717e-16  2.3877e-15
1386.1237  -1642.58    0.9819    0.1250  2.3448e-15  2.9847e-16  2.3880e-15
1386.1536  -1636.14    0.9092    0.1204  2.1714e-15  2.8750e-16  2.3882e-15
1386.1835  -1629.71    1.0004    0.1261  2.3894e-15  3.0121e-16  2.3884e-15
1386.2135  -1623.28    1.1165    0.1330  2.6668e-15  3.1780e-16  2.3886e-15
1386.2434  -1616.84    0.7117    0.1069  1.7000e-15  2.5532e-16  2.3889e-15
1386.2733  -1610.41    0.9509    0.1231  2.2718e-15  2.9399e-16  2.3891e-15
1386.3032  -1603.98    0.9919    0.1256  2.3700e-15  3.0008e-16  2.3893e-15
1386.3331  -1597.54    0.8967    0.1195  2.1428e-15  2.8564e-16  2.3895e-15
1386.3630  -1591.11    0.8700    0.1178  2.0792e-15  2.8157e-16  2.3898e-15
1386.3929  -1584.68    0.8652    0.1176  2.0679e-15  2.8098e-16  2.3900e-15
1386.4228  -1578.24    1.1270    0.1580  2.6939e-15  3.7764e-16  2.3902e-15
1386.4527  -1571.81    0.9846    0.1677  2.3536e-15  4.0083e-16  2.3905e-15
1386.4826  -1565.38    0.9011    0.1630  2.1543e-15  3.8976e-16  2.3907e-15
1386.5126  -1558.94    0.8365    0.1562  2.0001e-15  3.7336e-16  2.3909e-15
1386.5425  -1552.51    0.9459    0.1658  2.2617e-15  3.9634e-16  2.3912e-15
1386.5724  -1546.07    1.2848    0.1880  3.0726e-15  4.4947e-16  2.3914e-15
1386.6023  -1539.64    1.1658    0.1837  2.7882e-15  4.3938e-16  2.3916e-15
1386.6322  -1533.21    1.0478    0.1784  2.5062e-15  4.2679e-16  2.3919e-15
1386.6621  -1526.77    1.2503    0.1933  2.9909e-15  4.6240e-16  2.3921e-15
1386.6920  -1520.34    1.1654    0.1792  2.7881e-15  4.2878e-16  2.3924e-15
1386.7219  -1513.91    1.2715    0.1952  3.0422e-15  4.6713e-16  2.3926e-15
1386.7518  -1507.47    1.2134    0.1880  2.9036e-15  4.4979e-16  2.3928e-15
1386.7817  -1501.04    1.0244    0.1718  2.4516e-15  4.1112e-16  2.3931e-15
1386.8117  -1494.61    0.9074    0.1630  2.1716e-15  3.9000e-16  2.3933e-15
1386.8416  -1488.17    1.0495    0.1754  2.5120e-15  4.1994e-16  2.3936e-15
1386.8715  -1481.74    1.0969    0.1787  2.6259e-15  4.2770e-16  2.3938e-15
1386.9014  -1475.31    0.9952    0.1671  2.3827e-15  4.0015e-16  2.3941e-15
1386.9313  -1468.87    1.1703    0.1820  2.8021e-15  4.3585e-16  2.3943e-15
1386.9612  -1462.44    1.1290    0.1789  2.7034e-15  4.2847e-16  2.3946e-15
1386.9911  -1456.01    1.0405    0.1431  2.4918e-15  3.4263e-16  2.3948e-15
1387.0210  -1449.57    1.1383    0.1343  2.7263e-15  3.2174e-16  2.3951e-15
1387.0509  -1443.14    0.9829    0.1251  2.3544e-15  2.9965e-16  2.3953e-15
1387.0808  -1436.70    0.9441    0.1227  2.2617e-15  2.9392e-16  2.3956e-15
1387.1108  -1430.27    0.8883    0.1191  2.1281e-15  2.8535e-16  2.3958e-15
1387.1407  -1423.84    0.9572    0.1235  2.2936e-15  2.9587e-16  2.3961e-15
1387.1706  -1417.40    0.9743    0.1246  2.3348e-15  2.9852e-16  2.3963e-15
1387.2005  -1410.97    0.8882    0.1191  2.1286e-15  2.8541e-16  2.3966e-15
1387.2304  -1404.54    0.7847    0.1122  1.8808e-15  2.6881e-16  2.3968e-15
1387.2603  -1398.10    0.9832    0.1251  2.3568e-15  2.9980e-16  2.3971e-15
1387.2902  -1391.67    1.1121    0.1328  2.6661e-15  3.1843e-16  2.3974e-15
1387.3201  -1385.24    1.0465    0.1290  2.5090e-15  3.0917e-16  2.3976e-15
1387.3500  -1378.80    1.1636    0.1358  2.7903e-15  3.2564e-16  2.3979e-15
1387.3799  -1372.37    0.9781    0.1248  2.3457e-15  2.9923e-16  2.3981e-15
1387.4099  -1365.94    1.0224    0.1275  2.4520e-15  3.0574e-16  2.3984e-15
1387.4398  -1359.50    1.1044    0.1323  2.6492e-15  3.1738e-16  2.3986e-15
1387.4697  -1353.07    1.2555    0.1409  3.0117e-15  3.3799e-16  2.3989e-15
1387.4996  -1346.64    0.9832    0.1251  2.3590e-15  3.0010e-16  2.3992e-15
1387.5295  -1340.20    0.9472    0.1229  2.2728e-15  2.9482e-16  2.3994e-15
1387.5594  -1333.77    0.9042    0.1201  2.1699e-15  2.8829e-16  2.3997e-15
1387.5893  -1327.33    1.0238    0.1276  2.4571e-15  3.0624e-16  2.4000e-15
1387.6192  -1320.90    1.0109    0.1268  2.4263e-15  3.0447e-16  2.4002e-15
1387.6491  -1314.47    0.7781    0.1118  1.8679e-15  2.6831e-16  2.4005e-15
1387.6790  -1308.03    1.0361    0.1284  2.4875e-15  3.0829e-16  2.4007e-15
1387.7090  -1301.60    0.8469    0.1164  2.0334e-15  2.7953e-16  2.4010e-15
1387.7389  -1295.17    1.1409    0.1345  2.7396e-15  3.2300e-16  2.4013e-15
1387.7688  -1288.73    1.0070    0.1266  2.4185e-15  3.0394e-16  2.4015e-15
1387.7987  -1282.30    0.8772    0.1184  2.1069e-15  2.8447e-16  2.4018e-15
1387.8286  -1275.87    0.8001    0.1133  1.9219e-15  2.7211e-16  2.4021e-15
1387.8585  -1269.43    1.1151    0.1330  2.6788e-15  3.1959e-16  2.4023e-15
1387.8884  -1263.00    1.2267    0.1393  2.9472e-15  3.3477e-16  2.4026e-15
1387.9183  -1256.57    1.0495    0.1291  2.5218e-15  3.1028e-16  2.4029e-15
1387.9482  -1250.13    0.8431    0.1161  2.0260e-15  2.7904e-16  2.4031e-15
1387.9781  -1243.70    1.0383    0.1284  2.4955e-15  3.0865e-16  2.4034e-15
1388.0081  -1237.27    0.9521    0.1231  2.2885e-15  2.9592e-16  2.4037e-15
1388.0380  -1230.83    1.0164    0.1271  2.4433e-15  3.0547e-16  2.4039e-15
1388.0679  -1224.40    1.0354    0.1282  2.4893e-15  3.0818e-16  2.4042e-15
1388.0978  -1217.96    1.0435    0.1287  2.5091e-15  3.0934e-16  2.4045e-15
1388.1277  -1211.53    0.9487    0.1228  2.2814e-15  2.9530e-16  2.4048e-15
1388.1576  -1205.10    1.0880    0.1313  2.6166e-15  3.1568e-16  2.4050e-15
1388.1875  -1198.66    1.0563    0.1293  2.5406e-15  3.1111e-16  2.4053e-15
1388.2174  -1192.23    1.0390    0.1283  2.4994e-15  3.0869e-16  2.4056e-15
1388.2473  -1185.80    0.9031    0.1199  2.1728e-15  2.8853e-16  2.4058e-15
1388.2772  -1179.36    0.9512    0.1230  2.2887e-15  2.9594e-16  2.4061e-15
1388.3072  -1172.93    1.0213    0.1273  2.4577e-15  3.0634e-16  2.4064e-15
1388.3371  -1166.50    1.1572    0.1353  2.7850e-15  3.2553e-16  2.4067e-15
1388.3670  -1160.06    0.8954    0.1194  2.1552e-15  2.8728e-16  2.4069e-15
1388.3969  -1153.63    1.1685    0.1359  2.8128e-15  3.2722e-16  2.4072e-15
1388.4268  -1147.20    1.2160    0.1386  2.9276e-15  3.3376e-16  2.4075e-15
1388.4567  -1140.76    1.0335    0.1280  2.4884e-15  3.0822e-16  2.4078e-15
1388.4866  -1134.33    1.0717    0.1303  2.5806e-15  3.1377e-16  2.4080e-15
1388.5165  -1127.90    1.0373    0.1282  2.4981e-15  3.0883e-16  2.4083e-15
1388.5464  -1121.46    0.8403    0.1158  2.0240e-15  2.7882e-16  2.4086e-15
1388.5763  -1115.03    1.1073    0.1324  2.6673e-15  3.1883e-16  2.4089e-15
1388.6063  -1108.59    1.0952    0.1316  2.6384e-15  3.1715e-16  2.4091e-15
1388.6362  -1102.16    0.9300    0.1216  2.2407e-15  2.9288e-16  2.4094e-15
1388.6661  -1095.73    0.9787    0.1246  2.3584e-15  3.0030e-16  2.4097e-15
1388.6960  -1089.29    1.1535    0.1350  2.7799e-15  3.2537e-16  2.4100e-15
1388.7259  -1082.86    0.8925    0.1191  2.1511e-15  2.8716e-16  2.4102e-15
1388.7558  -1076.43    1.0974    0.1317  2.6453e-15  3.1754e-16  2.4105e-15
1388.7857  -1069.99    1.0760    0.1305  2.5940e-15  3.1457e-16  2.4108e-15
1388.8156  -1063.56    0.9298    0.1215  2.2419e-15  2.9294e-16  2.4111e-15
1388.8455  -1057.13    0.9847    0.1249  2.3744e-15  3.0125e-16  2.4113e-15
1388.8754  -1050.69    1.0228    0.1272  2.4666e-15  3.0685e-16  2.4116e-15
1388.9054  -1044.26    1.0702    0.1301  2.5812e-15  3.1381e-16  2.4119e-15
1388.9353  -1037.83    0.9963    0.1256  2.4032e-15  3.0309e-16  2.4122e-15
1388.9652  -1031.39    1.0186    0.1270  2.4572e-15  3.0647e-16  2.4124e-15
1388.9951  -1024.96    1.0070    0.1264  2.4297e-15  3.0488e-16  2.4127e-15
1389.0250  -1018.53    1.2239    0.1390  2.9534e-15  3.3538e-16  2.4130e-15
1389.0549  -1012.09    1.0268    0.1276  2.4780e-15  3.0796e-16  2.4133e-15
1389.0848  -1005.66    0.8905    0.1191  2.1493e-15  2.8748e-16  2.4136e-15
1389.1147   -999.22    0.8983    0.1196  2.1684e-15  2.8872e-16  2.4138e-15
1389.1446   -992.79    1.0795    0.1308  2.6060e-15  3.1568e-16  2.4141e-15
1389.1745   -986.36    1.0219    0.1356  2.4673e-15  3.2728e-16  2.4144e-15
1389.2045   -979.92    1.1687    0.1816  2.8221e-15  4.3844e-16  2.4147e-15
1389.2344   -973.49    0.9908    0.1698  2.3928e-15  4.1010e-16  2.4149e-15
1389.2643   -967.06    0.9258    0.1689  2.2360e-15  4.0797e-16  2.4152e-15
1389.2942   -960.62    1.2742    0.1915  3.0779e-15  4.6246e-16  2.4155e-15
1389.3241   -954.19    1.1261    0.1835  2.7203e-15  4.4318e-16  2.4158e-15
1389.3540   -947.76    0.9786    0.1733  2.3644e-15  4.1869e-16  2.4160e-15
1389.3839   -941.32    0.9494    0.1645  2.2941e-15  3.9758e-16  2.4163e-15
1389.4138   -934.89    0.8228    0.1492  1.9884e-15  3.6063e-16  2.4166e-15
1389.4437   -928.46    0.7867    0.1536  1.9013e-15  3.7113e-16  2.4169e-15
1389.4736   -922.02    1.1492    0.1815  2.7777e-15  4.3865e-16  2.4172e-15
1389.5036   -915.59    0.8546    0.1521  2.0658e-15  3.6768e-16  2.4174e-15
1389.5335   -909.16    0.8783    0.1605  2.1235e-15  3.8810e-16  2.4177e-15
1389.5634   -902.72    0.9400    0.1588  2.2728e-15  3.8398e-16  2.4180e-15
1389.5933   -896.29    0.9831    0.1663  2.3775e-15  4.0215e-16  2.4183e-15
1389.6232   -889.85    1.2071    0.1825  2.9194e-15  4.4130e-16  2.4185e-15
1389.6531   -883.42    1.0991    0.1775  2.6585e-15  4.2941e-16  2.4188e-15
1389.6830   -876.99    1.1811    0.1775  2.8571e-15  4.2928e-16  2.4191e-15
1389.7129   -870.55    1.1078    0.1759  2.6801e-15  4.2552e-16  2.4194e-15
1389.7428   -864.12    0.8437    0.1542  2.0415e-15  3.7321e-16  2.4196e-15
1389.7727   -857.69    1.1227    0.1792  2.7169e-15  4.3376e-16  2.4199e-15
1389.8027   -851.25    1.0487    0.1709  2.5380e-15  4.1372e-16  2.4202e-15
1389.8326   -844.82    0.9328    0.1665  2.2578e-15  4.0307e-16  2.4205e-15
1389.8625   -838.39    1.1320    0.1801  2.7403e-15  4.3608e-16  2.4208e-15
1389.8924   -831.95    0.9812    0.1712  2.3757e-15  4.1459e-16  2.4211e-15
1389.9223   -825.52    0.8877    0.1481  2.1495e-15  3.5861e-16  2.4215e-15
1389.9522   -819.09    1.1007    0.1319  2.6656e-15  3.1953e-16  2.4218e-15
1389.9821   -812.65    1.0844    0.1310  2.6265e-15  3.1721e-16  2.4222e-15
1390.0120   -806.22    1.1364    0.1339  2.7529e-15  3.2447e-16  2.4226e-15
1390.0419   -799.79    0.9726    0.1242  2.3565e-15  3.0089e-16  2.4229e-15
1390.0718   -793.35    0.9726    0.1242  2.3570e-15  3.0099e-16  2.4233e-15
1390.1018   -786.92    1.0648    0.1298  2.5807e-15  3.1455e-16  2.4238e-15
1390.1317   -780.48    1.0310    0.1278  2.4993e-15  3.0974e-16  2.4242e-15
1390.1616   -774.05    0.9733    0.1243  2.3600e-15  3.0139e-16  2.4246e-15
1390.1915   -767.62    1.0204    0.1272  2.4745e-15  3.0847e-16  2.4250e-15
1390.2214   -761.18    1.0891    0.1379  2.6416e-15  3.3441e-16  2.4255e-15
1390.2513   -754.75    0.8784    0.1566  2.1309e-15  3.8002e-16  2.4260e-15
1390.2812   -748.32    0.7752    0.1516  1.8810e-15  3.6786e-16  2.4264e-15
1390.3111   -741.88    0.9401    0.1604  2.2816e-15  3.8937e-16  2.4269e-15
1390.3410   -735.45    0.9301    0.1633  2.2576e-15  3.9647e-16  2.4274e-15
1390.3709   -729.02    0.9650    0.1630  2.3429e-15  3.9566e-16  2.4279e-15
1390.4009   -722.58    1.2584    0.1887  3.0560e-15  4.5827e-16  2.4285e-15
1390.4308   -716.15    1.2117    0.1846  2.9433e-15  4.4835e-16  2.4290e-15
1390.4607   -709.72    0.8408    0.1579  2.0427e-15  3.8364e-16  2.4295e-15
1390.4906   -703.28    0.8873    0.1556  2.1561e-15  3.7802e-16  2.4301e-15
1390.5205   -696.85    0.9213    0.1604  2.2393e-15  3.8995e-16  2.4307e-15
1390.5504   -690.42    0.9909    0.1727  2.4092e-15  4.1986e-16  2.4312e-15
1390.5803   -683.98    1.1301    0.1789  2.7482e-15  4.3513e-16  2.4318e-15
1390.6102   -677.55    0.9605    0.1622  2.3363e-15  3.9447e-16  2.4324e-15
1390.6401   -671.11    0.9938    0.1666  2.4180e-15  4.0530e-16  2.4330e-15
1390.6700   -664.68    1.0014    0.1654  2.4370e-15  4.0256e-16  2.4337e-15
1390.7000   -658.25    0.8943    0.1546  2.1770e-15  3.7645e-16  2.4343e-15
1390.7299   -651.81    0.8276    0.1481  2.0151e-15  3.6054e-16  2.4349e-15
1390.7598   -645.38    0.9591    0.1639  2.3360e-15  3.9908e-16  2.4356e-15
1390.7897   -638.95    0.9883    0.1577  2.4077e-15  3.8416e-16  2.4362e-15
1390.8196   -632.51    1.0844    0.1325  2.6426e-15  3.2294e-16  2.4369e-15
1390.8495   -626.08    0.9879    0.1250  2.4081e-15  3.0469e-16  2.4376e-15
1390.8794   -619.65    1.0374    0.1280  2.5294e-15  3.1207e-16  2.4383e-15
1390.9093   -613.21    0.9384    0.1219  2.2888e-15  2.9735e-16  2.4390e-15
1390.9392   -606.78    0.7535    0.1097  1.8383e-15  2.6757e-16  2.4397e-15
1390.9691   -600.35    0.9242    0.1210  2.2555e-15  2.9540e-16  2.4404e-15
1390.9991   -593.91    0.9401    0.1220  2.2948e-15  2.9790e-16  2.4412e-15
1391.0290   -587.48    1.1409    0.1340  2.7859e-15  3.2721e-16  2.4419e-15
1391.0589   -581.05    0.8767    0.1179  2.1415e-15  2.8789e-16  2.4427e-15
1391.0888   -574.61    1.0946    0.1312  2.6747e-15  3.2065e-16  2.4434e-15
1391.1187   -568.18    1.2370    0.1392  3.0235e-15  3.4032e-16  2.4442e-15
1391.1486   -561.74    0.9054    0.1196  2.2136e-15  2.9244e-16  2.4450e-15
1391.1785   -555.31    0.9385    0.1217  2.2953e-15  2.9764e-16  2.4458e-15
1391.2084   -548.88    1.0639    0.1293  2.6029e-15  3.1635e-16  2.4466e-15
1391.2383   -542.44    1.2199    0.1382  2.9856e-15  3.3824e-16  2.4474e-15
1391.2682   -536.01    0.9858    0.1246  2.4133e-15  3.0494e-16  2.4482e-15
1391.2982   -529.58    1.0038    0.1256  2.4582e-15  3.0766e-16  2.4490e-15
1391.3281   -523.14    1.0275    0.1270  2.5172e-15  3.1120e-16  2.4499e-15
1391.3580   -516.71    1.1236    0.1327  2.7536e-15  3.2511e-16  2.4507e-15
1391.3879   -510.28    0.9114    0.1198  2.2344e-15  2.9368e-16  2.4516e-15
1391.4178   -503.84    1.0440    0.1279  2.5603e-15  3.1375e-16  2.4524e-15
1391.4477   -497.41    0.9456    0.1219  2.3199e-15  2.9900e-16  2.4533e-15
1391.4776   -490.98    0.9780    0.1239  2.4002e-15  3.0407e-16  2.4542e-15
1391.5075   -484.54    0.9007    0.1190  2.2114e-15  2.9220e-16  2.4551e-15
1391.5374   -478.11    0.8655    0.1167  2.1256e-15  2.8669e-16  2.4560e-15
1391.5673   -471.68    1.0591    0.1287  2.6020e-15  3.1625e-16  2.4569e-15
1391.5973   -465.24    0.8611    0.1164  2.1165e-15  2.8614e-16  2.4578e-15
1391.6272   -458.81    1.0835    0.1302  2.6640e-15  3.2002e-16  2.4587e-15
1391.6571   -452.38    1.1595    0.1345  2.8519e-15  3.3092e-16  2.4597e-15
1391.6870   -445.94    1.1113    0.1318  2.7345e-15  3.2422e-16  2.4606e-15
1391.7169   -439.51    0.9907    0.1246  2.4387e-15  3.0661e-16  2.4616e-15
1391.7468   -433.07    1.0016    0.1252  2.4664e-15  3.0825e-16  2.4625e-15
1391.7767   -426.64    1.1008    0.1310  2.7119e-15  3.2283e-16  2.4635e-15
1391.8066   -420.21    1.2734    0.1407  3.1382e-15  3.4672e-16  2.4645e-15
1391.8365   -413.77    1.0219    0.1263  2.5194e-15  3.1141e-16  2.4655e-15
1391.8664   -407.34    0.8812    0.1175  2.1734e-15  2.8992e-16  2.4665e-15
1391.8964   -400.91    0.9900    0.1244  2.4429e-15  3.0691e-16  2.4675e-15
1391.9263   -394.47    0.9743    0.1234  2.4050e-15  3.0460e-16  2.4685e-15
1391.9562   -388.04    1.1115    0.1315  2.7449e-15  3.2478e-16  2.4695e-15
1391.9861   -381.61    1.0115    0.1256  2.4990e-15  3.1018e-16  2.4705e-15
1392.0160   -375.17    0.9849    0.1239  2.4343e-15  3.0631e-16  2.4716e-15
1392.0459   -368.74    1.0284    0.1265  2.5428e-15  3.1290e-16  2.4726e-15
1392.0758   -362.31    1.0920    0.1303  2.7011e-15  3.2222e-16  2.4736e-15
1392.1057   -355.87    1.0149    0.1257  2.5116e-15  3.1105e-16  2.4747e-15
1392.1356   -349.44    1.3189    0.1428  3.2654e-15  3.5353e-16  2.4758e-15
1392.1655   -343.01    0.9163    0.1195  2.2696e-15  2.9598e-16  2.4768e-15
1392.1955   -336.57    0.9127    0.1193  2.2617e-15  2.9556e-16  2.4779e-15
1392.2254   -330.14    0.8900    0.1178  2.2063e-15  2.9194e-16  2.4790e-15
1392.2553   -323.70    1.1441    0.1331  2.8376e-15  3.3013e-16  2.4801e-15
1392.2852   -317.27    0.9022    0.1185  2.2384e-15  2.9410e-16  2.4812e-15
1392.3151   -310.84    0.8210    0.1132  2.0380e-15  2.8112e-16  2.4823e-15
1392.3450   -304.40    0.9906    0.1241  2.4600e-15  3.0811e-16  2.4835e-15
1392.3749   -297.97    1.0591    0.1281  2.6314e-15  3.1834e-16  2.4846e-15
1392.4048   -291.54    0.9974    0.1244  2.4792e-15  3.0923e-16  2.4857e-15
1392.4347   -285.10    1.0712    0.1288  2.6639e-15  3.2027e-16  2.4869e-15
1392.4646   -278.67    0.8442    0.1147  2.1003e-15  2.8529e-16  2.4880e-15
1392.4946   -272.24    0.9044    0.1185  2.2512e-15  2.9506e-16  2.4892e-15
1392.5245   -265.80    1.0128    0.1253  2.5222e-15  3.1205e-16  2.4903e-15
1392.5544   -259.37    0.9961    0.1243  2.4818e-15  3.0969e-16  2.4915e-15
1392.5843   -252.94    0.9690    0.1226  2.4153e-15  3.0563e-16  2.4927e-15
1392.6142   -246.50    0.8376    0.1142  2.0889e-15  2.8473e-16  2.4938e-15
1392.6441   -240.07    0.8627    0.1158  2.1525e-15  2.8887e-16  2.4950e-15
1392.6740   -233.64    0.9963    0.1241  2.4870e-15  3.0989e-16  2.4962e-15
1392.7039   -227.20    1.0393    0.1267  2.5957e-15  3.1654e-16  2.4974e-15
1392.7338   -220.77    0.9362    0.1205  2.3394e-15  3.0099e-16  2.4986e-15
1392.7637   -214.33    1.2569    0.1390  3.1421e-15  3.4755e-16  2.4999e-15
1392.7937   -207.90    1.0498    0.1273  2.6256e-15  3.1833e-16  2.5011e-15
1392.8236   -201.47    0.9206    0.1194  2.3037e-15  2.9873e-16  2.5023e-15
1392.8535   -195.03    0.9509    0.1212  2.3806e-15  3.0354e-16  2.5035e-15
1392.8834   -188.60    1.0382    0.1265  2.6005e-15  3.1695e-16  2.5048e-15
1392.9133   -182.17    1.0158    0.1252  2.5457e-15  3.1374e-16  2.5060e-15
1392.9432   -175.73    0.9802    0.1230  2.4577e-15  3.0839e-16  2.5073e-15
1392.9731   -169.30    1.0642    0.1314  2.6696e-15  3.2964e-16  2.5085e-15
1393.0030   -162.87    0.9018    0.1469  2.2634e-15  3.6863e-16  2.5098e-15
1393.0329   -156.43    0.8546    0.1568  2.1460e-15  3.9368e-16  2.5111e-15
1393.0628   -150.00    0.8629    0.1571  2.1680e-15  3.9463e-16  2.5124e-15
1393.0928   -143.57    0.9838    0.1642  2.4730e-15  4.1283e-16  2.5136e-15
1393.1227   -137.13    0.8682    0.1586  2.1834e-15  3.9889e-16  2.5149e-15
1393.1526   -130.70    0.8221    0.1499  2.0687e-15  3.7730e-16  2.5162e-15
1393.1825   -124.27    0.8548    0.1552  2.1521e-15  3.9068e-16  2.5175e-15
1393.2124   -117.83    0.7319    0.1454  1.8435e-15  3.6621e-16  2.5188e-15
1393.2423   -111.40    0.6218    0.1342  1.5671e-15  3.3831e-16  2.5201e-15
1393.2722   -104.96    0.6215    0.1315  1.5671e-15  3.3145e-16  2.5215e-15
1393.3021    -98.53    0.5527    0.1222  1.3943e-15  3.0837e-16  2.5228e-15
1393.3320    -92.10    0.5140    0.1150  1.2974e-15  2.9015e-16  2.5241e-15
1393.3619    -85.66    0.3938    0.1026  9.9446e-16  2.5920e-16  2.5254e-15
1393.3919    -79.23    0.4298    0.1104  1.0860e-15  2.7885e-16  2.5268e-15
1393.4218    -72.80    0.5180    0.1176  1.3097e-15  2.9743e-16  2.5281e-15
1393.4517    -66.36    0.4561    0.1102  1.1536e-15  2.7865e-16  2.5295e-15
1393.4816    -59.93    0.5924    0.1256  1.4992e-15  3.1797e-16  2.5308e-15
1393.5115    -53.50    0.5130    0.1172  1.2991e-15  2.9678e-16  2.5322e-15
1393.5414    -47.06    0.6001    0.1246  1.5204e-15  3.1576e-16  2.5336e-15
1393.5713    -40.63    0.4944    0.1093  1.2534e-15  2.7709e-16  2.5349e-15
1393.6012    -34.20    0.7177    0.1359  1.8203e-15  3.4473e-16  2.5363e-15
1393.6311    -27.76    0.8482    0.1464  2.1525e-15  3.7164e-16  2.5377e-15
1393.6610    -21.33    0.8339    0.1456  2.1172e-15  3.6958e-16  2.5391e-15
1393.6910    -14.90    0.9338    0.1568  2.3722e-15  3.9846e-16  2.5404e-15
1393.7209     -8.46    0.7768    0.1460  1.9745e-15  3.7114e-16  2.5418e-15
1393.7508     -2.03    0.9780    0.1309  2.4872e-15  3.3298e-16  2.5432e-15
1393.7807      4.41    0.8853    0.1164  2.2527e-15  2.9611e-16  2.5446e-15
1393.8106     10.84    0.9069    0.1177  2.3091e-15  2.9965e-16  2.5460e-15
1393.8405     17.27    1.0187    0.1245  2.5950e-15  3.1716e-16  2.5475e-15
1393.8704     23.71    0.9858    0.1225  2.5126e-15  3.1214e-16  2.5489e-15
1393.9003     30.14    1.0311    0.1251  2.6297e-15  3.1912e-16  2.5503e-15
1393.9302     36.57    1.1152    0.1300  2.8457e-15  3.3170e-16  2.5517e-15
1393.9601     43.01    1.0257    0.1248  2.6188e-15  3.1853e-16  2.5531e-15
1393.9901     49.44    0.9183    0.1182  2.3458e-15  3.0187e-16  2.5546e-15
1394.0200     55.87    0.8216    0.1120  2.1000e-15  2.8622e-16  2.5560e-15
1394.0499     62.31    1.0861    0.1282  2.7776e-15  3.2788e-16  2.5575e-15
1394.0798     68.74    1.0700    0.1273  2.7380e-15  3.2571e-16  2.5589e-15
1394.1097     75.17    0.9534    0.1203  2.4409e-15  3.0801e-16  2.5603e-15
1394.1396     81.61    1.0793    0.1278  2.7649e-15  3.2736e-16  2.5618e-15
1394.1695     88.04    1.0655    0.1269  2.7311e-15  3.2537e-16  2.5633e-15
1394.1994     94.47    0.9613    0.1207  2.4654e-15  3.0960e-16  2.5647e-15
1394.2293    100.91    0.8502    0.1136  2.1818e-15  2.9160e-16  2.5662e-15
1394.2592    107.34    1.0012    0.1230  2.5706e-15  3.1577e-16  2.5676e-15
1394.2892    113.78    0.9227    0.1181  2.3705e-15  3.0350e-16  2.5691e-15
1394.3191    120.21    1.0111    0.1235  2.5992e-15  3.1748e-16  2.5706e-15
1394.3490    126.64    0.9552    0.1201  2.4569e-15  3.0890e-16  2.5721e-15
1394.3789    133.08    1.0406    0.1251  2.6780e-15  3.2203e-16  2.5735e-15
1394.4088    139.51    1.1119    0.1292  2.8631e-15  3.3281e-16  2.5750e-15
1394.4387    145.94    1.1208    0.1297  2.8877e-15  3.3411e-16  2.5765e-15
1394.4686    152.38    0.8580    0.1138  2.2119e-15  2.9345e-16  2.5780e-15
1394.4985    158.81    0.9660    0.1206  2.4918e-15  3.1104e-16  2.5795e-15
1394.5284    165.24    1.0310    0.1244  2.6611e-15  3.2113e-16  2.5810e-15
1394.5583    171.68    1.1824    0.1330  3.0534e-15  3.4351e-16  2.5825e-15
1394.5883    178.11    0.9447    0.1191  2.4412e-15  3.0783e-16  2.5840e-15
1394.6182    184.54    1.0201    0.1236  2.6375e-15  3.1962e-16  2.5855e-15
1394.6481    190.98    0.8844    0.1153  2.2879e-15  2.9831e-16  2.5870e-15
1394.6780    197.41    0.6832    0.1018  1.7684e-15  2.6344e-16  2.5885e-15
1394.7079    203.84    0.9520    0.1195  2.4656e-15  3.0944e-16  2.5900e-15
1394.7378    210.28    1.0354    0.1337  2.6833e-15  3.4658e-16  2.5915e-15
1394.7677    216.71    1.0126    0.1710  2.6258e-15  4.4337e-16  2.5931e-15
1394.7976    223.15    1.0009    0.1662  2.5968e-15  4.3129e-16  2.5946e-15
1394.8275    229.58    1.1458    0.1778  2.9746e-15  4.6147e-16  2.5961e-15
1394.8574    236.01    1.2137    0.1803  3.1527e-15  4.6826e-16  2.5976e-15
1394.8874    242.45    0.8437    0.1581  2.1928e-15  4.1106e-16  2.5992e-15
1394.9173    248.88    0.9556    0.1634  2.4853e-15  4.2508e-16  2.6007e-15
1394.9472    255.31    0.9627    0.1616  2.5052e-15  4.2063e-16  2.6022e-15
1394.9771    261.75    0.9661    0.1628  2.5154e-15  4.2385e-16  2.6038e-15
1395.0070    268.18    0.9094    0.1595  2.3691e-15  4.1549e-16  2.6053e-15
1395.0369    274.61    0.9514    0.1564  2.4802e-15  4.0778e-16  2.6068e-15
1395.0668    281.05    1.1019    0.1750  2.8742e-15  4.5660e-16  2.6084e-15
1395.0967    287.48    0.7507    0.1460  1.9593e-15  3.8096e-16  2.6099e-15
1395.1266    293.91    1.1014    0.1742  2.8763e-15  4.5489e-16  2.6115e-15
1395.1565    300.35    0.9578    0.1611  2.5028e-15  4.2083e-16  2.6130e-15
1395.1865    306.78    0.8845    0.1590  2.3125e-15  4.1564e-16  2.6146e-15
1395.2164    313.21    0.8045    0.1392  2.1046e-15  3.6403e-16  2.6161e-15
1395.2463    319.65    0.8112    0.1411  2.1234e-15  3.6934e-16  2.6177e-15
1395.2762    326.08    0.8953    0.1420  2.3449e-15  3.7193e-16  2.6192e-15
1395.3061    332.52    0.9246    0.1419  2.4231e-15  3.7194e-16  2.6208e-15
1395.3360    338.95    1.0186    0.1173  2.6712e-15  3.0769e-16  2.6223e-15
1395.3659    345.38    0.9562    0.1115  2.5090e-15  2.9248e-16  2.6239e-15
1395.3958    351.82    0.9583    0.1116  2.5160e-15  2.9293e-16  2.6255e-15
1395.4257    358.25    0.9450    0.1093  2.4825e-15  2.8723e-16  2.6270e-15
1395.4556    364.68    1.0511    0.1157  2.7629e-15  3.0416e-16  2.6286e-15
1395.4856    371.12    1.0931    0.1186  2.8749e-15  3.1184e-16  2.6301e-15
1395.5155    377.55    1.1514    0.1208  3.0302e-15  3.1797e-16  2.6317e-15
1395.5454    383.98    1.0153    0.1143  2.6735e-15  3.0090e-16  2.6333e-15
1395.5753    390.42    0.9942    0.1113  2.6196e-15  2.9334e-16  2.6348e-15
1395.6052    396.85    0.8561    0.1033  2.2569e-15  2.7227e-16  2.6364e-15
1395.6351    403.28    0.9381    0.1103  2.4748e-15  2.9107e-16  2.6380e-15
1395.6650    409.72    0.8814    0.1080  2.3266e-15  2.8496e-16  2.6395e-15
1395.6949    416.15    0.8929    0.1088  2.3581e-15  2.8734e-16  2.6411e-15
1395.7248    422.58    0.9924    0.1138  2.6226e-15  3.0071e-16  2.6427e-15
1395.7547    429.02    0.8839    0.1070  2.3373e-15  2.8306e-16  2.6443e-15
1395.7847    435.45    0.9689    0.1115  2.5636e-15  2.9492e-16  2.6458e-15
1395.8146    441.89    0.9738    0.1108  2.5782e-15  2.9343e-16  2.6474e-15
1395.8445    448.32    0.8787    0.1059  2.3276e-15  2.8054e-16  2.6490e-15
1395.8744    454.75    0.9550    0.1098  2.5313e-15  2.9112e-16  2.6506e-15
1395.9043    461.19    1.0717    0.1156  2.8422e-15  3.0664e-16  2.6521e-15
1395.9342    467.62    0.9008    0.1073  2.3904e-15  2.8482e-16  2.6537e-15
1395.9641    474.05    0.9768    0.1112  2.5937e-15  2.9538e-16  2.6553e-15
1395.9940    480.49    0.9216    0.1068  2.4486e-15  2.8365e-16  2.6569e-15
1396.0239    486.92    0.9712    0.1113  2.5819e-15  2.9597e-16  2.6584e-15
1396.0538    493.35    0.9605    0.1108  2.5550e-15  2.9462e-16  2.6600e-15
1396.0838    499.79    0.8507    0.1146  2.2641e-15  3.0504e-16  2.6616e-15
1396.1137    506.22    0.9672    0.1213  2.5758e-15  3.2304e-16  2.6632e-15
1396.1436    512.65    1.1697    0.1307  3.1170e-15  3.4833e-16  2.6647e-15
1396.1735    519.09    0.9106    0.1122  2.4279e-15  2.9915e-16  2.6663e-15
1396.2034    525.52    1.0169    0.1178  2.7130e-15  3.1417e-16  2.6679e-15
1396.2333    531.95    1.0444    0.1128  2.7881e-15  3.0099e-16  2.6695e-15
1396.2632    538.39    0.7865    0.0983  2.1007e-15  2.6255e-16  2.6710e-15
1396.2931    544.82    0.8306    0.1018  2.2198e-15  2.7203e-16  2.6726e-15
1396.3230    551.26    0.9588    0.1076  2.5640e-15  2.8776e-16  2.6742e-15
1396.3529    557.69    0.8946    0.1042  2.3938e-15  2.7870e-16  2.6758e-15
1396.3829    564.12    1.0088    0.1123  2.7010e-15  3.0059e-16  2.6773e-15
1396.4128    570.56    0.9207    0.1077  2.4664e-15  2.8845e-16  2.6789e-15
1396.4427    576.99    0.8618    0.1031  2.3100e-15  2.7630e-16  2.6805e-15
1396.4726    583.42    0.8998    0.1069  2.4132e-15  2.8663e-16  2.6820e-15
1396.5025    589.86    0.9598    0.1100  2.5756e-15  2.9519e-16  2.6836e-15
1396.5324    596.29    0.9698    0.1105  2.6041e-15  2.9663e-16  2.6852e-15
1396.5623    602.72    0.7582    0.0974  2.0372e-15  2.6181e-16  2.6867e-15
1396.5922    609.16    0.9133    0.1038  2.4553e-15  2.7909e-16  2.6883e-15
1396.6221    615.59    0.8437    0.1007  2.2695e-15  2.7100e-16  2.6899e-15
1396.6520    622.02    1.0995    0.1176  2.9591e-15  3.1657e-16  2.6914e-15
1396.6820    628.46    0.9484    0.1103  2.5541e-15  2.9691e-16  2.6930e-15
1396.7119    634.89    0.9497    0.1067  2.5590e-15  2.8757e-16  2.6946e-15
1396.7418    641.32    0.9104    0.1043  2.4546e-15  2.8126e-16  2.6961e-15
1396.7717    647.76    0.9858    0.1120  2.6594e-15  3.0204e-16  2.6977e-15
1396.8016    654.19    0.8321    0.1022  2.2460e-15  2.7589e-16  2.6993e-15
1396.8315    660.62    0.9678    0.1093  2.6139e-15  2.9522e-16  2.7008e-15
1396.8614    667.06    0.9327    0.1078  2.5204e-15  2.9132e-16  2.7024e-15
1396.8913    673.49    1.0246    0.1135  2.7705e-15  3.0681e-16  2.7039e-15
1396.9212    679.93    1.1120    0.1170  3.0086e-15  3.1653e-16  2.7055e-15
1396.9511    686.36    1.1532    0.1192  3.1216e-15  3.2274e-16  2.7070e-15
1396.9811    692.79    0.9560    0.1089  2.5893e-15  2.9495e-16  2.7086e-15
1397.0110    699.23    1.0548    0.1138  2.8586e-15  3.0830e-16  2.7101e-15
1397.0409    705.66    0.9084    0.1081  2.4632e-15  2.9310e-16  2.7117e-15
1397.0708    712.09    1.0736    0.1159  2.9129e-15  3.1451e-16  2.7132e-15
1397.1007    718.53    0.7532    0.0961  2.0447e-15  2.6098e-16  2.7148e-15
1397.1306    724.96    1.0075    0.1102  2.7366e-15  2.9929e-16  2.7163e-15
1397.1605    731.39    0.9701    0.1083  2.6365e-15  2.9426e-16  2.7178e-15
1397.1904    737.83    0.9046    0.1051  2.4598e-15  2.8587e-16  2.7194e-15
1397.2203    744.26    0.8699    0.1022  2.3668e-15  2.7812e-16  2.7209e-15
1397.2502    750.69    0.9425    0.1082  2.5660e-15  2.9459e-16  2.7224e-15
1397.2802    757.13    0.9460    0.1093  2.5768e-15  2.9784e-16  2.7240e-15
1397.3101    763.56    0.9710    0.1092  2.6464e-15  2.9765e-16  2.7255e-15
1397.3400    769.99    0.9475    0.1080  2.5840e-15  2.9448e-16  2.7270e-15
1397.3699    776.43    0.9731    0.1092  2.6552e-15  2.9796e-16  2.7285e-15
1397.3998    782.86    1.2951    0.1265  3.5358e-15  3.4549e-16  2.7301e-15
1397.4297    789.30    0.9645    0.1105  2.6347e-15  3.0184e-16  2.7316e-15
1397.4596    795.73    0.9767    0.1108  2.6695e-15  3.0287e-16  2.7331e-15
1397.4895    802.16    0.7724    0.1003  2.1122e-15  2.7415e-16  2.7346e-15
1397.5194    808.60    0.8797    0.1043  2.4068e-15  2.8531e-16  2.7361e-15
1397.5493    815.03    1.0119    0.1103  2.7703e-15  3.0196e-16  2.7376e-15
1397.5793    821.46    0.9093    0.1061  2.4907e-15  2.9063e-16  2.7391e-15
1397.6092    827.90    0.9434    0.1082  2.5856e-15  2.9644e-16  2.7406e-15
1397.6391    834.33    0.9605    0.1090  2.6337e-15  2.9883e-16  2.7421e-15
1397.6690    840.76    0.9629    0.1073  2.6419e-15  2.9451e-16  2.7436e-15
1397.6989    847.20    0.9270    0.1076  2.5447e-15  2.9524e-16  2.7451e-15
1397.7288    853.63    1.0195    0.1114  2.8001e-15  3.0601e-16  2.7466e-15
1397.7587    860.06    0.7576    0.0950  2.0821e-15  2.6116e-16  2.7481e-15
1397.7886    866.50    0.8101    0.0985  2.2275e-15  2.7072e-16  2.7496e-15
1397.8185    872.93    0.9016    0.1034  2.4803e-15  2.8451e-16  2.7510e-15
1397.8484    879.36    1.2131    0.1233  3.3390e-15  3.3949e-16  2.7525e-15
1397.8784    885.80    0.9703    0.1098  2.6723e-15  3.0244e-16  2.7540e-15
1397.9083    892.23    0.9353    0.1062  2.5773e-15  2.9251e-16  2.7555e-15
1397.9382    898.67    0.9172    0.1075  2.5286e-15  2.9638e-16  2.7569e-15
1397.9681    905.10    1.0492    0.1140  2.8941e-15  3.1438e-16  2.7584e-15
1397.9980    911.53    0.9927    0.1106  2.7397e-15  3.0523e-16  2.7598e-15
1398.0279    917.97    1.1696    0.1187  3.2296e-15  3.2776e-16  2.7613e-15
1398.0578    924.40    0.9224    0.1063  2.5482e-15  2.9357e-16  2.7627e-15
1398.0877    930.83    1.1405    0.1167  3.1525e-15  3.2251e-16  2.7642e-15
1398.1176    937.27    1.0155    0.1102  2.8085e-15  3.0477e-16  2.7656e-15
1398.1475    943.70    0.9353    0.1061  2.5881e-15  2.9367e-16  2.7671e-15
1398.1775    950.13    0.8113    0.0996  2.2461e-15  2.7581e-16  2.7685e-15
1398.2074    956.57    0.9791    0.1074  2.7120e-15  2.9759e-16  2.7699e-15
1398.2373    963.00    0.8567    0.1028  2.3743e-15  2.8501e-16  2.7714e-15
1398.2672    969.43    0.8808    0.1047  2.4424e-15  2.9038e-16  2.7728e-15
1398.2971    975.87    1.0476    0.1130  2.9062e-15  3.1347e-16  2.7742e-15
1398.3270    982.30    0.8735    0.1019  2.4246e-15  2.8278e-16  2.7756e-15
1398.3569    988.73    0.9906    0.1101  2.7510e-15  3.0574e-16  2.7770e-15
1398.3868    995.17    1.0365    0.1121  2.8798e-15  3.1142e-16  2.7784e-15
1398.4167   1001.60    0.7905    0.0980  2.1975e-15  2.7239e-16  2.7798e-15
1398.4466   1008.04    0.7808    0.0974  2.1715e-15  2.7102e-16  2.7812e-15
1398.4766   1014.47    0.9314    0.1058  2.5916e-15  2.9430e-16  2.7826e-15
1398.5065   1020.90    0.8197    0.1018  2.2821e-15  2.8333e-16  2.7840e-15
1398.5364   1027.34    0.9801    0.1128  2.7298e-15  3.1418e-16  2.7854e-15
1398.5663   1033.77    1.1167    0.1387  3.1119e-15  3.8665e-16  2.7867e-15
1398.5962   1040.20    1.0964    0.1433  3.0570e-15  3.9966e-16  2.7881e-15
1398.6261   1046.64    1.0935    0.1523  3.0502e-15  4.2488e-16  2.7895e-15
1398.6560   1053.07    1.0726    0.1473  2.9935e-15  4.1099e-16  2.7908e-15
1398.6859   1059.50    0.9247    0.1441  2.5820e-15  4.0226e-16  2.7922e-15
1398.7158   1065.94    0.8605    0.1435  2.4038e-15  4.0097e-16  2.7936e-15
1398.7457   1072.37    0.9391    0.1490  2.6247e-15  4.1650e-16  2.7949e-15
1398.7757   1078.80    1.0376    0.1443  2.9015e-15  4.0342e-16  2.7962e-15
1398.8056   1085.24    0.9931    0.1317  2.7783e-15  3.6853e-16  2.7976e-15
1398.8355   1091.67    0.9663    0.1235  2.7046e-15  3.4567e-16  2.7989e-15
1398.8654   1098.10    1.0002    0.1306  2.8007e-15  3.6585e-16  2.8002e-15
1398.8953   1104.54    1.0387    0.1284  2.9098e-15  3.5958e-16  2.8015e-15
1398.9252   1110.97    0.9979    0.1258  2.7971e-15  3.5273e-16  2.8029e-15
1398.9551   1117.41    0.9252    0.1246  2.5945e-15  3.4935e-16  2.8042e-15
1398.9850   1123.84    1.1048    0.1349  3.0995e-15  3.7835e-16  2.8055e-15
1399.0149   1130.27    1.0703    0.1290  3.0040e-15  3.6221e-16  2.8068e-15
1399.0448   1136.71    0.9466    0.1219  2.6582e-15  3.4228e-16  2.8081e-15
1399.0748   1143.14    0.9677    0.1220  2.7187e-15  3.4275e-16  2.8093e-15
1399.1047   1149.57    0.9811    0.1231  2.7575e-15  3.4601e-16  2.8106e-15
1399.1346   1156.01    1.0840    0.1214  3.0481e-15  3.4141e-16  2.8119e-15
1399.1645   1162.44    1.0088    0.1052  2.8380e-15  2.9589e-16  2.8132e-15
1399.1944   1168.87    0.9752    0.1012  2.7446e-15  2.8487e-16  2.8144e-15
1399.2243   1175.31    0.9849    0.1034  2.7731e-15  2.9121e-16  2.8157e-15
1399.2542   1181.74    0.9208    0.1001  2.5938e-15  2.8196e-16  2.8169e-15
1399.2841   1188.17    1.0475    0.1048  2.9519e-15  2.9536e-16  2.8182e-15
1399.3140   1194.61    1.0034    0.1005  2.8291e-15  2.8327e-16  2.8194e-15
1399.3439   1201.04    1.1212    0.1092  3.1624e-15  3.0797e-16  2.8206e-15
1399.3739   1207.47    1.0786    0.1060  3.0436e-15  2.9904e-16  2.8219e-15
1399.4038   1213.91    0.9550    0.0968  2.6961e-15  2.7333e-16  2.8231e-15
1399.4337   1220.34    0.8713    0.0919  2.4608e-15  2.5946e-16  2.8243e-15
1399.4636   1226.78    1.0509    0.0989  2.9695e-15  2.7936e-16  2.8255e-15
1399.4935   1233.21    0.8886    0.0907  2.5119e-15  2.5651e-16  2.8267e-15
1399.5234   1239.64    1.0690    0.1002  3.0229e-15  2.8343e-16  2.8279e-15
1399.5533   1246.08    0.9157    0.0934  2.5907e-15  2.6428e-16  2.8291e-15
1399.5832   1252.51    0.8719    0.0905  2.4677e-15  2.5615e-16  2.8303e-15
1399.6131   1258.94    0.8407    0.0995  2.3805e-15  2.8186e-16  2.8314e-15
1399.6430   1265.38    0.9924    0.1104  2.8110e-15  3.1259e-16  2.8326e-15
1399.6730   1271.81    0.9688    0.1067  2.7454e-15  3.0250e-16  2.8338e-15
1399.7029   1278.24    1.0600    0.1120  3.0051e-15  3.1761e-16  2.8349e-15
1399.7328   1284.68    1.1979    0.1150  3.3972e-15  3.2625e-16  2.8361e-15
1399.7627   1291.11    0.9563    0.0992  2.7133e-15  2.8139e-16  2.8372e-15
1399.7926   1297.54    0.9597    0.0938  2.7240e-15  2.6621e-16  2.8383e-15
1399.8225   1303.98    0.9575    0.0946  2.7188e-15  2.6852e-16  2.8394e-15
1399.8524   1310.41    0.8819    0.0916  2.5051e-15  2.6015e-16  2.8406e-15
1399.8823   1316.84    0.8100    0.0874  2.3019e-15  2.4836e-16  2.8417e-15
1399.9122   1323.28    0.7753    0.0857  2.2041e-15  2.4367e-16  2.8428e-15
1399.9421   1329.71    1.0329    0.0997  2.9373e-15  2.8348e-16  2.8439e-15
1399.9721   1336.15    1.0984    0.1011  3.1249e-15  2.8756e-16  2.8449e-15
1400.0020   1342.58    0.8994    0.0928  2.5599e-15  2.6415e-16  2.8460e-15
1400.0319   1349.01    0.9841    0.0962  2.8019e-15  2.7375e-16  2.8471e-15
1400.0618   1355.45    1.1339    0.1026  3.2295e-15  2.9224e-16  2.8482e-15
1400.0917   1361.88    1.0109    0.0979  2.8803e-15  2.7904e-16  2.8492e-15
1400.1216   1368.31    1.0050    0.0978  2.8645e-15  2.7867e-16  2.8503e-15
1400.1515   1374.75    0.9157    0.0929  2.6108e-15  2.6496e-16  2.8513e-15
1400.1814   1381.18    0.9065    0.0920  2.5857e-15  2.6244e-16  2.8523e-15
1400.2113   1387.61    0.9260    0.0924  2.6421e-15  2.6364e-16  2.8533e-15
1400.2412   1394.05    0.9220    0.0929  2.6317e-15  2.6526e-16  2.8544e-15
1400.2712   1400.48    0.8500    0.0887  2.4269e-15  2.5334e-16  2.8554e-15
1400.3011   1406.91    1.0225    0.0977  2.9205e-15  2.7921e-16  2.8564e-15
1400.3310   1413.35    0.9710    0.0959  2.7744e-15  2.7403e-16  2.8574e-15
1400.3609   1419.78    0.9848    0.0958  2.8149e-15  2.7371e-16  2.8583e-15
1400.3908   1426.21    1.0011    0.0940  2.8625e-15  2.6890e-16  2.8593e-15
1400.4207   1432.65    1.0147    0.0978  2.9022e-15  2.7973e-16  2.8603e-15
1400.4506   1439.08    0.9079    0.0928  2.5978e-15  2.6564e-16  2.8612e-15
1400.4805   1445.52    0.9798    0.0945  2.8043e-15  2.7043e-16  2.8622e-15
1400.5104   1451.95    0.9517    0.0943  2.7248e-15  2.7009e-16  2.8631e-15
1400.5403   1458.38    0.9781    0.0945  2.8014e-15  2.7062e-16  2.8641e-15
1400.5703   1464.82    0.8746    0.0904  2.5056e-15  2.5885e-16  2.8650e-15
1400.6002   1471.25    1.0852    0.0996  3.1102e-15  2.8533e-16  2.8659e-15
1400.6301   1477.68    0.9236    0.0911  2.6477e-15  2.6120e-16  2.8668e-15
1400.6600   1484.12    0.9574    0.0930  2.7455e-15  2.6669e-16  2.8677e-15
1400.6899   1490.55    0.8404    0.0875  2.4107e-15  2.5109e-16  2.8686e-15
1400.7198   1496.98    1.0049    0.0950  2.8835e-15  2.7246e-16  2.8695e-15
1400.7497   1503.42    0.9660    0.0947  2.7726e-15  2.7180e-16  2.8703e-15
1400.7796   1509.85    0.8557    0.0872  2.4568e-15  2.5049e-16  2.8712e-15
1400.8095   1516.28    0.9341    0.0935  2.6828e-15  2.6855e-16  2.8720e-15
1400.8394   1522.72    0.8925    0.0920  2.5642e-15  2.6444e-16  2.8729e-15
1400.8694   1529.15    0.9088    0.0920  2.6117e-15  2.6425e-16  2.8737e-15
1400.8993   1535.58    1.0533    0.1000  3.0277e-15  2.8758e-16  2.8745e-15
1400.9292   1542.02    0.9651    0.0965  2.7751e-15  2.7749e-16  2.8754e-15
1400.9591   1548.45    0.9027    0.0924  2.5963e-15  2.6586e-16  2.8762e-15
1400.9890   1554.89    0.8974    0.0921  2.5819e-15  2.6501e-16  2.8770e-15
1401.0189   1561.32    0.9876    0.0968  2.8422e-15  2.7848e-16  2.8777e-15
1401.0488   1567.75    0.9588    0.0937  2.7599e-15  2.6966e-16  2.8785e-15
1401.0787   1574.19    1.0563    0.0999  3.0413e-15  2.8773e-16  2.8793e-15
1401.1086   1580.62    0.9756    0.0943  2.8099e-15  2.7167e-16  2.8800e-15
1401.1385   1587.05    1.0211    0.0956  2.9417e-15  2.7533e-16  2.8808e-15
1401.1685   1593.49    0.9210    0.0928  2.6538e-15  2.6731e-16  2.8815e-15
1401.1984   1599.92    1.0339    0.0971  2.9798e-15  2.7998e-16  2.8822e-15
1401.2283   1606.35    1.1456    0.1041  3.3028e-15  3.0007e-16  2.8830e-15
1401.2582   1612.79    0.9094    0.0908  2.6225e-15  2.6173e-16  2.8837e-15
1401.2881   1619.22    1.0342    0.0974  2.9829e-15  2.8085e-16  2.8844e-15
1401.3180   1625.65    0.9292    0.0937  2.6808e-15  2.7035e-16  2.8850e-15
1401.3479   1632.09    0.9059    0.0908  2.6141e-15  2.6213e-16  2.8857e-15
1401.3778   1638.52    1.1617    0.1052  3.3532e-15  3.0361e-16  2.8864e-15
1401.4077   1644.95    0.9356    0.0932  2.7012e-15  2.6899e-16  2.8870e-15
1401.4376   1651.39    1.0599    0.0944  3.0607e-15  2.7267e-16  2.8877e-15
1401.4676   1657.82    1.0676    0.0938  3.0837e-15  2.7107e-16  2.8883e-15
1401.4975   1664.26    1.0182    0.0933  2.9417e-15  2.6961e-16  2.8890e-15
1401.5274   1670.69    0.8880    0.0871  2.5659e-15  2.5161e-16  2.8896e-15
1401.5573   1677.12    1.0515    0.0927  3.0390e-15  2.6788e-16  2.8902e-15
1401.5872   1683.56    1.1567    0.0972  3.3437e-15  2.8097e-16  2.8908e-15
1401.6171   1689.99    1.0383    0.0934  3.0022e-15  2.7002e-16  2.8913e-15
1401.6470   1696.42    1.0951    0.0962  3.1670e-15  2.7806e-16  2.8919e-15
1401.6769   1702.86    0.9154    0.0871  2.6477e-15  2.5204e-16  2.8925e-15
1401.7068   1709.29    1.1002    0.0963  3.1829e-15  2.7850e-16  2.8930e-15
1401.7367   1715.72    1.0183    0.0920  2.9465e-15  2.6610e-16  2.8936e-15
1401.7667   1722.16    1.0266    0.0923  2.9709e-15  2.6707e-16  2.8941e-15
1401.7966   1728.59    1.0550    0.0927  3.0539e-15  2.6832e-16  2.8946e-15
1401.8265   1735.02    1.1186    0.0975  3.2385e-15  2.8234e-16  2.8951e-15
1401.8564   1741.46    1.0208    0.0928  2.9557e-15  2.6858e-16  2.8956e-15
1401.8863   1747.89    1.0481    0.0945  3.0354e-15  2.7360e-16  2.8961e-15
1401.9162   1754.32    1.0604    0.0948  3.0715e-15  2.7454e-16  2.8966e-15
1401.9461   1760.76    1.1096    0.0967  3.2146e-15  2.8015e-16  2.8970e-15
1401.9760   1767.19    1.0756    0.0941  3.1166e-15  2.7252e-16  2.8975e-15
1402.0059   1773.62    0.9510    0.0904  2.7559e-15  2.6197e-16  2.8979e-15
1402.0358   1780.06    1.1348    0.0980  3.2890e-15  2.8394e-16  2.8983e-15
1402.0658   1786.49    0.9511    0.0883  2.7570e-15  2.5596e-16  2.8987e-15
1402.0957   1792.93    0.8728    0.0861  2.5305e-15  2.4970e-16  2.8991e-15
1402.1256   1799.36    0.9120    0.0875  2.6444e-15  2.5375e-16  2.8995e-15
1402.1555   1805.79    0.8693    0.0849  2.5208e-15  2.4620e-16  2.8999e-15
1402.1854   1812.23    0.8561    0.0845  2.4829e-15  2.4515e-16  2.9003e-15
1402.2153   1818.66    1.0070    0.0975  2.9209e-15  2.8288e-16  2.9006e-15
1402.2452   1825.09    0.9836    0.1035  2.8534e-15  3.0022e-16  2.9010e-15
1402.2751   1831.53    0.8057    0.0965  2.3375e-15  2.8007e-16  2.9013e-15
1402.3050   1837.96    0.8019    0.0977  2.3268e-15  2.8361e-16  2.9016e-15
1402.3349   1844.39    0.7469    0.0953  2.1673e-15  2.7643e-16  2.9019e-15
1402.3649   1850.83    0.7892    0.0991  2.2905e-15  2.8751e-16  2.9022e-15
1402.3948   1857.26    0.7563    0.0906  2.1953e-15  2.6304e-16  2.9025e-15
1402.4247   1863.69    0.8522    0.0946  2.4738e-15  2.7473e-16  2.9028e-15
1402.4546   1870.13    0.8326    0.0971  2.4171e-15  2.8201e-16  2.9030e-15
1402.4845   1876.56    0.7383    0.0923  2.1434e-15  2.6798e-16  2.9033e-15
1402.5144   1882.99    0.6057    0.0794  1.7586e-15  2.3059e-16  2.9035e-15
1402.5443   1889.43    0.8046    0.0941  2.3364e-15  2.7335e-16  2.9037e-15
1402.5742   1895.86    0.7672    0.0937  2.2280e-15  2.7218e-16  2.9039e-15
1402.6041   1902.30    0.8233    0.0957  2.3909e-15  2.7792e-16  2.9041e-15
1402.6340   1908.73    0.8655    0.0941  2.5136e-15  2.7338e-16  2.9043e-15
1402.6640   1915.16    0.8841    0.0960  2.5678e-15  2.7881e-16  2.9045e-15
1402.6939   1921.60    0.8841    0.0964  2.5680e-15  2.8005e-16  2.9046e-15
1402.7238   1928.03    0.9591    0.1012  2.7860e-15  2.9382e-16  2.9048e-15
1402.7537   1934.46    0.9884    0.1026  2.8714e-15  2.9805e-16  2.9049e-15
1402.7836   1940.90    0.9823    0.1024  2.8536e-15  2.9760e-16  2.9050e-15
1402.8135   1947.33    0.9954    0.1062  2.8918e-15  3.0838e-16  2.9051e-15
1402.8434   1953.76    0.9261    0.0963  2.6905e-15  2.7976e-16  2.9052e-15
1402.8733   1960.20    0.7999    0.0921  2.3240e-15  2.6765e-16  2.9053e-15
1402.9032   1966.63    0.9640    0.0977  2.8009e-15  2.8393e-16  2.9054e-15
1402.9331   1973.06    1.0614    0.1086  3.0839e-15  3.1553e-16  2.9054e-15
1402.9631   1979.50    1.1364    0.1221  3.3017e-15  3.5483e-16  2.9055e-15
1402.9930   1985.93    1.0409    0.1130  3.0244e-15  3.2825e-16  2.9055e-15
1403.0229   1992.36    0.9598    0.1067  2.7887e-15  3.0991e-16  2.9055e-15
1403.0528   1998.80    0.9969    0.1087  2.8966e-15  3.1575e-16  2.9055e-15
1403.0827   2005.23    1.0399    0.1102  3.0216e-15  3.2008e-16  2.9055e-15
1403.1126   2011.67    0.9924    0.1084  2.8834e-15  3.1504e-16  2.9055e-15
1403.1425   2018.10    0.9543    0.1078  2.7726e-15  3.1327e-16  2.9054e-15
1403.1724   2024.53    1.2415    0.1209  3.6070e-15  3.5133e-16  2.9054e-15
1403.2023   2030.97    1.1026    0.1133  3.2034e-15  3.2917e-16  2.9053e-15
1403.2322   2037.40    1.1626    0.1164  3.3775e-15  3.3826e-16  2.9052e-15
1403.2622   2043.83    1.1352    0.1147  3.2980e-15  3.3332e-16  2.9051e-15
1403.2921   2050.27    1.0266    0.1095  2.9823e-15  3.1821e-16  2.9050e-15
1403.3220   2056.70    1.0202    0.1089  2.9636e-15  3.1639e-16  2.9049e-15
1403.3519   2063.13    1.0128    0.1088  2.9419e-15  3.1608e-16  2.9047e-15
1403.3818   2069.57    0.9414    0.1070  2.7343e-15  3.1083e-16  2.9046e-15
1403.4117   2076.00    0.8894    0.1029  2.5830e-15  2.9882e-16  2.9044e-15
1403.4416   2082.43    1.0684    0.1129  3.1030e-15  3.2802e-16  2.9042e-15
1403.4715   2088.87    1.0435    0.1100  3.0302e-15  3.1954e-16  2.9040e-15
1403.5014   2095.30    0.9127    0.1024  2.6503e-15  2.9726e-16  2.9038e-15
1403.5313   2101.73    0.9564    0.1063  2.7769e-15  3.0860e-16  2.9036e-15
1403.5613   2108.17    0.9857    0.1073  2.8619e-15  3.1165e-16  2.9034e-15
1403.5912   2114.60    1.0852    0.1138  3.1505e-15  3.3025e-16  2.9031e-15
1403.6211   2121.04    1.2021    0.1179  3.4896e-15  3.4236e-16  2.9028e-15
1403.6510   2127.47    0.9950    0.0914  2.8879e-15  2.6526e-16  2.9025e-15
1403.6809   2133.90    1.0854    0.0954  3.1500e-15  2.7673e-16  2.9022e-15
1403.7108   2140.34    1.1327    0.0971  3.2871e-15  2.8168e-16  2.9019e-15
1403.7407   2146.77    1.1339    0.0964  3.2900e-15  2.7970e-16  2.9016e-15
1403.7706   2153.20    1.0802    0.0947  3.1339e-15  2.7482e-16  2.9013e-15
1403.8005   2159.64    1.0658    0.0953  3.0917e-15  2.7653e-16  2.9009e-15
1403.8304   2166.07    1.1832    0.1011  3.4320e-15  2.9322e-16  2.9005e-15
1403.8604   2172.50    1.1138    0.0975  3.2302e-15  2.8278e-16  2.9001e-15
1403.8903   2178.94    1.0972    0.0967  3.1816e-15  2.8030e-16  2.8997e-15
1403.9202   2185.37    1.1196    0.0968  3.2460e-15  2.8076e-16  2.8993e-15
1403.9501   2191.80    0.9707    0.0910  2.8138e-15  2.6380e-16  2.8988e-15
1403.9800   2198.24    1.1243    0.0982  3.2584e-15  2.8454e-16  2.8983e-15
1404.0099   2204.67    0.8610    0.0845  2.4950e-15  2.4486e-16  2.8977e-15
1404.0398   2211.10    0.9676    0.0888  2.8031e-15  2.5729e-16  2.8971e-15
1404.0697   2217.54    0.9990    0.0929  2.8936e-15  2.6902e-16  2.8965e-15
1404.0996   2223.97    0.9707    0.0888  2.8108e-15  2.5725e-16  2.8958e-15
1404.1295   2230.41    1.0888    0.0967  3.1523e-15  2.7981e-16  2.8951e-15
1404.1595   2236.84    0.9538    0.0883  2.7606e-15  2.5547e-16  2.8943e-15
1404.1894   2243.27    0.7956    0.0795  2.3023e-15  2.3006e-16  2.8936e-15
1404.2193   2249.71    0.9043    0.0868  2.6159e-15  2.5099e-16  2.8928e-15
1404.2492   2256.14    1.0359    0.0929  2.9958e-15  2.6854e-16  2.8919e-15
1404.2791   2262.57    0.9496    0.0903  2.7453e-15  2.6116e-16  2.8911e-15
1404.3090   2269.01    0.9570    0.0893  2.7659e-15  2.5803e-16  2.8902e-15
1404.3389   2275.44    0.8891    0.0865  2.5688e-15  2.4995e-16  2.8892e-15
1404.3688   2281.87    0.9534    0.0895  2.7535e-15  2.5862e-16  2.8882e-15
1404.3987   2288.31    0.9140    0.0880  2.6389e-15  2.5419e-16  2.8872e-15
1404.4286   2294.74    0.9848    0.0918  2.8423e-15  2.6498e-16  2.8862e-15
