# Wave  Vhel  NormFlux  NormErr      Flux        Error       Continuum
1135.5377  -2461.35    0.8679    0.1138  3.2279e-15  4.2331e-16  3.7191e-15
1135.5677  -2453.52    1.2286    0.1348  4.5695e-15  5.0123e-16  3.7192e-15
1135.5976  -2445.69    0.9547    0.1192  3.5507e-15  4.4323e-16  3.7193e-15
1135.6275  -2437.86    0.9902    0.1213  3.6830e-15  4.5118e-16  3.7194e-15
1135.6574  -2430.03    0.9319    0.1178  3.4661e-15  4.3816e-16  3.7194e-15
1135.6873  -2422.20    1.2180    0.1342  4.5304e-15  4.9920e-16  3.7195e-15
1135.7172  -2414.36    0.9604    0.1195  3.5723e-15  4.4465e-16  3.7196e-15
1135.7471  -2406.53    1.0767    0.1264  4.0049e-15  4.7000e-16  3.7196e-15
1135.7770  -2398.70    1.2580    0.1363  4.6793e-15  5.0696e-16  3.7197e-15
1135.8069  -2390.87    1.0124    0.1226  3.7660e-15  4.5591e-16  3.7197e-15
1135.8368  -2383.04    0.9689    0.1199  3.6040e-15  4.4616e-16  3.7198e-15
1135.8668  -2375.20    0.9083    0.1162  3.3786e-15  4.3225e-16  3.7198e-15
1135.8967  -2367.37    0.8459    0.1122  3.1466e-15  4.1742e-16  3.7198e-15
1135.9266  -2359.54    0.8966    0.1154  3.3353e-15  4.2935e-16  3.7198e-15
1135.9565  -2351.71    0.9795    0.1204  3.6437e-15  4.4790e-16  3.7199e-15
1135.9864  -2343.88    0.9649    0.1198  3.5891e-15  4.4568e-16  3.7199e-15
1136.0163  -2336.05    1.1196    0.1603  4.1647e-15  5.9633e-16  3.7199e-15
1136.0462  -2328.21    0.9685    0.1540  3.6025e-15  5.7299e-16  3.7198e-15
1136.0761  -2320.38    0.6758    0.1336  2.5138e-15  4.9712e-16  3.7198e-15
1136.1060  -2312.55    0.8458    0.1458  3.1461e-15  5.4243e-16  3.7198e-15
1136.1359  -2304.72    0.8595    0.1516  3.1970e-15  5.6373e-16  3.7198e-15
1136.1659  -2296.89    0.8355    0.1161  3.1080e-15  4.3186e-16  3.7197e-15
1136.1958  -2289.06    0.9762    0.1200  3.6312e-15  4.4627e-16  3.7197e-15
1136.2257  -2281.22    1.1653    0.1307  4.3345e-15  4.8603e-16  3.7196e-15
1136.2556  -2273.39    0.9252    0.1168  3.4415e-15  4.3427e-16  3.7196e-15
1136.2855  -2265.56    1.0551    0.1244  3.9244e-15  4.6268e-16  3.7195e-15
1136.3154  -2257.73    0.8796    0.1138  3.2716e-15  4.2345e-16  3.7194e-15
1136.3453  -2249.90    1.1234    0.1282  4.1782e-15  4.7665e-16  3.7194e-15
1136.3752  -2242.07    1.1430    0.1292  4.2513e-15  4.8059e-16  3.7193e-15
1136.4051  -2234.23    1.1585    0.1301  4.3086e-15  4.8371e-16  3.7192e-15
1136.4350  -2226.40    1.0191    0.1222  3.7900e-15  4.5442e-16  3.7191e-15
1136.4650  -2218.57    0.9737    0.1195  3.6212e-15  4.4448e-16  3.7190e-15
1136.4949  -2210.74    1.0298    0.1228  3.8297e-15  4.5669e-16  3.7188e-15
1136.5248  -2202.91    0.9728    0.1194  3.6176e-15  4.4417e-16  3.7187e-15
1136.5547  -2195.08    1.0136    0.1218  3.7692e-15  4.5296e-16  3.7186e-15
1136.5846  -2187.24    0.8951    0.1146  3.3283e-15  4.2607e-16  3.7184e-15
1136.6145  -2179.41    0.8142    0.1094  3.0276e-15  4.0690e-16  3.7183e-15
1136.6444  -2171.58    0.9494    0.1178  3.5299e-15  4.3797e-16  3.7182e-15
1136.6743  -2163.75    0.9361    0.1170  3.4805e-15  4.3512e-16  3.7180e-15
1136.7042  -2155.92    0.8203    0.1097  3.0499e-15  4.0799e-16  3.7179e-15
1136.7341  -2148.09    0.9297    0.1166  3.4562e-15  4.3332e-16  3.7177e-15
1136.7641  -2140.25    1.0297    0.1224  3.8281e-15  4.5516e-16  3.7176e-15
1136.7940  -2132.42    0.8236    0.1099  3.0618e-15  4.0843e-16  3.7175e-15
1136.8239  -2124.59    1.1460    0.1289  4.2602e-15  4.7924e-16  3.7173e-15
1136.8538  -2116.76    0.9819    0.1195  3.6501e-15  4.4425e-16  3.7172e-15
1136.8837  -2108.93    0.8451    0.1111  3.1411e-15  4.1312e-16  3.7170e-15
1136.9136  -2101.10    0.8521    0.1116  3.1672e-15  4.1476e-16  3.7169e-15
1136.9435  -2093.26    1.1355    0.1283  4.2204e-15  4.7669e-16  3.7167e-15
1136.9734  -2085.43    0.9121    0.1152  3.3897e-15  4.2823e-16  3.7166e-15
1137.0033  -2077.60    1.1461    0.1287  4.2596e-15  4.7844e-16  3.7165e-15
1137.0332  -2069.77    1.1183    0.1272  4.1560e-15  4.7258e-16  3.7163e-15
1137.0632  -2061.94    0.9899    0.1198  3.6788e-15  4.4528e-16  3.7162e-15
1137.0931  -2054.11    0.8704    0.1126  3.2344e-15  4.1835e-16  3.7160e-15
1137.1230  -2046.27    0.7957    0.1077  2.9567e-15  4.0026e-16  3.7159e-15
1137.1529  -2038.44    1.0043    0.1205  3.7318e-15  4.4791e-16  3.7157e-15
1137.1828  -2030.61    1.1892    0.1308  4.4187e-15  4.8612e-16  3.7156e-15
1137.2127  -2022.78    0.9875    0.1195  3.6689e-15  4.4388e-16  3.7154e-15
1137.2426  -2014.95    0.8315    0.1099  3.0892e-15  4.0816e-16  3.7153e-15
1137.2725  -2007.12    0.9466    0.1170  3.5168e-15  4.3450e-16  3.7151e-15
1137.3024  -1999.28    0.9219    0.1154  3.4250e-15  4.2876e-16  3.7150e-15
1137.3323  -1991.45    0.7996    0.1077  2.9705e-15  4.0016e-16  3.7148e-15
1137.3623  -1983.62    1.1494    0.1285  4.2697e-15  4.7721e-16  3.7147e-15
1137.3922  -1975.79    1.0496    0.1229  3.8989e-15  4.5648e-16  3.7145e-15
1137.4221  -1967.96    1.3009    0.1364  4.8320e-15  5.0675e-16  3.7144e-15
1137.4520  -1960.13    1.0081    0.1204  3.7441e-15  4.4736e-16  3.7142e-15
1137.4819  -1952.29    1.1092    0.1262  4.1196e-15  4.6855e-16  3.7141e-15
1137.5118  -1944.46    1.0171    0.1209  3.7773e-15  4.4910e-16  3.7139e-15
1137.5417  -1936.63    0.9968    0.1197  3.7019e-15  4.4441e-16  3.7138e-15
1137.5716  -1928.80    0.9028    0.1141  3.3525e-15  4.2361e-16  3.7136e-15
1137.6015  -1920.97    0.9099    0.1145  3.3788e-15  4.2517e-16  3.7134e-15
1137.6314  -1913.14    0.8827    0.1128  3.2778e-15  4.1889e-16  3.7133e-15
1137.6614  -1905.30    1.0277    0.1214  3.8159e-15  4.5083e-16  3.7131e-15
1137.6913  -1897.47    1.0579    0.1231  3.9280e-15  4.5712e-16  3.7130e-15
1137.7212  -1889.64    1.0455    0.1224  3.8817e-15  4.5439e-16  3.7128e-15
1137.7511  -1881.81    0.9221    0.1151  3.4234e-15  4.2742e-16  3.7127e-15
1137.7810  -1873.98    1.1032    0.1256  4.0957e-15  4.6620e-16  3.7125e-15
1137.8109  -1866.15    0.8963    0.1135  3.3274e-15  4.2130e-16  3.7123e-15
1137.8408  -1858.31    0.8602    0.1112  3.1931e-15  4.1288e-16  3.7122e-15
1137.8707  -1850.48    0.8058    0.1077  2.9912e-15  3.9976e-16  3.7120e-15
1137.9006  -1842.65    1.1894    0.1301  4.4149e-15  4.8287e-16  3.7119e-15
1137.9305  -1834.82    1.1994    0.1306  4.4518e-15  4.8477e-16  3.7117e-15
1137.9605  -1826.99    1.0163    0.1205  3.7719e-15  4.4706e-16  3.7115e-15
1137.9904  -1819.16    1.1286    0.1267  4.1887e-15  4.7035e-16  3.7114e-15
1138.0203  -1811.32    0.8490    0.1103  3.1507e-15  4.0937e-16  3.7112e-15
1138.0502  -1803.49    1.1639    0.1285  4.3193e-15  4.7702e-16  3.7110e-15
1138.0801  -1795.66    1.1173    0.1260  4.1462e-15  4.6758e-16  3.7109e-15
1138.1100  -1787.83    1.0737    0.1241  3.9843e-15  4.6032e-16  3.7107e-15
1138.1399  -1780.00    1.1488    0.1600  4.2626e-15  5.9369e-16  3.7105e-15
1138.1698  -1772.17    1.2007    0.1763  4.4552e-15  6.5422e-16  3.7104e-15
1138.1997  -1764.33    1.2906    0.1762  4.7885e-15  6.5365e-16  3.7102e-15
1138.2296  -1756.50    1.1276    0.1676  4.1833e-15  6.2191e-16  3.7100e-15
1138.2596  -1748.67    1.1663    0.1707  4.3267e-15  6.3331e-16  3.7099e-15
1138.2895  -1740.84    1.1513    0.1659  4.2709e-15  6.1532e-16  3.7097e-15
1138.3194  -1733.01    0.9752    0.1593  3.6176e-15  5.9095e-16  3.7095e-15
1138.3493  -1725.18    0.9861    0.1594  3.6577e-15  5.9113e-16  3.7094e-15
1138.3792  -1717.34    1.0742    0.1641  3.9844e-15  6.0875e-16  3.7092e-15
1138.4091  -1709.51    1.0671    0.1676  3.9578e-15  6.2171e-16  3.7090e-15
1138.4390  -1701.68    1.1622    0.1734  4.3105e-15  6.4303e-16  3.7089e-15
1138.4689  -1693.85    0.7321    0.1424  2.7150e-15  5.2800e-16  3.7087e-15
1138.4988  -1686.02    0.8207    0.1471  3.0437e-15  5.4538e-16  3.7085e-15
1138.5287  -1678.19    1.0126    0.1597  3.7552e-15  5.9227e-16  3.7083e-15
1138.5587  -1670.35    0.9472    0.1563  3.5125e-15  5.7941e-16  3.7082e-15
1138.5886  -1662.52    1.1373    0.1669  4.2171e-15  6.1905e-16  3.7080e-15
1138.6185  -1654.69    1.1145    0.1564  4.1322e-15  5.7996e-16  3.7078e-15
1138.6484  -1646.86    0.9382    0.1547  3.4785e-15  5.7348e-16  3.7077e-15
1138.6783  -1639.03    1.1630    0.1666  4.3120e-15  6.1774e-16  3.7075e-15
1138.7082  -1631.19    0.8299    0.1396  3.0766e-15  5.1754e-16  3.7073e-15
1138.7381  -1623.36    0.9534    0.1160  3.5343e-15  4.2994e-16  3.7071e-15
1138.7680  -1615.53    1.0378    0.1208  3.8471e-15  4.4787e-16  3.7070e-15
1138.7979  -1607.70    0.9637    0.1165  3.5722e-15  4.3179e-16  3.7068e-15
1138.8278  -1599.87    1.0033    0.1187  3.7188e-15  4.4010e-16  3.7066e-15
1138.8578  -1592.04    1.0447    0.1211  3.8721e-15  4.4881e-16  3.7064e-15
1138.8877  -1584.20    1.0541    0.1216  3.9066e-15  4.5063e-16  3.7062e-15
1138.9176  -1576.37    0.9515    0.1156  3.5264e-15  4.2850e-16  3.7061e-15
1138.9475  -1568.54    1.0270    0.1200  3.8061e-15  4.4471e-16  3.7059e-15
1138.9774  -1560.71    1.3562    0.1374  5.0256e-15  5.0925e-16  3.7057e-15
1139.0073  -1552.88    1.2534    0.1322  4.6447e-15  4.8973e-16  3.7055e-15
1139.0372  -1545.05    1.2093    0.1298  4.4811e-15  4.8111e-16  3.7053e-15
1139.0671  -1537.21    1.0301    0.1200  3.8165e-15  4.4469e-16  3.7052e-15
1139.0970  -1529.38    1.0425    0.1206  3.8626e-15  4.4700e-16  3.7050e-15
1139.1269  -1521.55    1.0351    0.1202  3.8348e-15  4.4539e-16  3.7048e-15
1139.1569  -1513.72    1.1452    0.1263  4.2425e-15  4.6779e-16  3.7046e-15
1139.1868  -1505.89    0.9732    0.1166  3.6051e-15  4.3193e-16  3.7044e-15
1139.2167  -1498.06    1.0003    0.1181  3.7053e-15  4.3762e-16  3.7043e-15
1139.2466  -1490.22    1.1950    0.1289  4.4263e-15  4.7731e-16  3.7041e-15
1139.2765  -1482.39    1.0330    0.1200  3.8261e-15  4.4441e-16  3.7039e-15
1139.3064  -1474.56    1.1237    0.1250  4.1619e-15  4.6295e-16  3.7037e-15
1139.3363  -1466.73    0.9347    0.1142  3.4615e-15  4.2303e-16  3.7035e-15
1139.3662  -1458.90    0.8861    0.1112  3.2814e-15  4.1187e-16  3.7033e-15
1139.3961  -1451.07    1.1463    0.1261  4.2448e-15  4.6694e-16  3.7031e-15
1139.4260  -1443.23    0.8817    0.1109  3.2648e-15  4.1064e-16  3.7030e-15
1139.4560  -1435.40    1.0545    0.1210  3.9047e-15  4.4802e-16  3.7028e-15
1139.4859  -1427.57    0.9769    0.1165  3.6169e-15  4.3142e-16  3.7026e-15
1139.5158  -1419.74    0.8443    0.1085  3.1258e-15  4.0166e-16  3.7024e-15
1139.5457  -1411.91    0.9475    0.1147  3.5078e-15  4.2469e-16  3.7022e-15
1139.5756  -1404.08    0.8800    0.1107  3.2578e-15  4.0968e-16  3.7020e-15
1139.6055  -1396.24    0.9805    0.1167  3.6295e-15  4.3185e-16  3.7018e-15
1139.6354  -1388.41    0.9148    0.1127  3.3863e-15  4.1728e-16  3.7016e-15
1139.6653  -1380.58    1.1525    0.1262  4.2658e-15  4.6697e-16  3.7014e-15
1139.6952  -1372.75    1.0687    0.1215  3.9555e-15  4.4977e-16  3.7012e-15
1139.7251  -1364.92    0.8383    0.1079  3.1025e-15  3.9952e-16  3.7011e-15
1139.7551  -1357.09    1.2597    0.1317  4.6618e-15  4.8738e-16  3.7009e-15
1139.7850  -1349.25    1.1178    0.1242  4.1367e-15  4.5956e-16  3.7007e-15
1139.8149  -1341.42    1.0401    0.1199  3.8489e-15  4.4351e-16  3.7005e-15
1139.8448  -1333.59    0.9587    0.1152  3.5473e-15  4.2621e-16  3.7003e-15
1139.8747  -1325.76    0.9419    0.1142  3.4850e-15  4.2254e-16  3.7001e-15
1139.9046  -1317.93    1.1328    0.1250  4.1914e-15  4.6234e-16  3.6999e-15
1139.9345  -1310.10    0.9780    0.1163  3.6183e-15  4.3034e-16  3.6997e-15
1139.9644  -1302.26    0.7947    0.1052  2.9398e-15  3.8905e-16  3.6995e-15
1139.9943  -1294.43    0.9427    0.1142  3.4872e-15  4.2260e-16  3.6993e-15
1140.0242  -1286.60    0.8920    0.1112  3.2998e-15  4.1133e-16  3.6991e-15
1140.0542  -1278.77    1.1571    0.1262  4.2798e-15  4.6681e-16  3.6989e-15
1140.0841  -1270.94    1.0107    0.1181  3.7384e-15  4.3684e-16  3.6987e-15
1140.1140  -1263.11    1.0985    0.1230  4.0627e-15  4.5473e-16  3.6985e-15
1140.1439  -1255.27    0.9992    0.1174  3.6955e-15  4.3421e-16  3.6983e-15
1140.1738  -1247.44    1.0865    0.1223  4.0181e-15  4.5222e-16  3.6981e-15
1140.2037  -1239.61    1.1169    0.1239  4.1302e-15  4.5823e-16  3.6979e-15
1140.2336  -1231.78    0.8785    0.1102  3.2486e-15  4.0758e-16  3.6977e-15
1140.2635  -1223.95    1.0903    0.1224  4.0312e-15  4.5269e-16  3.6975e-15
1140.2934  -1216.12    1.0890    0.1223  4.0263e-15  4.5232e-16  3.6973e-15
1140.3233  -1208.28    1.0130    0.1180  3.7451e-15  4.3640e-16  3.6971e-15
1140.3533  -1200.45    0.8594    0.1090  3.1772e-15  4.0290e-16  3.6969e-15
1140.3832  -1192.62    1.1145    0.1237  4.1201e-15  4.5729e-16  3.6967e-15
1140.4131  -1184.79    1.0285    0.1189  3.8019e-15  4.3951e-16  3.6965e-15
1140.4430  -1176.96    1.0484    0.1200  3.8753e-15  4.4354e-16  3.6963e-15
1140.4729  -1169.13    1.0096    0.1178  3.7316e-15  4.3535e-16  3.6961e-15
1140.5028  -1161.29    0.9948    0.1170  3.6766e-15  4.3232e-16  3.6959e-15
1140.5327  -1153.46    1.0373    0.1193  3.8335e-15  4.4107e-16  3.6957e-15
1140.5626  -1145.63    1.1325    0.1245  4.1852e-15  4.6027e-16  3.6955e-15
1140.5925  -1137.80    1.0691    0.1211  3.9506e-15  4.4745e-16  3.6953e-15
1140.6224  -1129.97    0.9272    0.1130  3.4261e-15  4.1758e-16  3.6951e-15
1140.6524  -1122.14    0.8420    0.1079  3.1110e-15  3.9859e-16  3.6949e-15
1140.6823  -1114.30    1.0368    0.1193  3.8307e-15  4.4076e-16  3.6946e-15
1140.7122  -1106.47    0.8945    0.1110  3.3046e-15  4.1019e-16  3.6944e-15
1140.7421  -1098.64    1.0076    0.1176  3.7224e-15  4.3437e-16  3.6942e-15
1140.7720  -1090.81    1.0659    0.1208  3.9375e-15  4.4640e-16  3.6940e-15
1140.8019  -1082.98    0.9688    0.1153  3.5784e-15  4.2606e-16  3.6938e-15
1140.8318  -1075.15    1.1150    0.1234  4.1185e-15  4.5591e-16  3.6936e-15
1140.8617  -1067.31    0.8739    0.1096  3.2275e-15  4.0468e-16  3.6934e-15
1140.8916  -1059.48    1.1153    0.1233  4.1190e-15  4.5544e-16  3.6932e-15
1140.9215  -1051.65    1.0616    0.1203  3.9205e-15  4.4437e-16  3.6930e-15
1140.9515  -1043.82    1.0510    0.1197  3.8811e-15  4.4206e-16  3.6928e-15
1140.9814  -1035.99    0.7763    0.1033  2.8666e-15  3.8147e-16  3.6925e-15
1141.0113  -1028.16    1.0076    0.1172  3.7206e-15  4.3275e-16  3.6923e-15
1141.0412  -1020.32    1.0835    0.1214  4.0003e-15  4.4831e-16  3.6921e-15
1141.0711  -1012.49    1.0344    0.1187  3.8190e-15  4.3816e-16  3.6919e-15
1141.1010  -1004.66    0.7569    0.1019  2.7942e-15  3.7635e-16  3.6917e-15
1141.1309   -996.83    1.0383    0.1188  3.8329e-15  4.3864e-16  3.6915e-15
1141.1608   -989.00    0.8905    0.1103  3.2870e-15  4.0702e-16  3.6913e-15
1141.1907   -981.17    0.7530    0.1016  2.7795e-15  3.7517e-16  3.6910e-15
1141.2206   -973.33    0.7391    0.1008  2.7278e-15  3.7189e-16  3.6908e-15
1141.2506   -965.50    0.5950    0.0907  2.1959e-15  3.3485e-16  3.6906e-15
1141.2805   -957.67    0.5146    0.0846  1.8989e-15  3.1228e-16  3.6904e-15
1141.3104   -949.84    0.5253    0.0855  1.9385e-15  3.1540e-16  3.6902e-15
1141.3403   -942.01    0.7357    0.1004  2.7146e-15  3.7040e-16  3.6900e-15
1141.3702   -934.17    0.7497    0.1013  2.7664e-15  3.7377e-16  3.6897e-15
1141.4001   -926.34    0.5282    0.0856  1.9487e-15  3.1577e-16  3.6895e-15
1141.4300   -918.51    0.7523    0.1014  2.7755e-15  3.7420e-16  3.6893e-15
1141.4599   -910.68    0.6952    0.0976  2.5646e-15  3.6020e-16  3.6891e-15
1141.4898   -902.85    0.8137    0.1054  3.0016e-15  3.8866e-16  3.6889e-15
1141.5197   -895.02    0.8111    0.1051  2.9918e-15  3.8786e-16  3.6886e-15
1141.5497   -887.18    0.9570    0.1140  3.5299e-15  4.2031e-16  3.6884e-15
1141.5796   -879.35    0.8352    0.1066  3.0805e-15  3.9306e-16  3.6882e-15
1141.6095   -871.52    0.8060    0.1047  2.9726e-15  3.8621e-16  3.6880e-15
1141.6394   -863.69    1.2009    0.1271  4.4285e-15  4.6868e-16  3.6877e-15
1141.6693   -855.86    0.9702    0.1145  3.5775e-15  4.2218e-16  3.6875e-15
1141.6992   -848.03    1.0928    0.1213  4.0296e-15  4.4731e-16  3.6873e-15
1141.7291   -840.19    0.8340    0.1063  3.0749e-15  3.9191e-16  3.6871e-15
1141.7590   -832.36    1.0632    0.1196  3.9199e-15  4.4102e-16  3.6869e-15
1141.7889   -824.53    1.2017    0.1270  4.4304e-15  4.6824e-16  3.6866e-15
1141.8188   -816.70    1.1343    0.1234  4.1815e-15  4.5494e-16  3.6864e-15
1141.8488   -808.87    0.9154    0.1112  3.3742e-15  4.0972e-16  3.6862e-15
1141.8787   -801.04    1.0414    0.1184  3.8385e-15  4.3630e-16  3.6859e-15
1141.9086   -793.20    0.7706    0.1022  2.8402e-15  3.7680e-16  3.6857e-15
1141.9385   -785.37    0.9003    0.1102  3.3179e-15  4.0631e-16  3.6855e-15
1141.9684   -777.54    0.9001    0.1102  3.3169e-15  4.0609e-16  3.6853e-15
1141.9983   -769.71    0.9990    0.1159  3.6812e-15  4.2713e-16  3.6850e-15
1142.0282   -761.88    0.9717    0.1144  3.5805e-15  4.2146e-16  3.6848e-15
1142.0581   -754.05    1.1186    0.1225  4.1216e-15  4.5119e-16  3.6846e-15
1142.0880   -746.21    1.0361    0.1180  3.8174e-15  4.3459e-16  3.6843e-15
1142.1179   -738.38    0.9654    0.1139  3.5566e-15  4.1980e-16  3.6841e-15
1142.1479   -730.55    0.7680    0.1019  2.8292e-15  3.7549e-16  3.6839e-15
1142.1778   -722.72    0.5785    0.0889  2.1308e-15  3.2737e-16  3.6837e-15
1142.2077   -714.89    0.5474    0.0865  2.0163e-15  3.1851e-16  3.6834e-15
1142.2376   -707.06    0.7207    0.0987  2.6546e-15  3.6353e-16  3.6832e-15
1142.2675   -699.22    0.6809    0.0961  2.5076e-15  3.5376e-16  3.6830e-15
1142.2974   -691.39    0.7946    0.1035  2.9263e-15  3.8125e-16  3.6827e-15
1142.3273   -683.56    0.9034    0.1102  3.3267e-15  4.0582e-16  3.6825e-15
1142.3572   -675.73    0.8567    0.1073  3.1545e-15  3.9529e-16  3.6823e-15
1142.3871   -667.90    1.0192    0.1168  3.7527e-15  4.3006e-16  3.6820e-15
1142.4170   -660.07    1.1616    0.1245  4.2768e-15  4.5831e-16  3.6818e-15
1142.4470   -652.23    1.1023    0.1213  4.0582e-15  4.4643e-16  3.6816e-15
1142.4769   -644.40    1.1335    0.1229  4.1726e-15  4.5235e-16  3.6813e-15
1142.5068   -636.57    1.1433    0.1234  4.2085e-15  4.5413e-16  3.6811e-15
1142.5367   -628.74    1.0288    0.1171  3.7868e-15  4.3112e-16  3.6808e-15
1142.5666   -620.91    1.0497    0.1183  3.8636e-15  4.3539e-16  3.6806e-15
1142.5965   -613.08    1.0681    0.1193  3.9309e-15  4.3917e-16  3.6804e-15
1142.6264   -605.24    0.8620    0.1075  3.1722e-15  3.9544e-16  3.6801e-15
1142.6563   -597.41    0.9244    0.1111  3.4016e-15  4.0887e-16  3.6799e-15
1142.6862   -589.58    0.9143    0.1105  3.3643e-15  4.0665e-16  3.6797e-15
1142.7161   -581.75    0.9995    0.1154  3.6774e-15  4.2456e-16  3.6794e-15
1142.7461   -573.92    0.9639    0.1287  3.5463e-15  4.7344e-16  3.6792e-15
1142.7760   -566.09    0.8703    0.1365  3.2019e-15  5.0208e-16  3.6789e-15
1142.8059   -558.25    0.9488    0.1514  3.4903e-15  5.5678e-16  3.6787e-15
1142.8358   -550.42    0.8831    0.1440  3.2485e-15  5.2970e-16  3.6785e-15
1142.8657   -542.59    1.0995    0.1633  4.0443e-15  6.0071e-16  3.6782e-15
1142.8956   -534.76    0.8131    0.1445  2.9906e-15  5.3131e-16  3.6780e-15
1142.9255   -526.93    0.8095    0.1378  2.9772e-15  5.0675e-16  3.6777e-15
1142.9554   -519.10    0.6986    0.1341  2.5691e-15  4.9301e-16  3.6775e-15
1142.9853   -511.26    0.7267    0.1351  2.6722e-15  4.9669e-16  3.6772e-15
1143.0152   -503.43    0.6704    0.1311  2.4649e-15  4.8216e-16  3.6770e-15
1143.0452   -495.60    0.7361    0.1331  2.7063e-15  4.8946e-16  3.6768e-15
1143.0751   -487.77    0.8183    0.1384  3.0084e-15  5.0893e-16  3.6765e-15
1143.1050   -479.94    0.7488    0.1319  2.7527e-15  4.8501e-16  3.6763e-15
1143.1349   -472.11    0.6642    0.1238  2.4417e-15  4.5508e-16  3.6760e-15
1143.1648   -464.27    0.8540    0.1434  3.1393e-15  5.2707e-16  3.6758e-15
1143.1947   -456.44    0.7634    0.1328  2.8059e-15  4.8794e-16  3.6755e-15
1143.2246   -448.61    1.0131    0.1548  3.7235e-15  5.6890e-16  3.6753e-15
1143.2545   -440.78    0.9026    0.1499  3.3169e-15  5.5094e-16  3.6750e-15
1143.2844   -432.95    0.7218    0.1312  2.6523e-15  4.8197e-16  3.6748e-15
1143.3143   -425.12    0.8613    0.1170  3.1647e-15  4.2996e-16  3.6745e-15
1143.3443   -417.28    1.0340    0.1168  3.7994e-15  4.2928e-16  3.6743e-15
1143.3742   -409.45    0.9745    0.1135  3.5805e-15  4.1692e-16  3.6740e-15
1143.4041   -401.62    0.9347    0.1112  3.4337e-15  4.0836e-16  3.6738e-15
1143.4340   -393.79    0.9909    0.1144  3.6402e-15  4.2014e-16  3.6735e-15
1143.4639   -385.96    1.0159    0.1157  3.7317e-15  4.2509e-16  3.6733e-15
1143.4938   -378.13    1.0662    0.1185  3.9161e-15  4.3531e-16  3.6730e-15
1143.5237   -370.29    1.1169    0.1212  4.1020e-15  4.4509e-16  3.6728e-15
1143.5536   -362.46    0.8815    0.1079  3.2373e-15  3.9628e-16  3.6725e-15
1143.5835   -354.63    0.9698    0.1130  3.5615e-15  4.1503e-16  3.6723e-15
1143.6134   -346.80    0.9727    0.1131  3.5717e-15  4.1539e-16  3.6720e-15
1143.6434   -338.97    0.9328    0.1109  3.4251e-15  4.0705e-16  3.6718e-15
1143.6733   -331.14    1.0280    0.1162  3.7745e-15  4.2680e-16  3.6715e-15
1143.7032   -323.30    0.9422    0.1114  3.4589e-15  4.0884e-16  3.6713e-15
1143.7331   -315.47    0.9145    0.1098  3.3570e-15  4.0291e-16  3.6710e-15
1143.7630   -307.64    0.8739    0.1073  3.2078e-15  3.9396e-16  3.6708e-15
1143.7929   -299.81    0.7754    0.1013  2.8463e-15  3.7176e-16  3.6705e-15
1143.8228   -291.98    1.0955    0.1199  4.0208e-15  4.3996e-16  3.6702e-15
1143.8527   -284.15    0.9746    0.1132  3.5769e-15  4.1557e-16  3.6700e-15
1143.8826   -276.31    1.1183    0.1211  4.1037e-15  4.4438e-16  3.6697e-15
1143.9125   -268.48    0.7111    0.0971  2.6093e-15  3.5630e-16  3.6695e-15
1143.9425   -260.65    1.1042    0.1203  4.0516e-15  4.4148e-16  3.6692e-15
1143.9724   -252.82    1.0027    0.1147  3.6790e-15  4.2094e-16  3.6690e-15
1144.0023   -244.99    0.9823    0.1136  3.6039e-15  4.1667e-16  3.6687e-15
1144.0322   -237.16    1.1079    0.1205  4.0641e-15  4.4193e-16  3.6684e-15
1144.0621   -229.32    1.0812    0.1190  3.9662e-15  4.3669e-16  3.6682e-15
1144.0920   -221.49    1.1116    0.1207  4.0772e-15  4.4270e-16  3.6679e-15
1144.1219   -213.66    0.9055    0.1092  3.3211e-15  4.0045e-16  3.6677e-15
1144.1518   -205.83    1.0631    0.1181  3.8990e-15  4.3299e-16  3.6674e-15
1144.1817   -198.00    1.0006    0.1146  3.6695e-15  4.2032e-16  3.6671e-15
1144.2116   -190.16    1.0069    0.1149  3.6921e-15  4.2142e-16  3.6669e-15
1144.2416   -182.33    1.1819    0.1243  4.3336e-15  4.5569e-16  3.6666e-15
1144.2715   -174.50    0.9990    0.1145  3.6625e-15  4.1975e-16  3.6664e-15
1144.3014   -166.67    1.1587    0.1230  4.2478e-15  4.5108e-16  3.6661e-15
1144.3313   -158.84    0.9656    0.1125  3.5398e-15  4.1258e-16  3.6658e-15
1144.3612   -151.01    1.0860    0.1192  3.9806e-15  4.3687e-16  3.6656e-15
1144.3911   -143.17    0.8205    0.1040  3.0075e-15  3.8126e-16  3.6653e-15
1144.4210   -135.34    1.0861    0.1192  3.9804e-15  4.3688e-16  3.6650e-15
1144.4509   -127.51    0.8961    0.1085  3.2839e-15  3.9773e-16  3.6648e-15
1144.4808   -119.68    0.8151    0.1037  2.9870e-15  3.7993e-16  3.6645e-15
1144.5107   -111.85    0.9113    0.1094  3.3392e-15  4.0098e-16  3.6642e-15
1144.5407   -104.02    0.7274    0.0981  2.6653e-15  3.5961e-16  3.6640e-15
1144.5706    -96.18    0.6499    0.0930  2.3810e-15  3.4060e-16  3.6637e-15
1144.6005    -88.35    0.8281    0.1044  3.0336e-15  3.8258e-16  3.6634e-15
1144.6304    -80.52    0.7208    0.0977  2.6403e-15  3.5783e-16  3.6632e-15
1144.6603    -72.69    0.5651    0.0869  2.0700e-15  3.1830e-16  3.6629e-15
1144.6902    -64.86    0.4242    0.0758  1.5537e-15  2.7765e-16  3.6626e-15
1144.7201    -57.03    0.4343    0.0766  1.5906e-15  2.8062e-16  3.6624e-15
1144.7500    -49.19    0.3498    0.0693  1.2811e-15  2.5365e-16  3.6621e-15
1144.7799    -41.36    0.2321    0.0574  8.4981e-16  2.1016e-16  3.6618e-15
1144.8098    -33.53    0.2993    0.0644  1.0960e-15  2.3570e-16  3.6616e-15
1144.8398    -25.70    0.3931    0.0730  1.4392e-15  2.6718e-16  3.6613e-15
1144.8697    -17.87    0.3637    0.0703  1.3314e-15  2.5741e-16  3.6610e-15
1144.8996    -10.04    0.5608    0.0863  2.0530e-15  3.1585e-16  3.6608e-15
1144.9295     -2.20    0.7196    0.0973  2.6339e-15  3.5603e-16  3.6605e-15
1144.9594      5.63    0.7425    0.0987  2.7178e-15  3.6139e-16  3.6602e-15
1144.9893     13.46    0.7527    0.0994  2.7549e-15  3.6368e-16  3.6599e-15
1145.0192     21.29    0.8622    0.1061  3.1554e-15  3.8832e-16  3.6597e-15
1145.0491     29.12    1.0550    0.1170  3.8605e-15  4.2825e-16  3.6594e-15
1145.0790     36.95    0.9300    0.1100  3.4030e-15  4.0249e-16  3.6591e-15
1145.1089     44.79    1.0003    0.1139  3.6599e-15  4.1692e-16  3.6588e-15
1145.1389     52.62    1.0695    0.1177  3.9130e-15  4.3076e-16  3.6586e-15
1145.1688     60.45    0.8543    0.1055  3.1254e-15  3.8590e-16  3.6583e-15
1145.1987     68.28    1.0419    0.1162  3.8113e-15  4.2509e-16  3.6580e-15
1145.2286     76.11    0.9556    0.1114  3.4952e-15  4.0736e-16  3.6577e-15
1145.2585     83.94    0.9812    0.1128  3.5888e-15  4.1248e-16  3.6575e-15
1145.2884     91.78    0.9184    0.1092  3.3589e-15  3.9928e-16  3.6572e-15
1145.3183     99.61    0.8989    0.1080  3.2873e-15  3.9507e-16  3.6569e-15
1145.3482    107.44    1.0689    0.1175  3.9085e-15  4.2978e-16  3.6566e-15
1145.3781    115.27    0.9574    0.1114  3.5005e-15  4.0721e-16  3.6564e-15
1145.4080    123.10    1.0732    0.1178  3.9239e-15  4.3053e-16  3.6561e-15
1145.4380    130.93    1.3555    0.1320  4.9555e-15  4.8270e-16  3.6558e-15
1145.4679    138.77    1.2468    0.1267  4.5576e-15  4.6317e-16  3.6555e-15
1145.4978    146.60    1.0772    0.1180  3.9373e-15  4.3116e-16  3.6552e-15
1145.5277    154.43    0.9027    0.1082  3.2995e-15  3.9550e-16  3.6550e-15
1145.5576    162.26    1.0776    0.1179  3.9383e-15  4.3100e-16  3.6547e-15
1145.5875    170.09    1.0890    0.1185  3.9797e-15  4.3321e-16  3.6544e-15
1145.6174    177.92    0.9754    0.1123  3.5641e-15  4.1043e-16  3.6541e-15
1145.6473    185.76    1.0929    0.1187  3.9934e-15  4.3373e-16  3.6538e-15
1145.6772    193.59    1.1183    0.1200  4.0857e-15  4.3858e-16  3.6536e-15
1145.7071    201.42    0.9581    0.1113  3.5000e-15  4.0658e-16  3.6533e-15
1145.7371    209.25    1.0406    0.1159  3.8014e-15  4.2322e-16  3.6530e-15
1145.7670    217.08    0.9179    0.1090  3.3527e-15  3.9807e-16  3.6527e-15
1145.7969    224.91    0.9260    0.1094  3.3822e-15  3.9966e-16  3.6524e-15
1145.8268    232.75    0.9143    0.1087  3.3391e-15  3.9703e-16  3.6521e-15
1145.8567    240.58    0.9791    0.1124  3.5756e-15  4.1051e-16  3.6519e-15
1145.8866    248.41    0.8987    0.1078  3.2818e-15  3.9359e-16  3.6516e-15
1145.9165    256.24    1.0631    0.1170  3.8815e-15  4.2710e-16  3.6513e-15
1145.9464    264.07    0.8166    0.1029  2.9814e-15  3.7558e-16  3.6510e-15
1145.9763    271.90    1.0123    0.1142  3.6955e-15  4.1693e-16  3.6507e-15
1146.0062    279.74    1.0123    0.1142  3.6952e-15  4.1680e-16  3.6504e-15
1146.0362    287.57    0.9613    0.1113  3.5090e-15  4.0630e-16  3.6501e-15
1146.0661    295.40    1.3449    0.1311  4.9086e-15  4.7853e-16  3.6499e-15
1146.0960    303.23    1.0533    0.1163  3.8441e-15  4.2444e-16  3.6496e-15
1146.1259    311.06    0.8298    0.1035  3.0280e-15  3.7774e-16  3.6493e-15
1146.1558    318.89    1.2444    0.1262  4.5406e-15  4.6033e-16  3.6490e-15
1146.1857    326.73    0.9982    0.1133  3.6423e-15  4.1324e-16  3.6487e-15
1146.2156    334.56    0.9110    0.1083  3.3237e-15  3.9518e-16  3.6484e-15
1146.2455    342.39    0.9978    0.1132  3.6400e-15  4.1300e-16  3.6481e-15
1146.2754    350.22    0.9622    0.1112  3.5098e-15  4.0579e-16  3.6478e-15
1146.3053    358.05    0.7310    0.0973  2.6662e-15  3.5502e-16  3.6475e-15
1146.3353    365.88    0.9689    0.1116  3.5340e-15  4.0710e-16  3.6472e-15
1146.3652    373.72    0.9778    0.1121  3.5659e-15  4.0868e-16  3.6470e-15
1146.3951    381.55    1.1904    0.1234  4.3410e-15  4.4985e-16  3.6467e-15
1146.4250    389.38    1.1144    0.1194  4.0637e-15  4.3540e-16  3.6464e-15
1146.4549    397.21    0.9705    0.1116  3.5385e-15  4.0704e-16  3.6461e-15
1146.4848    405.04    1.1014    0.1188  4.0155e-15  4.3302e-16  3.6458e-15
1146.5147    412.87    1.0106    0.1139  3.6842e-15  4.1507e-16  3.6455e-15
1146.5446    420.71    0.9953    0.1130  3.6280e-15  4.1190e-16  3.6452e-15
1146.5745    428.54    0.9174    0.1246  3.3439e-15  4.5406e-16  3.6449e-15
1146.6044    436.37    1.1951    0.1623  4.3558e-15  5.9145e-16  3.6446e-15
1146.6344    444.20    1.1377    0.1565  4.1462e-15  5.7052e-16  3.6443e-15
1146.6643    452.03    1.1273    0.1601  4.1079e-15  5.8332e-16  3.6440e-15
1146.6942    459.86    1.0589    0.1549  3.8584e-15  5.6457e-16  3.6437e-15
1146.7241    467.70    1.0008    0.1476  3.6462e-15  5.3779e-16  3.6434e-15
1146.7540    475.53    1.1945    0.1629  4.3518e-15  5.9330e-16  3.6431e-15
1146.7839    483.36    0.8881    0.1381  3.2353e-15  5.0307e-16  3.6428e-15
1146.8138    491.19    1.0471    0.1511  3.8142e-15  5.5055e-16  3.6425e-15
1146.8437    499.02    1.0204    0.1483  3.7167e-15  5.4032e-16  3.6422e-15
1146.8736    506.85    0.9362    0.1487  3.4097e-15  5.4161e-16  3.6419e-15
1146.9035    514.69    0.9578    0.1509  3.4880e-15  5.4970e-16  3.6417e-15
1146.9335    522.52    1.0977    0.1541  3.9972e-15  5.6102e-16  3.6414e-15
1146.9634    530.35    1.0832    0.1542  3.9441e-15  5.6150e-16  3.6411e-15
1146.9933    538.18    1.0444    0.1495  3.8022e-15  5.4436e-16  3.6408e-15
1147.0232    546.01    1.0148    0.1522  3.6943e-15  5.5398e-16  3.6405e-15
1147.0531    553.85    0.9182    0.1405  3.3422e-15  5.1134e-16  3.6402e-15
1147.0830    561.68    0.9764    0.1452  3.5540e-15  5.2840e-16  3.6399e-15
1147.1129    569.51    1.0285    0.1316  3.7433e-15  4.7913e-16  3.6396e-15
1147.1428    577.34    1.0982    0.1232  3.9968e-15  4.4819e-16  3.6392e-15
1147.1727    585.17    1.0898    0.1178  3.9659e-15  4.2868e-16  3.6389e-15
1147.2026    593.00    0.8680    0.1054  3.1585e-15  3.8360e-16  3.6386e-15
1147.2326    600.84    1.0130    0.1136  3.6858e-15  4.1340e-16  3.6383e-15
1147.2625    608.67    1.0509    0.1156  3.8232e-15  4.2073e-16  3.6380e-15
1147.2924    616.50    1.0482    0.1155  3.8129e-15  4.2004e-16  3.6377e-15
1147.3223    624.33    1.1347    0.1200  4.1274e-15  4.3661e-16  3.6374e-15
1147.3522    632.16    0.8477    0.1041  3.0830e-15  3.7859e-16  3.6371e-15
1147.3821    639.99    1.0187    0.1138  3.7048e-15  4.1393e-16  3.6368e-15
1147.4120    647.83    0.9834    0.1119  3.5761e-15  4.0683e-16  3.6365e-15
1147.4419    655.66    0.9774    0.1115  3.5539e-15  4.0557e-16  3.6362e-15
1147.4718    663.49    0.8103    0.1018  2.9462e-15  3.7010e-16  3.6359e-15
1147.5017    671.32    0.9104    0.1077  3.3100e-15  3.9152e-16  3.6356e-15
1147.5317    679.15    1.1017    0.1182  4.0051e-15  4.2955e-16  3.6353e-15
1147.5616    686.98    1.0995    0.1180  3.9965e-15  4.2905e-16  3.6350e-15
1147.5915    694.82    0.9642    0.1107  3.5044e-15  4.0223e-16  3.6347e-15
1147.6214    702.65    1.0145    0.1134  3.6870e-15  4.1222e-16  3.6344e-15
1147.6513    710.48    0.9739    0.1112  3.5393e-15  4.0405e-16  3.6341e-15
1147.6812    718.31    1.1601    0.1211  4.2155e-15  4.4007e-16  3.6338e-15
1147.7111    726.14    1.1838    0.1223  4.3013e-15  4.4442e-16  3.6335e-15
1147.7410    733.97    1.1795    0.1221  4.2853e-15  4.4364e-16  3.6331e-15
1147.7709    741.81    1.0570    0.1157  3.8398e-15  4.2032e-16  3.6328e-15
1147.8008    749.64    1.0649    0.1161  3.8684e-15  4.2178e-16  3.6325e-15
1147.8308    757.47    1.0623    0.1160  3.8584e-15  4.2116e-16  3.6322e-15
1147.8607    765.30    1.1216    0.1190  4.0737e-15  4.3233e-16  3.6319e-15
1147.8906    773.13    0.9721    0.1110  3.5303e-15  4.0302e-16  3.6316e-15
1147.9205    780.96    1.1190    0.1188  4.0633e-15  4.3154e-16  3.6313e-15
1147.9504    788.80    1.0772    0.1166  3.9112e-15  4.2331e-16  3.6310e-15
1147.9803    796.63    1.2017    0.1230  4.3628e-15  4.4653e-16  3.6307e-15
1148.0102    804.46    0.9745    0.1111  3.5377e-15  4.0325e-16  3.6303e-15
1148.0401    812.29    1.0023    0.1126  3.6386e-15  4.0885e-16  3.6300e-15
1148.0700    820.12    0.9334    0.1088  3.3878e-15  3.9481e-16  3.6297e-15
1148.0999    827.95    0.9419    0.1093  3.4187e-15  3.9667e-16  3.6294e-15
1148.1299    835.79    0.9755    0.1111  3.5400e-15  4.0324e-16  3.6291e-15
1148.1598    843.62    1.0315    0.1142  3.7432e-15  4.1432e-16  3.6288e-15
1148.1897    851.45    0.9099    0.1074  3.3014e-15  3.8967e-16  3.6285e-15
1148.2196    859.28    0.9552    0.1099  3.4655e-15  3.9875e-16  3.6281e-15
1148.2495    867.11    0.9523    0.1098  3.4547e-15  3.9817e-16  3.6278e-15
1148.2794    874.94    1.1087    0.1182  4.0219e-15  4.2874e-16  3.6275e-15
1148.3093    882.78    1.0836    0.1169  3.9304e-15  4.2384e-16  3.6272e-15
1148.3392    890.61    1.1084    0.1181  4.0199e-15  4.2838e-16  3.6269e-15
1148.3691    898.44    0.8567    0.1042  3.1070e-15  3.7788e-16  3.6266e-15
1148.3990    906.27    0.9323    0.1085  3.3806e-15  3.9338e-16  3.6262e-15
1148.4290    914.10    0.9287    0.1083  3.3675e-15  3.9257e-16  3.6259e-15
1148.4589    921.93    1.0965    0.1174  3.9753e-15  4.2551e-16  3.6256e-15
1148.4888    929.77    0.9167    0.1075  3.3233e-15  3.8984e-16  3.6253e-15
1148.5187    937.60    0.9148    0.1074  3.3163e-15  3.8942e-16  3.6250e-15
1148.5486    945.43    1.0319    0.1139  3.7403e-15  4.1272e-16  3.6247e-15
1148.5785    953.26    0.9224    0.1078  3.3433e-15  3.9065e-16  3.6243e-15
1148.6084    961.09    1.1510    0.1201  4.1711e-15  4.3513e-16  3.6240e-15
1148.6383    968.92    1.1043    0.1177  4.0017e-15  4.2633e-16  3.6237e-15
1148.6682    976.76    1.0803    0.1164  3.9145e-15  4.2169e-16  3.6234e-15
1148.6981    984.59    1.0449    0.1144  3.7856e-15  4.1459e-16  3.6231e-15
1148.7281    992.42    1.1141    0.1181  4.0361e-15  4.2770e-16  3.6227e-15
1148.7580   1000.25    1.0620    0.1153  3.8471e-15  4.1773e-16  3.6224e-15
1148.7879   1008.08    1.0697    0.1157  3.8746e-15  4.1908e-16  3.6221e-15
1148.8178   1015.91    0.9259    0.1078  3.3535e-15  3.9040e-16  3.6218e-15
1148.8477   1023.75    0.9002    0.1063  3.2601e-15  3.8503e-16  3.6214e-15
1148.8776   1031.58    1.2492    0.1248  4.5234e-15  4.5187e-16  3.6211e-15
1148.9075   1039.41    1.0363    0.1139  3.7522e-15  4.1241e-16  3.6208e-15
1148.9374   1047.24    1.0500    0.1146  3.8014e-15  4.1494e-16  3.6205e-15
1148.9673   1055.07    1.1344    0.1190  4.1067e-15  4.3077e-16  3.6202e-15
1148.9972   1062.90    1.0974    0.1170  3.9725e-15  4.2352e-16  3.6198e-15
1149.0272   1070.74    1.1054    0.1174  4.0011e-15  4.2476e-16  3.6195e-15
1149.0571   1078.57    0.9306    0.1079  3.3679e-15  3.9040e-16  3.6192e-15
1149.0870   1086.40    1.1407    0.1192  4.1279e-15  4.3120e-16  3.6189e-15
1149.1169   1094.23    0.9963    0.1115  3.6050e-15  4.0337e-16  3.6185e-15
1149.1468   1102.06    1.0293    0.1133  3.7242e-15  4.0991e-16  3.6182e-15
1149.1767   1109.89    1.0751    0.1157  3.8896e-15  4.1866e-16  3.6179e-15
1149.2066   1117.73    0.8733    0.1046  3.1592e-15  3.7830e-16  3.6175e-15
1149.2365   1125.56    0.9953    0.1114  3.6003e-15  4.0304e-16  3.6172e-15
1149.2664   1133.39    1.1266    0.1184  4.0747e-15  4.2821e-16  3.6169e-15
1149.2963   1141.22    0.9554    0.1092  3.4552e-15  3.9495e-16  3.6166e-15
1149.3263   1149.05    0.9560    0.1092  3.4570e-15  3.9496e-16  3.6162e-15
1149.3562   1156.88    0.9551    0.1091  3.4535e-15  3.9467e-16  3.6159e-15
1149.3861   1164.72    0.9146    0.1069  3.3067e-15  3.8649e-16  3.6156e-15
1149.4160   1172.55    0.9113    0.1067  3.2947e-15  3.8583e-16  3.6152e-15
1149.4459   1180.38    0.9933    0.1113  3.5906e-15  4.0220e-16  3.6149e-15
1149.4758   1188.21    1.0399    0.1137  3.7589e-15  4.1112e-16  3.6146e-15
1149.5057   1196.04    0.9726    0.1101  3.5151e-15  3.9776e-16  3.6143e-15
1149.5356   1203.87    1.1112    0.1175  4.0156e-15  4.2459e-16  3.6139e-15
1149.5655   1211.71    0.9681    0.1098  3.4983e-15  3.9691e-16  3.6136e-15
1149.5954   1219.54    0.9976    0.1114  3.6045e-15  4.0253e-16  3.6133e-15
1149.6254   1227.37    1.0784    0.1157  3.8962e-15  4.1808e-16  3.6129e-15
1149.6553   1235.20    1.0629    0.1149  3.8399e-15  4.1514e-16  3.6126e-15
1149.6852   1243.03    0.8816    0.1049  3.1848e-15  3.7897e-16  3.6123e-15
1149.7151   1250.86    0.8654    0.1039  3.1257e-15  3.7540e-16  3.6119e-15
1149.7450   1258.70    1.1728    0.1205  4.2358e-15  4.3525e-16  3.6116e-15
1149.7749   1266.53    1.0116    0.1121  3.6533e-15  4.0491e-16  3.6113e-15
1149.8048   1274.36    0.9897    0.1109  3.5738e-15  4.0056e-16  3.6109e-15
1149.8347   1282.19    0.9362    0.1079  3.3801e-15  3.8960e-16  3.6106e-15
1149.8646   1290.02    0.9221    0.1071  3.3291e-15  3.8662e-16  3.6103e-15
1149.8945   1297.86    1.1055    0.1170  3.9909e-15  4.2248e-16  3.6099e-15
1149.9245   1305.69    1.2087    0.1222  4.3630e-15  4.4113e-16  3.6096e-15
1149.9544   1313.52    1.0655    0.1149  3.8456e-15  4.1473e-16  3.6093e-15
1149.9843   1321.35    0.8637    0.1038  3.1171e-15  3.7446e-16  3.6089e-15
1150.0142   1329.18    1.1227    0.1178  4.0513e-15  4.2522e-16  3.6086e-15
1150.0441   1337.01    1.0458    0.1138  3.7737e-15  4.1058e-16  3.6082e-15
1150.0740   1344.85    1.0948    0.1163  3.9498e-15  4.1974e-16  3.6079e-15
1150.1039   1352.68    1.0904    0.1161  3.9335e-15  4.1869e-16  3.6076e-15
1150.1338   1360.51    0.9591    0.1090  3.4597e-15  3.9327e-16  3.6072e-15
1150.1637   1368.34    1.1032    0.1167  3.9792e-15  4.2098e-16  3.6069e-15
1150.1936   1376.17    0.9573    0.1089  3.4527e-15  3.9270e-16  3.6066e-15
1150.2236   1384.00    0.9442    0.1081  3.4050e-15  3.8997e-16  3.6062e-15
1150.2535   1391.84    1.1078    0.1168  3.9944e-15  4.2134e-16  3.6059e-15
1150.2834   1399.67    1.0004    0.1112  3.6071e-15  4.0085e-16  3.6055e-15
1150.3133   1407.50    1.0908    0.1160  3.9324e-15  4.1802e-16  3.6052e-15
1150.3432   1415.33    0.9871    0.1104  3.5584e-15  3.9811e-16  3.6049e-15
1150.3731   1423.16    0.9932    0.1107  3.5799e-15  3.9917e-16  3.6045e-15
1150.4030   1430.99    1.0724    0.1149  3.8651e-15  4.1429e-16  3.6042e-15
1150.4329   1438.83    0.9285    0.1071  3.3462e-15  3.8604e-16  3.6038e-15
1150.4628   1446.66    1.1913    0.1210  4.2928e-15  4.3600e-16  3.6035e-15
1150.4927   1454.49    1.2434    0.1235  4.4802e-15  4.4513e-16  3.6032e-15
1150.5227   1462.32    0.9887    0.1104  3.5619e-15  3.9790e-16  3.6028e-15
1150.5526   1470.15    0.7974    0.0995  2.8726e-15  3.5830e-16  3.6025e-15
1150.5825   1477.98    0.9607    0.1088  3.4607e-15  3.9207e-16  3.6021e-15
1150.6124   1485.82    1.0362    0.1129  3.7320e-15  4.0679e-16  3.6018e-15
1150.6423   1493.65    0.8532    0.1027  3.0729e-15  3.6999e-16  3.6014e-15
1150.6722   1501.48    1.0509    0.1137  3.7842e-15  4.0935e-16  3.6011e-15
1150.7021   1509.31    1.2140    0.1220  4.3712e-15  4.3921e-16  3.6008e-15
1150.7320   1517.14    1.0475    0.1135  3.7714e-15  4.0850e-16  3.6004e-15
1150.7619   1524.97    0.9176    0.1063  3.3033e-15  3.8280e-16  3.6001e-15
1150.7918   1532.81    1.1275    0.1175  4.0586e-15  4.2312e-16  3.5997e-15
1150.8218   1540.64    1.0183    0.1118  3.6651e-15  4.0245e-16  3.5994e-15
1150.8517   1548.47    1.0216    0.1120  3.6766e-15  4.0303e-16  3.5990e-15
1150.8816   1556.30    1.0021    0.1109  3.6063e-15  3.9920e-16  3.5987e-15
1150.9115   1564.13    0.9549    0.1083  3.4362e-15  3.8978e-16  3.5983e-15
1150.9414   1571.96    0.9500    0.1081  3.4180e-15  3.8880e-16  3.5980e-15
1150.9713   1579.80    0.9841    0.1099  3.5403e-15  3.9546e-16  3.5976e-15
1151.0012   1587.63    0.8760    0.1039  3.1514e-15  3.7359e-16  3.5973e-15
1151.0311   1595.46    0.8962    0.1050  3.2236e-15  3.7773e-16  3.5969e-15
1151.0610   1603.29    1.0806    0.1150  3.8865e-15  4.1371e-16  3.5966e-15
1151.0909   1611.12    1.0316    0.1124  3.7098e-15  4.0433e-16  3.5962e-15
1151.1209   1618.95    1.2355    0.1465  4.4428e-15  5.2673e-16  3.5959e-15
1151.1508   1626.79    1.1905    0.1668  4.2804e-15  5.9990e-16  3.5955e-15
1151.1807   1634.62    1.2773    0.1674  4.5922e-15  6.0167e-16  3.5952e-15
1151.2106   1642.45    1.0825    0.1586  3.8914e-15  5.7009e-16  3.5948e-15
1151.2405   1650.28    1.1496    0.1561  4.1323e-15  5.6103e-16  3.5945e-15
1151.2704   1658.11    0.7919    0.1356  2.8462e-15  4.8730e-16  3.5941e-15
1151.3003   1665.94    1.0374    0.1500  3.7280e-15  5.3899e-16  3.5938e-15
1151.3302   1673.78    1.0770    0.1560  3.8702e-15  5.6062e-16  3.5934e-15
1151.3601   1681.61    1.1190    0.1593  4.0207e-15  5.7239e-16  3.5931e-15
1151.3900   1689.44    0.9433    0.1500  3.3890e-15  5.3901e-16  3.5927e-15
1151.4200   1697.27    0.8973    0.1417  3.2233e-15  5.0922e-16  3.5924e-15
1151.4499   1705.10    0.8743    0.1424  3.1404e-15  5.1161e-16  3.5920e-15
1151.4798   1712.93    1.0013    0.1507  3.5962e-15  5.4109e-16  3.5917e-15
1151.5097   1720.77    0.9991    0.1487  3.5879e-15  5.3391e-16  3.5913e-15
1151.5396   1728.60    0.9475    0.1446  3.4024e-15  5.1935e-16  3.5910e-15
1151.5695   1736.43    1.1561    0.1574  4.1512e-15  5.6527e-16  3.5906e-15
1151.5994   1744.26    1.3116    0.1664  4.7091e-15  5.9752e-16  3.5903e-15
1151.6293   1752.09    0.9569    0.1429  3.4350e-15  5.1283e-16  3.5899e-15
1151.6592   1759.92    0.9807    0.1491  3.5202e-15  5.3520e-16  3.5896e-15
1151.6891   1767.76    0.9575    0.1167  3.4365e-15  4.1874e-16  3.5892e-15
1151.7191   1775.59    1.0672    0.1139  3.8300e-15  4.0874e-16  3.5889e-15
1151.7490   1783.42    0.9043    0.1050  3.2449e-15  3.7694e-16  3.5885e-15
1151.7789   1791.25    0.9232    0.1061  3.3127e-15  3.8059e-16  3.5881e-15
1151.8088   1799.08    1.0843    0.1147  3.8901e-15  4.1162e-16  3.5878e-15
1151.8387   1806.91    1.1477    0.1179  4.1172e-15  4.2310e-16  3.5874e-15
1151.8686   1814.75    1.0958    0.1153  3.9308e-15  4.1364e-16  3.5871e-15
1151.8985   1822.58    1.1129    0.1161  3.9918e-15  4.1658e-16  3.5867e-15
1151.9284   1830.41    1.0610    0.1134  3.8051e-15  4.0669e-16  3.5864e-15
1151.9583   1838.24    1.0230    0.1114  3.6683e-15  3.9938e-16  3.5860e-15
1151.9882   1846.07    1.0126    0.1108  3.6307e-15  3.9726e-16  3.5856e-15
1152.0182   1853.90    1.0379    0.1121  3.7213e-15  4.0207e-16  3.5853e-15
1152.0481   1861.74    1.0307    0.1118  3.6949e-15  4.0063e-16  3.5849e-15
1152.0780   1869.57    0.9789    0.1090  3.5090e-15  3.9055e-16  3.5846e-15
1152.1079   1877.40    0.9532    0.1075  3.4166e-15  3.8532e-16  3.5842e-15
1152.1378   1885.23    0.9531    0.1075  3.4159e-15  3.8510e-16  3.5838e-15
1152.1677   1893.06    0.9840    0.1091  3.5261e-15  3.9101e-16  3.5835e-15
1152.1976   1900.89    1.2237    0.1214  4.3847e-15  4.3504e-16  3.5831e-15
1152.2275   1908.73    0.9788    0.1088  3.5068e-15  3.8989e-16  3.5828e-15
1152.2574   1916.56    1.0655    0.1134  3.8170e-15  4.0630e-16  3.5824e-15
1152.2873   1924.39    0.9722    0.1084  3.4825e-15  3.8839e-16  3.5820e-15
1152.3173   1932.22    1.0127    0.1106  3.6270e-15  3.9613e-16  3.5817e-15
1152.3472   1940.05    1.0069    0.1103  3.6060e-15  3.9491e-16  3.5813e-15
1152.3771   1947.88    1.2745    0.1238  4.5640e-15  4.4320e-16  3.5810e-15
1152.4070   1955.72    1.1322    0.1168  4.0538e-15  4.1806e-16  3.5806e-15
1152.4369   1963.55    1.0795    0.1140  3.8647e-15  4.0819e-16  3.5802e-15
1152.4668   1971.38    1.1006    0.1151  3.9399e-15  4.1201e-16  3.5799e-15
1152.4967   1979.21    0.9496    0.1071  3.3992e-15  3.8322e-16  3.5795e-15
1152.5266   1987.04    1.0479    0.1123  3.7506e-15  4.0206e-16  3.5791e-15
1152.5565   1994.88    1.0778    0.1139  3.8573e-15  4.0749e-16  3.5788e-15
1152.5864   2002.71    0.8346    0.1005  2.9867e-15  3.5952e-16  3.5784e-15
1152.6164   2010.54    0.9190    0.1053  3.2883e-15  3.7682e-16  3.5780e-15
1152.6463   2018.37    0.7473    0.0952  2.6734e-15  3.4066e-16  3.5777e-15
1152.6762   2026.20    0.8292    0.1001  2.9664e-15  3.5821e-16  3.5773e-15
1152.7061   2034.03    0.8937    0.1039  3.1968e-15  3.7154e-16  3.5769e-15
1152.7360   2041.87    0.8897    0.1036  3.1822e-15  3.7070e-16  3.5766e-15
1152.7659   2049.70    0.8625    0.1020  3.0844e-15  3.6495e-16  3.5762e-15
1152.7958   2057.53    0.9190    0.1052  3.2861e-15  3.7631e-16  3.5758e-15
1152.8257   2065.36    0.9727    0.1082  3.4777e-15  3.8694e-16  3.5755e-15
1152.8556   2073.19    0.9619    0.1076  3.4388e-15  3.8465e-16  3.5751e-15
1152.8855   2081.02    0.9388    0.1063  3.3559e-15  3.7991e-16  3.5747e-15
1152.9155   2088.86    1.0827    0.1139  3.8698e-15  4.0727e-16  3.5744e-15
1152.9454   2096.69    1.0379    0.1116  3.7093e-15  3.9891e-16  3.5740e-15
1152.9753   2104.52    1.1573    0.1177  4.1357e-15  4.2068e-16  3.5736e-15
1153.0052   2112.35    0.9538    0.1071  3.4083e-15  3.8260e-16  3.5733e-15
1153.0351   2120.18    0.9322    0.1059  3.3308e-15  3.7832e-16  3.5729e-15
1153.0650   2128.01    1.0555    0.1125  3.7708e-15  4.0197e-16  3.5725e-15
1153.0949   2135.85    1.1313    0.1163  4.0410e-15  4.1557e-16  3.5722e-15
1153.1248   2143.68    0.9342    0.1059  3.3366e-15  3.7842e-16  3.5718e-15
1153.1547   2151.51    0.9174    0.1050  3.2763e-15  3.7501e-16  3.5714e-15
1153.1846   2159.34    1.0319    0.1112  3.6848e-15  3.9706e-16  3.5711e-15
1153.2146   2167.17    1.0507    0.1121  3.7518e-15  4.0044e-16  3.5707e-15
1153.2445   2175.00    0.9153    0.1048  3.2678e-15  3.7421e-16  3.5703e-15
1153.2744   2182.84    0.8866    0.1032  3.1652e-15  3.6828e-16  3.5699e-15
1153.3043   2190.67    1.0361    0.1113  3.6986e-15  3.9742e-16  3.5696e-15
1153.3342   2198.50    0.9717    0.1079  3.4681e-15  3.8509e-16  3.5692e-15
1153.3641   2206.33    1.2101    0.1201  4.3185e-15  4.2868e-16  3.5688e-15
1153.3940   2214.16    0.9868    0.1087  3.5212e-15  3.8790e-16  3.5685e-15
1153.4239   2221.99    1.1599    0.1176  4.1386e-15  4.1973e-16  3.5681e-15
1153.4538   2229.83    0.9613    0.1073  3.4296e-15  3.8280e-16  3.5677e-15
1153.4837   2237.66    0.9618    0.1073  3.4310e-15  3.8278e-16  3.5673e-15
1153.5137   2245.49    1.0287    0.1109  3.6693e-15  3.9554e-16  3.5670e-15
1153.5436   2253.32    1.2353    0.1212  4.4057e-15  4.3245e-16  3.5666e-15
1153.5735   2261.15    1.1134    0.1152  3.9705e-15  4.1097e-16  3.5662e-15
1153.6034   2268.98    1.0854    0.1138  3.8704e-15  4.0580e-16  3.5658e-15
1153.6333   2276.82    0.9843    0.1085  3.5095e-15  3.8675e-16  3.5655e-15
1153.6632   2284.65    0.9674    0.1076  3.4488e-15  3.8343e-16  3.5651e-15
1153.6931   2292.48    0.9752    0.1080  3.4763e-15  3.8489e-16  3.5647e-15
1153.7230   2300.31    0.7242    0.0934  2.5814e-15  3.3291e-16  3.5643e-15
1153.7529   2308.14    0.9939    0.1089  3.5421e-15  3.8818e-16  3.5640e-15
1153.7828   2315.97    0.8818    0.1028  3.1422e-15  3.6625e-16  3.5636e-15
1153.8128   2323.81    0.8014    0.0981  2.8555e-15  3.4960e-16  3.5632e-15
1153.8427   2331.64    1.0829    0.1136  3.8582e-15  4.0467e-16  3.5628e-15
1153.8726   2339.47    0.9170    0.1047  3.2667e-15  3.7312e-16  3.5625e-15
1153.9025   2347.30    1.0819    0.1135  3.8539e-15  4.0429e-16  3.5621e-15
1153.9324   2355.13    0.9300    0.1054  3.3123e-15  3.7536e-16  3.5617e-15
1153.9623   2362.96    0.9645    0.1072  3.4349e-15  3.8187e-16  3.5613e-15
1153.9922   2370.80    1.0536    0.1120  3.7519e-15  3.9865e-16  3.5609e-15
1154.0221   2378.63    1.1389    0.1163  4.0552e-15  4.1398e-16  3.5606e-15
1154.0520   2386.46    1.1506    0.1168  4.0965e-15  4.1587e-16  3.5602e-15
1154.0819   2394.29    0.8982    0.1035  3.1974e-15  3.6839e-16  3.5598e-15
1154.1119   2402.12    1.1127    0.1149  3.9605e-15  4.0886e-16  3.5594e-15
1154.1418   2409.95    1.1326    0.1158  4.0309e-15  4.1228e-16  3.5590e-15
1154.1717   2417.79    0.8558    0.1010  3.0457e-15  3.5952e-16  3.5587e-15
1154.2016   2425.62    0.7674    0.0958  2.7305e-15  3.4082e-16  3.5583e-15
1154.2315   2433.45    0.9653    0.1071  3.4345e-15  3.8107e-16  3.5579e-15
1154.2614   2441.28    0.8497    0.1006  3.0228e-15  3.5801e-16  3.5575e-15
1154.2913   2449.11    0.8923    0.1031  3.1742e-15  3.6657e-16  3.5571e-15
1154.3212   2456.94    0.9640    0.1070  3.4288e-15  3.8045e-16  3.5568e-15
1154.3511   2464.78    1.2512    0.1215  4.4496e-15  4.3210e-16  3.5564e-15
1154.3810   2472.61    1.2669    0.1222  4.5050e-15  4.3458e-16  3.5560e-15
1154.4110   2480.44    1.0817    0.1131  3.8461e-15  4.0212e-16  3.5556e-15
1154.4409   2488.27    0.9696    0.1072  3.4473e-15  3.8106e-16  3.5552e-15
1154.4708   2496.10    0.9630    0.1068  3.4233e-15  3.7970e-16  3.5548e-15
1154.5007   2503.93    1.0976    0.1139  3.9014e-15  4.0475e-16  3.5545e-15
1154.5306   2511.77    1.1154    0.1148  3.9641e-15  4.0793e-16  3.5541e-15
1154.5605   2519.60    1.2296    0.1204  4.3697e-15  4.2779e-16  3.5537e-15
1154.5904   2527.43    1.0232    0.1100  3.6356e-15  3.9083e-16  3.5533e-15
1154.6203   2535.26    1.1602    0.1170  4.1222e-15  4.1554e-16  3.5529e-15
1154.6502   2543.09    1.0327    0.1105  3.6687e-15  3.9241e-16  3.5525e-15
1154.6801   2550.92    1.1290    0.1154  4.0103e-15  4.0986e-16  3.5522e-15
1154.7101   2558.76    1.0115    0.1093  3.5927e-15  3.8838e-16  3.5518e-15
1154.7400   2566.59    0.8917    0.1028  3.1669e-15  3.6518e-16  3.5514e-15
1154.7699   2574.42    1.0352    0.1105  3.6760e-15  3.9256e-16  3.5510e-15
1154.7998   2582.25    1.0312    0.1103  3.6613e-15  3.9174e-16  3.5506e-15
1154.8297   2590.08    1.0308    0.1103  3.6598e-15  3.9157e-16  3.5502e-15
1154.8596   2597.91    0.9660    0.1068  3.4292e-15  3.7924e-16  3.5498e-15
1154.8895   2605.75    0.9693    0.1070  3.4405e-15  3.7969e-16  3.5495e-15
1154.9194   2613.58    0.8752    0.1114  3.1061e-15  3.9524e-16  3.5491e-15
1154.9493   2621.41    0.9109    0.1256  3.2326e-15  4.4576e-16  3.5487e-15
1154.9792   2629.24    1.1665    0.1545  4.1389e-15  5.4808e-16  3.5483e-15
1155.0092   2637.07    1.1184    0.1502  3.9679e-15  5.3302e-16  3.5479e-15
1155.0391   2644.90    1.1044    0.1507  3.9180e-15  5.3479e-16  3.5475e-15
1155.0690   2652.74    1.0249    0.1516  3.6356e-15  5.3789e-16  3.5471e-15
1155.0989   2660.57    1.0374    0.1468  3.6792e-15  5.2082e-16  3.5467e-15
1155.1288   2668.40    1.0797    0.1504  3.8289e-15  5.3324e-16  3.5464e-15
1155.1587   2676.23    0.9460    0.1420  3.3547e-15  5.0350e-16  3.5460e-15
1155.1886   2684.06    1.2147    0.1575  4.3067e-15  5.5853e-16  3.5456e-15
1155.2185   2691.89    1.1036    0.1536  3.9125e-15  5.4464e-16  3.5452e-15
1155.2484   2699.73    1.0052    0.1435  3.5634e-15  5.0880e-16  3.5448e-15
1155.2783   2707.56    0.9584    0.1419  3.3969e-15  5.0305e-16  3.5444e-15
1155.3083   2715.39    1.0929    0.1498  3.8732e-15  5.3090e-16  3.5440e-15
1155.3382   2723.22    0.9060    0.1391  3.2106e-15  4.9302e-16  3.5436e-15
1155.3681   2731.05    1.0798    0.1490  3.8260e-15  5.2795e-16  3.5432e-15
1155.3980   2738.89    0.9487    0.1406  3.3611e-15  4.9808e-16  3.5428e-15
1155.4279   2746.72    0.8530    0.1333  3.0219e-15  4.7236e-16  3.5425e-15
1155.4578   2754.55    0.9546    0.1431  3.3811e-15  5.0704e-16  3.5421e-15
1155.4877   2762.38    0.7723    0.1218  2.7351e-15  4.3122e-16  3.5417e-15
