# Wave  Vhel  NormFlux  NormErr      Flux        Error       Continuum
1133.8030  -2471.04    1.0702    0.1807  3.9638e-15  6.6928e-16  3.7036e-15
1133.8329  -2463.20    1.3750    0.2039  5.0930e-15  7.5539e-16  3.7041e-15
1133.8628  -2455.35    0.7068    0.1481  2.6184e-15  5.4856e-16  3.7045e-15
1133.8927  -2447.51    0.6898    0.1463  2.5557e-15  5.4208e-16  3.7049e-15
1133.9226  -2439.67    0.7026    0.1475  2.6034e-15  5.4639e-16  3.7053e-15
1133.9525  -2431.82    0.5488    0.1311  2.0336e-15  4.8593e-16  3.7057e-15
1133.9824  -2423.98    0.4372    0.1180  1.6205e-15  4.3737e-16  3.7060e-15
1134.0123  -2416.14    0.3085    0.1008  1.1434e-15  3.7374e-16  3.7064e-15
1134.0422  -2408.29    0.2292    0.0887  8.4971e-16  3.2865e-16  3.7068e-15
1134.0722  -2400.45    0.3298    0.1040  1.2226e-15  3.8558e-16  3.7072e-15
1134.1021  -2392.60    0.3028    0.1001  1.1225e-15  3.7122e-16  3.7076e-15
1134.1320  -2384.76    0.2761    0.0961  1.0236e-15  3.5615e-16  3.7079e-15
1134.1619  -2376.92    0.3853    0.1114  1.4288e-15  4.1327e-16  3.7083e-15
1134.1918  -2369.07    0.3268    0.1034  1.2121e-15  3.8344e-16  3.7086e-15
1134.2217  -2361.23    0.3070    0.1006  1.1386e-15  3.7307e-16  3.7090e-15
1134.2516  -2353.39    0.3213    0.1028  1.1916e-15  3.8126e-16  3.7093e-15
1134.2815  -2345.54    0.2994    0.1000  1.1108e-15  3.7110e-16  3.7097e-15
1134.3114  -2337.70    0.1442    0.1060  5.3498e-16  3.9321e-16  3.7100e-15
1134.3413  -2329.86    0.4295    0.2342  1.5934e-15  8.6904e-16  3.7103e-15
1134.3713  -2322.01    0.6361    0.2806  2.3602e-15  1.0413e-15  3.7107e-15
1134.4012  -2314.17    0.6855    0.2906  2.5438e-15  1.0784e-15  3.7110e-15
1134.4311  -2306.33    1.1076    0.3653  4.1107e-15  1.3556e-15  3.7113e-15
1134.4610  -2298.48    0.9366    0.3369  3.4761e-15  1.2503e-15  3.7116e-15
1134.4909  -2290.64    1.1468    0.3715  4.2568e-15  1.3789e-15  3.7119e-15
1134.5208  -2282.80    1.1258    0.3682  4.1793e-15  1.3667e-15  3.7122e-15
1134.5507  -2274.95    0.7683    0.3067  2.8523e-15  1.1387e-15  3.7125e-15
1134.5806  -2267.11    0.9280    0.3352  3.4455e-15  1.2446e-15  3.7128e-15
1134.6105  -2259.27    1.4944    0.4214  5.5489e-15  1.5647e-15  3.7131e-15
1134.6404  -2251.42    0.7019    0.2930  2.6064e-15  1.0882e-15  3.7134e-15
1134.6704  -2243.58    1.0268    0.3510  3.8132e-15  1.3036e-15  3.7136e-15
1134.7003  -2235.74    0.8227    0.3157  3.0555e-15  1.1724e-15  3.7139e-15
1134.7302  -2227.89    0.9179    0.3325  3.4092e-15  1.2350e-15  3.7142e-15
1134.7601  -2220.05    0.5617    0.2639  2.0864e-15  9.8034e-16  3.7144e-15
1134.7900  -2212.21    0.2898    0.1957  1.0766e-15  7.2687e-16  3.7147e-15
1134.8199  -2204.36    0.3664    0.2166  1.3611e-15  8.0462e-16  3.7149e-15
1134.8498  -2196.52    0.6399    0.2799  2.3773e-15  1.0400e-15  3.7152e-15
1134.8797  -2188.68    0.1407    0.1443  5.2280e-16  5.3622e-16  3.7154e-15
1134.9096  -2180.83    0.2711    0.1891  1.0075e-15  7.0252e-16  3.7156e-15
1134.9395  -2172.99    0.6850    0.1786  2.5454e-15  6.6372e-16  3.7159e-15
1134.9695  -2165.15    0.5264    0.1275  1.9560e-15  4.7374e-16  3.7161e-15
1134.9994  -2157.30    0.7628    0.1516  2.8347e-15  5.6355e-16  3.7163e-15
1135.0293  -2149.46    0.7536    0.1506  2.8007e-15  5.5966e-16  3.7165e-15
1135.0592  -2141.62    0.8283    0.1574  3.0786e-15  5.8509e-16  3.7167e-15
1135.0891  -2133.77    0.8382    0.1582  3.1155e-15  5.8817e-16  3.7169e-15
1135.1190  -2125.93    1.1589    0.1848  4.3078e-15  6.8700e-16  3.7171e-15
1135.1489  -2118.09    0.9819    0.1706  3.6499e-15  6.3418e-16  3.7173e-15
1135.1788  -2110.24    1.1843    0.1867  4.4024e-15  6.9402e-16  3.7174e-15
1135.2087  -2102.40    1.2847    0.1941  4.7762e-15  7.2171e-16  3.7176e-15
1135.2386  -2094.56    1.1334    0.1826  4.2138e-15  6.7882e-16  3.7178e-15
1135.2686  -2086.71    0.9028    0.1635  3.3565e-15  6.0791e-16  3.7179e-15
1135.2985  -2078.87    1.1068    0.1803  4.1150e-15  6.7029e-16  3.7181e-15
1135.3284  -2071.03    1.1476    0.1834  4.2670e-15  6.8199e-16  3.7182e-15
1135.3583  -2063.18    0.8738    0.1886  3.2490e-15  7.0137e-16  3.7184e-15
1135.3882  -2055.34    0.8089    0.1102  3.0079e-15  4.0971e-16  3.7185e-15
1135.4181  -2047.49    0.9180    0.1171  3.4138e-15  4.3557e-16  3.7186e-15
1135.4480  -2039.65    0.8995    0.1159  3.3452e-15  4.3099e-16  3.7188e-15
1135.4779  -2031.81    0.9228    0.1174  3.4318e-15  4.3652e-16  3.7189e-15
1135.5078  -2023.96    1.0574    0.1254  3.9323e-15  4.6619e-16  3.7190e-15
1135.5377  -2016.12    0.8679    0.1138  3.2279e-15  4.2331e-16  3.7191e-15
1135.5677  -2008.28    1.2286    0.1348  4.5695e-15  5.0123e-16  3.7192e-15
1135.5976  -2000.43    0.9547    0.1192  3.5507e-15  4.4323e-16  3.7193e-15
1135.6275  -1992.59    0.9902    0.1213  3.6830e-15  4.5118e-16  3.7194e-15
1135.6574  -1984.75    0.9319    0.1178  3.4661e-15  4.3816e-16  3.7194e-15
1135.6873  -1976.90    1.2180    0.1342  4.5304e-15  4.9920e-16  3.7195e-15
1135.7172  -1969.06    0.9604    0.1195  3.5723e-15  4.4465e-16  3.7196e-15
1135.7471  -1961.22    1.0767    0.1264  4.0049e-15  4.7000e-16  3.7196e-15
1135.7770  -1953.37    1.2580    0.1363  4.6793e-15  5.0696e-16  3.7197e-15
1135.8069  -1945.53    1.0124    0.1226  3.7660e-15  4.5591e-16  3.7197e-15
1135.8368  -1937.69    0.9689    0.1199  3.6040e-15  4.4616e-16  3.7198e-15
1135.8668  -1929.84    0.9083    0.1162  3.3786e-15  4.3225e-16  3.7198e-15
1135.8967  -1922.00    0.8459    0.1122  3.1466e-15  4.1742e-16  3.7198e-15
1135.9266  -1914.16    0.8966    0.1154  3.3353e-15  4.2935e-16  3.7198e-15
1135.9565  -1906.31    0.9795    0.1204  3.6437e-15  4.4790e-16  3.7199e-15
1135.9864  -1898.47    0.9649    0.1198  3.5891e-15  4.4568e-16  3.7199e-15
1136.0163  -1890.63    1.1196    0.1603  4.1647e-15  5.9633e-16  3.7199e-15
1136.0462  -1882.78    0.9685    0.1540  3.6025e-15  5.7299e-16  3.7198e-15
1136.0761  -1874.94    0.6758    0.1336  2.5138e-15  4.9712e-16  3.7198e-15
1136.1060  -1867.10    0.8458    0.1458  3.1461e-15  5.4243e-16  3.7198e-15
1136.1359  -1859.25    0.8595    0.1516  3.1970e-15  5.6373e-16  3.7198e-15
1136.1659  -1851.41    0.8355    0.1161  3.1080e-15  4.3186e-16  3.7197e-15
1136.1958  -1843.57    0.9762    0.1200  3.6312e-15  4.4627e-16  3.7197e-15
1136.2257  -1835.72    1.1653    0.1307  4.3345e-15  4.8603e-16  3.7196e-15
1136.2556  -1827.88    0.9252    0.1168  3.4415e-15  4.3427e-16  3.7196e-15
1136.2855  -1820.04    1.0551    0.1244  3.9244e-15  4.6268e-16  3.7195e-15
1136.3154  -1812.19    0.8796    0.1138  3.2716e-15  4.2345e-16  3.7194e-15
1136.3453  -1804.35    1.1234    0.1282  4.1782e-15  4.7665e-16  3.7194e-15
1136.3752  -1796.51    1.1430    0.1292  4.2513e-15  4.8059e-16  3.7193e-15
1136.4051  -1788.66    1.1585    0.1301  4.3086e-15  4.8371e-16  3.7192e-15
1136.4350  -1780.82    1.0191    0.1222  3.7900e-15  4.5442e-16  3.7191e-15
1136.4650  -1772.98    0.9737    0.1195  3.6212e-15  4.4448e-16  3.7190e-15
1136.4949  -1765.13    1.0298    0.1228  3.8297e-15  4.5669e-16  3.7188e-15
1136.5248  -1757.29    0.9728    0.1194  3.6176e-15  4.4417e-16  3.7187e-15
1136.5547  -1749.45    1.0136    0.1218  3.7692e-15  4.5296e-16  3.7186e-15
1136.5846  -1741.60    0.8951    0.1146  3.3283e-15  4.2607e-16  3.7184e-15
1136.6145  -1733.76    0.8142    0.1094  3.0276e-15  4.0690e-16  3.7183e-15
1136.6444  -1725.91    0.9494    0.1178  3.5299e-15  4.3797e-16  3.7182e-15
1136.6743  -1718.07    0.9361    0.1170  3.4805e-15  4.3512e-16  3.7180e-15
1136.7042  -1710.23    0.8203    0.1097  3.0499e-15  4.0799e-16  3.7179e-15
1136.7341  -1702.38    0.9297    0.1166  3.4562e-15  4.3332e-16  3.7177e-15
1136.7641  -1694.54    1.0297    0.1224  3.8281e-15  4.5516e-16  3.7176e-15
1136.7940  -1686.70    0.8236    0.1099  3.0618e-15  4.0843e-16  3.7175e-15
1136.8239  -1678.85    1.1460    0.1289  4.2602e-15  4.7924e-16  3.7173e-15
1136.8538  -1671.01    0.9819    0.1195  3.6501e-15  4.4425e-16  3.7172e-15
1136.8837  -1663.17    0.8451    0.1111  3.1411e-15  4.1312e-16  3.7170e-15
1136.9136  -1655.32    0.8521    0.1116  3.1672e-15  4.1476e-16  3.7169e-15
1136.9435  -1647.48    1.1355    0.1283  4.2204e-15  4.7669e-16  3.7167e-15
1136.9734  -1639.64    0.9121    0.1152  3.3897e-15  4.2823e-16  3.7166e-15
1137.0033  -1631.79    1.1461    0.1287  4.2596e-15  4.7844e-16  3.7165e-15
1137.0332  -1623.95    1.1183    0.1272  4.1560e-15  4.7258e-16  3.7163e-15
1137.0632  -1616.11    0.9899    0.1198  3.6788e-15  4.4528e-16  3.7162e-15
1137.0931  -1608.26    0.8704    0.1126  3.2344e-15  4.1835e-16  3.7160e-15
1137.1230  -1600.42    0.7957    0.1077  2.9567e-15  4.0026e-16  3.7159e-15
1137.1529  -1592.58    1.0043    0.1205  3.7318e-15  4.4791e-16  3.7157e-15
1137.1828  -1584.73    1.1892    0.1308  4.4187e-15  4.8612e-16  3.7156e-15
1137.2127  -1576.89    0.9875    0.1195  3.6689e-15  4.4388e-16  3.7154e-15
1137.2426  -1569.05    0.8315    0.1099  3.0892e-15  4.0816e-16  3.7153e-15
1137.2725  -1561.20    0.9466    0.1170  3.5168e-15  4.3450e-16  3.7151e-15
1137.3024  -1553.36    0.9219    0.1154  3.4250e-15  4.2876e-16  3.7150e-15
1137.3323  -1545.52    0.7996    0.1077  2.9705e-15  4.0016e-16  3.7148e-15
1137.3623  -1537.67    1.1494    0.1285  4.2697e-15  4.7721e-16  3.7147e-15
1137.3922  -1529.83    1.0496    0.1229  3.8989e-15  4.5648e-16  3.7145e-15
1137.4221  -1521.99    1.3009    0.1364  4.8320e-15  5.0675e-16  3.7144e-15
1137.4520  -1514.14    1.0081    0.1204  3.7441e-15  4.4736e-16  3.7142e-15
1137.4819  -1506.30    1.1092    0.1262  4.1196e-15  4.6855e-16  3.7141e-15
1137.5118  -1498.46    1.0171    0.1209  3.7773e-15  4.4910e-16  3.7139e-15
1137.5417  -1490.61    0.9968    0.1197  3.7019e-15  4.4441e-16  3.7138e-15
1137.5716  -1482.77    0.9028    0.1141  3.3525e-15  4.2361e-16  3.7136e-15
1137.6015  -1474.93    0.9099    0.1145  3.3788e-15  4.2517e-16  3.7134e-15
1137.6314  -1467.08    0.8827    0.1128  3.2778e-15  4.1889e-16  3.7133e-15
1137.6614  -1459.24    1.0277    0.1214  3.8159e-15  4.5083e-16  3.7131e-15
1137.6913  -1451.40    1.0579    0.1231  3.9280e-15  4.5712e-16  3.7130e-15
1137.7212  -1443.55    1.0455    0.1224  3.8817e-15  4.5439e-16  3.7128e-15
1137.7511  -1435.71    0.9221    0.1151  3.4234e-15  4.2742e-16  3.7127e-15
1137.7810  -1427.87    1.1032    0.1256  4.0957e-15  4.6620e-16  3.7125e-15
1137.8109  -1420.02    0.8963    0.1135  3.3274e-15  4.2130e-16  3.7123e-15
1137.8408  -1412.18    0.8602    0.1112  3.1931e-15  4.1288e-16  3.7122e-15
1137.8707  -1404.34    0.8058    0.1077  2.9912e-15  3.9976e-16  3.7120e-15
1137.9006  -1396.49    1.1894    0.1301  4.4149e-15  4.8287e-16  3.7119e-15
1137.9305  -1388.65    1.1994    0.1306  4.4518e-15  4.8477e-16  3.7117e-15
1137.9605  -1380.80    1.0163    0.1205  3.7719e-15  4.4706e-16  3.7115e-15
1137.9904  -1372.96    1.1286    0.1267  4.1887e-15  4.7035e-16  3.7114e-15
1138.0203  -1365.12    0.8490    0.1103  3.1507e-15  4.0937e-16  3.7112e-15
1138.0502  -1357.27    1.1639    0.1285  4.3193e-15  4.7702e-16  3.7110e-15
1138.0801  -1349.43    1.1173    0.1260  4.1462e-15  4.6758e-16  3.7109e-15
1138.1100  -1341.59    1.0737    0.1241  3.9843e-15  4.6032e-16  3.7107e-15
1138.1399  -1333.74    1.1488    0.1600  4.2626e-15  5.9369e-16  3.7105e-15
1138.1698  -1325.90    1.2007    0.1763  4.4552e-15  6.5422e-16  3.7104e-15
1138.1997  -1318.06    1.2906    0.1762  4.7885e-15  6.5365e-16  3.7102e-15
1138.2296  -1310.21    1.1276    0.1676  4.1833e-15  6.2191e-16  3.7100e-15
1138.2596  -1302.37    1.1663    0.1707  4.3267e-15  6.3331e-16  3.7099e-15
1138.2895  -1294.53    1.1513    0.1659  4.2709e-15  6.1532e-16  3.7097e-15
1138.3194  -1286.68    0.9752    0.1593  3.6176e-15  5.9095e-16  3.7095e-15
1138.3493  -1278.84    0.9861    0.1594  3.6577e-15  5.9113e-16  3.7094e-15
1138.3792  -1271.00    1.0742    0.1641  3.9844e-15  6.0875e-16  3.7092e-15
1138.4091  -1263.15    1.0671    0.1676  3.9578e-15  6.2171e-16  3.7090e-15
1138.4390  -1255.31    1.1622    0.1734  4.3105e-15  6.4303e-16  3.7089e-15
1138.4689  -1247.47    0.7321    0.1424  2.7150e-15  5.2800e-16  3.7087e-15
1138.4988  -1239.62    0.8207    0.1471  3.0437e-15  5.4538e-16  3.7085e-15
1138.5287  -1231.78    1.0126    0.1597  3.7552e-15  5.9227e-16  3.7083e-15
1138.5587  -1223.94    0.9472    0.1563  3.5125e-15  5.7941e-16  3.7082e-15
1138.5886  -1216.09    1.1373    0.1669  4.2171e-15  6.1905e-16  3.7080e-15
1138.6185  -1208.25    1.1145    0.1564  4.1322e-15  5.7996e-16  3.7078e-15
1138.6484  -1200.41    0.9382    0.1547  3.4785e-15  5.7348e-16  3.7077e-15
1138.6783  -1192.56    1.1630    0.1666  4.3120e-15  6.1774e-16  3.7075e-15
1138.7082  -1184.72    0.8299    0.1396  3.0766e-15  5.1754e-16  3.7073e-15
1138.7381  -1176.88    0.9534    0.1160  3.5343e-15  4.2994e-16  3.7071e-15
1138.7680  -1169.03    1.0378    0.1208  3.8471e-15  4.4787e-16  3.7070e-15
1138.7979  -1161.19    0.9637    0.1165  3.5722e-15  4.3179e-16  3.7068e-15
1138.8278  -1153.35    1.0033    0.1187  3.7188e-15  4.4010e-16  3.7066e-15
1138.8578  -1145.50    1.0447    0.1211  3.8721e-15  4.4881e-16  3.7064e-15
1138.8877  -1137.66    1.0541    0.1216  3.9066e-15  4.5063e-16  3.7062e-15
1138.9176  -1129.82    0.9515    0.1156  3.5264e-15  4.2850e-16  3.7061e-15
1138.9475  -1121.97    1.0270    0.1200  3.8061e-15  4.4471e-16  3.7059e-15
1138.9774  -1114.13    1.3562    0.1374  5.0256e-15  5.0925e-16  3.7057e-15
1139.0073  -1106.29    1.2534    0.1322  4.6447e-15  4.8973e-16  3.7055e-15
1139.0372  -1098.44    1.2093    0.1298  4.4811e-15  4.8111e-16  3.7053e-15
1139.0671  -1090.60    1.0301    0.1200  3.8165e-15  4.4469e-16  3.7052e-15
1139.0970  -1082.76    1.0425    0.1206  3.8626e-15  4.4700e-16  3.7050e-15
1139.1269  -1074.91    1.0351    0.1202  3.8348e-15  4.4539e-16  3.7048e-15
1139.1569  -1067.07    1.1452    0.1263  4.2425e-15  4.6779e-16  3.7046e-15
1139.1868  -1059.22    0.9732    0.1166  3.6051e-15  4.3193e-16  3.7044e-15
1139.2167  -1051.38    1.0003    0.1181  3.7053e-15  4.3762e-16  3.7043e-15
1139.2466  -1043.54    1.1950    0.1289  4.4263e-15  4.7731e-16  3.7041e-15
1139.2765  -1035.69    1.0330    0.1200  3.8261e-15  4.4441e-16  3.7039e-15
1139.3064  -1027.85    1.1237    0.1250  4.1619e-15  4.6295e-16  3.7037e-15
1139.3363  -1020.01    0.9347    0.1142  3.4615e-15  4.2303e-16  3.7035e-15
1139.3662  -1012.16    0.8861    0.1112  3.2814e-15  4.1187e-16  3.7033e-15
1139.3961  -1004.32    1.1463    0.1261  4.2448e-15  4.6694e-16  3.7031e-15
1139.4260   -996.48    0.8817    0.1109  3.2648e-15  4.1064e-16  3.7030e-15
1139.4560   -988.63    1.0545    0.1210  3.9047e-15  4.4802e-16  3.7028e-15
1139.4859   -980.79    0.9769    0.1165  3.6169e-15  4.3142e-16  3.7026e-15
1139.5158   -972.95    0.8443    0.1085  3.1258e-15  4.0166e-16  3.7024e-15
1139.5457   -965.10    0.9475    0.1147  3.5078e-15  4.2469e-16  3.7022e-15
1139.5756   -957.26    0.8800    0.1107  3.2578e-15  4.0968e-16  3.7020e-15
1139.6055   -949.42    0.9805    0.1167  3.6295e-15  4.3185e-16  3.7018e-15
1139.6354   -941.57    0.9148    0.1127  3.3863e-15  4.1728e-16  3.7016e-15
1139.6653   -933.73    1.1525    0.1262  4.2658e-15  4.6697e-16  3.7014e-15
1139.6952   -925.89    1.0687    0.1215  3.9555e-15  4.4977e-16  3.7012e-15
1139.7251   -918.04    0.8383    0.1079  3.1025e-15  3.9952e-16  3.7011e-15
1139.7551   -910.20    1.2597    0.1317  4.6618e-15  4.8738e-16  3.7009e-15
1139.7850   -902.36    1.1178    0.1242  4.1367e-15  4.5956e-16  3.7007e-15
1139.8149   -894.51    1.0401    0.1199  3.8489e-15  4.4351e-16  3.7005e-15
1139.8448   -886.67    0.9587    0.1152  3.5473e-15  4.2621e-16  3.7003e-15
1139.8747   -878.83    0.9419    0.1142  3.4850e-15  4.2254e-16  3.7001e-15
1139.9046   -870.98    1.1328    0.1250  4.1914e-15  4.6234e-16  3.6999e-15
1139.9345   -863.14    0.9780    0.1163  3.6183e-15  4.3034e-16  3.6997e-15
1139.9644   -855.30    0.7947    0.1052  2.9398e-15  3.8905e-16  3.6995e-15
1139.9943   -847.45    0.9427    0.1142  3.4872e-15  4.2260e-16  3.6993e-15
1140.0242   -839.61    0.8920    0.1112  3.2998e-15  4.1133e-16  3.6991e-15
1140.0542   -831.77    1.1571    0.1262  4.2798e-15  4.6681e-16  3.6989e-15
1140.0841   -823.92    1.0107    0.1181  3.7384e-15  4.3684e-16  3.6987e-15
1140.1140   -816.08    1.0985    0.1230  4.0627e-15  4.5473e-16  3.6985e-15
1140.1439   -808.24    0.9992    0.1174  3.6955e-15  4.3421e-16  3.6983e-15
1140.1738   -800.39    1.0865    0.1223  4.0181e-15  4.5222e-16  3.6981e-15
1140.2037   -792.55    1.1169    0.1239  4.1302e-15  4.5823e-16  3.6979e-15
1140.2336   -784.71    0.8785    0.1102  3.2486e-15  4.0758e-16  3.6977e-15
1140.2635   -776.86    1.0903    0.1224  4.0312e-15  4.5269e-16  3.6975e-15
1140.2934   -769.02    1.0890    0.1223  4.0263e-15  4.5232e-16  3.6973e-15
1140.3233   -761.18    1.0130    0.1180  3.7451e-15  4.3640e-16  3.6971e-15
1140.3533   -753.33    0.8594    0.1090  3.1772e-15  4.0290e-16  3.6969e-15
1140.3832   -745.49    1.1145    0.1237  4.1201e-15  4.5729e-16  3.6967e-15
1140.4131   -737.65    1.0285    0.1189  3.8019e-15  4.3951e-16  3.6965e-15
1140.4430   -729.80    1.0484    0.1200  3.8753e-15  4.4354e-16  3.6963e-15
1140.4729   -721.96    1.0096    0.1178  3.7316e-15  4.3535e-16  3.6961e-15
1140.5028   -714.11    0.9948    0.1170  3.6766e-15  4.3232e-16  3.6959e-15
1140.5327   -706.27    1.0373    0.1193  3.8335e-15  4.4107e-16  3.6957e-15
1140.5626   -698.43    1.1325    0.1245  4.1852e-15  4.6027e-16  3.6955e-15
1140.5925   -690.58    1.0691    0.1211  3.9506e-15  4.4745e-16  3.6953e-15
1140.6224   -682.74    0.9272    0.1130  3.4261e-15  4.1758e-16  3.6951e-15
1140.6524   -674.90    0.8420    0.1079  3.1110e-15  3.9859e-16  3.6949e-15
1140.6823   -667.05    1.0368    0.1193  3.8307e-15  4.4076e-16  3.6946e-15
1140.7122   -659.21    0.8945    0.1110  3.3046e-15  4.1019e-16  3.6944e-15
1140.7421   -651.37    1.0076    0.1176  3.7224e-15  4.3437e-16  3.6942e-15
1140.7720   -643.52    1.0659    0.1208  3.9375e-15  4.4640e-16  3.6940e-15
1140.8019   -635.68    0.9688    0.1153  3.5784e-15  4.2606e-16  3.6938e-15
1140.8318   -627.84    1.1150    0.1234  4.1185e-15  4.5591e-16  3.6936e-15
1140.8617   -619.99    0.8739    0.1096  3.2275e-15  4.0468e-16  3.6934e-15
1140.8916   -612.15    1.1153    0.1233  4.1190e-15  4.5544e-16  3.6932e-15
1140.9215   -604.31    1.0616    0.1203  3.9205e-15  4.4437e-16  3.6930e-15
1140.9515   -596.46    1.0510    0.1197  3.8811e-15  4.4206e-16  3.6928e-15
1140.9814   -588.62    0.7763    0.1033  2.8666e-15  3.8147e-16  3.6925e-15
1141.0113   -580.78    1.0076    0.1172  3.7206e-15  4.3275e-16  3.6923e-15
1141.0412   -572.93    1.0835    0.1214  4.0003e-15  4.4831e-16  3.6921e-15
1141.0711   -565.09    1.0344    0.1187  3.8190e-15  4.3816e-16  3.6919e-15
1141.1010   -557.25    0.7569    0.1019  2.7942e-15  3.7635e-16  3.6917e-15
1141.1309   -549.40    1.0383    0.1188  3.8329e-15  4.3864e-16  3.6915e-15
1141.1608   -541.56    0.8905    0.1103  3.2870e-15  4.0702e-16  3.6913e-15
1141.1907   -533.72    0.7530    0.1016  2.7795e-15  3.7517e-16  3.6910e-15
1141.2206   -525.87    0.7391    0.1008  2.7278e-15  3.7189e-16  3.6908e-15
1141.2506   -518.03    0.5950    0.0907  2.1959e-15  3.3485e-16  3.6906e-15
1141.2805   -510.19    0.5146    0.0846  1.8989e-15  3.1228e-16  3.6904e-15
1141.3104   -502.34    0.5253    0.0855  1.9385e-15  3.1540e-16  3.6902e-15
1141.3403   -494.50    0.7357    0.1004  2.7146e-15  3.7040e-16  3.6900e-15
1141.3702   -486.66    0.7497    0.1013  2.7664e-15  3.7377e-16  3.6897e-15
1141.4001   -478.81    0.5282    0.0856  1.9487e-15  3.1577e-16  3.6895e-15
1141.4300   -470.97    0.7523    0.1014  2.7755e-15  3.7420e-16  3.6893e-15
1141.4599   -463.13    0.6952    0.0976  2.5646e-15  3.6020e-16  3.6891e-15
1141.4898   -455.28    0.8137    0.1054  3.0016e-15  3.8866e-16  3.6889e-15
1141.5197   -447.44    0.8111    0.1051  2.9918e-15  3.8786e-16  3.6886e-15
1141.5497   -439.60    0.9570    0.1140  3.5299e-15  4.2031e-16  3.6884e-15
1141.5796   -431.75    0.8352    0.1066  3.0805e-15  3.9306e-16  3.6882e-15
1141.6095   -423.91    0.8060    0.1047  2.9726e-15  3.8621e-16  3.6880e-15
1141.6394   -416.07    1.2009    0.1271  4.4285e-15  4.6868e-16  3.6877e-15
1141.6693   -408.22    0.9702    0.1145  3.5775e-15  4.2218e-16  3.6875e-15
1141.6992   -400.38    1.0928    0.1213  4.0296e-15  4.4731e-16  3.6873e-15
1141.7291   -392.53    0.8340    0.1063  3.0749e-15  3.9191e-16  3.6871e-15
1141.7590   -384.69    1.0632    0.1196  3.9199e-15  4.4102e-16  3.6869e-15
1141.7889   -376.85    1.2017    0.1270  4.4304e-15  4.6824e-16  3.6866e-15
1141.8188   -369.00    1.1343    0.1234  4.1815e-15  4.5494e-16  3.6864e-15
1141.8488   -361.16    0.9154    0.1112  3.3742e-15  4.0972e-16  3.6862e-15
1141.8787   -353.32    1.0414    0.1184  3.8385e-15  4.3630e-16  3.6859e-15
1141.9086   -345.47    0.7706    0.1022  2.8402e-15  3.7680e-16  3.6857e-15
1141.9385   -337.63    0.9003    0.1102  3.3179e-15  4.0631e-16  3.6855e-15
1141.9684   -329.79    0.9001    0.1102  3.3169e-15  4.0609e-16  3.6853e-15
1141.9983   -321.94    0.9990    0.1159  3.6812e-15  4.2713e-16  3.6850e-15
1142.0282   -314.10    0.9717    0.1144  3.5805e-15  4.2146e-16  3.6848e-15
1142.0581   -306.26    1.1186    0.1225  4.1216e-15  4.5119e-16  3.6846e-15
1142.0880   -298.41    1.0361    0.1180  3.8174e-15  4.3459e-16  3.6843e-15
1142.1179   -290.57    0.9654    0.1139  3.5566e-15  4.1980e-16  3.6841e-15
1142.1479   -282.73    0.7680    0.1019  2.8292e-15  3.7549e-16  3.6839e-15
1142.1778   -274.88    0.5785    0.0889  2.1308e-15  3.2737e-16  3.6837e-15
1142.2077   -267.04    0.5474    0.0865  2.0163e-15  3.1851e-16  3.6834e-15
1142.2376   -259.20    0.7207    0.0987  2.6546e-15  3.6353e-16  3.6832e-15
1142.2675   -251.35    0.6809    0.0961  2.5076e-15  3.5376e-16  3.6830e-15
1142.2974   -243.51    0.7946    0.1035  2.9263e-15  3.8125e-16  3.6827e-15
1142.3273   -235.67    0.9034    0.1102  3.3267e-15  4.0582e-16  3.6825e-15
1142.3572   -227.82    0.8567    0.1073  3.1545e-15  3.9529e-16  3.6823e-15
1142.3871   -219.98    1.0192    0.1168  3.7527e-15  4.3006e-16  3.6820e-15
1142.4170   -212.14    1.1616    0.1245  4.2768e-15  4.5831e-16  3.6818e-15
1142.4470   -204.29    1.1023    0.1213  4.0582e-15  4.4643e-16  3.6816e-15
1142.4769   -196.45    1.1335    0.1229  4.1726e-15  4.5235e-16  3.6813e-15
1142.5068   -188.61    1.1433    0.1234  4.2085e-15  4.5413e-16  3.6811e-15
1142.5367   -180.76    1.0288    0.1171  3.7868e-15  4.3112e-16  3.6808e-15
1142.5666   -172.92    1.0497    0.1183  3.8636e-15  4.3539e-16  3.6806e-15
1142.5965   -165.08    1.0681    0.1193  3.9309e-15  4.3917e-16  3.6804e-15
1142.6264   -157.23    0.8620    0.1075  3.1722e-15  3.9544e-16  3.6801e-15
1142.6563   -149.39    0.9244    0.1111  3.4016e-15  4.0887e-16  3.6799e-15
1142.6862   -141.55    0.9143    0.1105  3.3643e-15  4.0665e-16  3.6797e-15
1142.7161   -133.70    0.9995    0.1154  3.6774e-15  4.2456e-16  3.6794e-15
1142.7461   -125.86    0.9639    0.1287  3.5463e-15  4.7344e-16  3.6792e-15
1142.7760   -118.02    0.8703    0.1365  3.2019e-15  5.0208e-16  3.6789e-15
1142.8059   -110.17    0.9488    0.1514  3.4903e-15  5.5678e-16  3.6787e-15
1142.8358   -102.33    0.8831    0.1440  3.2485e-15  5.2970e-16  3.6785e-15
1142.8657    -94.49    1.0995    0.1633  4.0443e-15  6.0071e-16  3.6782e-15
1142.8956    -86.64    0.8131    0.1445  2.9906e-15  5.3131e-16  3.6780e-15
1142.9255    -78.80    0.8095    0.1378  2.9772e-15  5.0675e-16  3.6777e-15
1142.9554    -70.96    0.6986    0.1341  2.5691e-15  4.9301e-16  3.6775e-15
1142.9853    -63.11    0.7267    0.1351  2.6722e-15  4.9669e-16  3.6772e-15
1143.0152    -55.27    0.6704    0.1311  2.4649e-15  4.8216e-16  3.6770e-15
1143.0452    -47.42    0.7361    0.1331  2.7063e-15  4.8946e-16  3.6768e-15
1143.0751    -39.58    0.8183    0.1384  3.0084e-15  5.0893e-16  3.6765e-15
1143.1050    -31.74    0.7488    0.1319  2.7527e-15  4.8501e-16  3.6763e-15
1143.1349    -23.89    0.6642    0.1238  2.4417e-15  4.5508e-16  3.6760e-15
1143.1648    -16.05    0.8540    0.1434  3.1393e-15  5.2707e-16  3.6758e-15
1143.1947     -8.21    0.7634    0.1328  2.8059e-15  4.8794e-16  3.6755e-15
1143.2246     -0.36    1.0131    0.1548  3.7235e-15  5.6890e-16  3.6753e-15
1143.2545      7.48    0.9026    0.1499  3.3169e-15  5.5094e-16  3.6750e-15
1143.2844     15.32    0.7218    0.1312  2.6523e-15  4.8197e-16  3.6748e-15
1143.3143     23.17    0.8613    0.1170  3.1647e-15  4.2996e-16  3.6745e-15
1143.3443     31.01    1.0340    0.1168  3.7994e-15  4.2928e-16  3.6743e-15
1143.3742     38.85    0.9745    0.1135  3.5805e-15  4.1692e-16  3.6740e-15
1143.4041     46.70    0.9347    0.1112  3.4337e-15  4.0836e-16  3.6738e-15
1143.4340     54.54    0.9909    0.1144  3.6402e-15  4.2014e-16  3.6735e-15
1143.4639     62.38    1.0159    0.1157  3.7317e-15  4.2509e-16  3.6733e-15
1143.4938     70.23    1.0662    0.1185  3.9161e-15  4.3531e-16  3.6730e-15
1143.5237     78.07    1.1169    0.1212  4.1020e-15  4.4509e-16  3.6728e-15
1143.5536     85.91    0.8815    0.1079  3.2373e-15  3.9628e-16  3.6725e-15
1143.5835     93.76    0.9698    0.1130  3.5615e-15  4.1503e-16  3.6723e-15
1143.6134    101.60    0.9727    0.1131  3.5717e-15  4.1539e-16  3.6720e-15
1143.6434    109.44    0.9328    0.1109  3.4251e-15  4.0705e-16  3.6718e-15
1143.6733    117.29    1.0280    0.1162  3.7745e-15  4.2680e-16  3.6715e-15
1143.7032    125.13    0.9422    0.1114  3.4589e-15  4.0884e-16  3.6713e-15
1143.7331    132.97    0.9145    0.1098  3.3570e-15  4.0291e-16  3.6710e-15
1143.7630    140.82    0.8739    0.1073  3.2078e-15  3.9396e-16  3.6708e-15
1143.7929    148.66    0.7754    0.1013  2.8463e-15  3.7176e-16  3.6705e-15
1143.8228    156.50    1.0955    0.1199  4.0208e-15  4.3996e-16  3.6702e-15
1143.8527    164.35    0.9746    0.1132  3.5769e-15  4.1557e-16  3.6700e-15
1143.8826    172.19    1.1183    0.1211  4.1037e-15  4.4438e-16  3.6697e-15
1143.9125    180.03    0.7111    0.0971  2.6093e-15  3.5630e-16  3.6695e-15
1143.9425    187.88    1.1042    0.1203  4.0516e-15  4.4148e-16  3.6692e-15
1143.9724    195.72    1.0027    0.1147  3.6790e-15  4.2094e-16  3.6690e-15
1144.0023    203.56    0.9823    0.1136  3.6039e-15  4.1667e-16  3.6687e-15
1144.0322    211.41    1.1079    0.1205  4.0641e-15  4.4193e-16  3.6684e-15
1144.0621    219.25    1.0812    0.1190  3.9662e-15  4.3669e-16  3.6682e-15
1144.0920    227.09    1.1116    0.1207  4.0772e-15  4.4270e-16  3.6679e-15
1144.1219    234.94    0.9055    0.1092  3.3211e-15  4.0045e-16  3.6677e-15
1144.1518    242.78    1.0631    0.1181  3.8990e-15  4.3299e-16  3.6674e-15
1144.1817    250.62    1.0006    0.1146  3.6695e-15  4.2032e-16  3.6671e-15
1144.2116    258.47    1.0069    0.1149  3.6921e-15  4.2142e-16  3.6669e-15
1144.2416    266.31    1.1819    0.1243  4.3336e-15  4.5569e-16  3.6666e-15
1144.2715    274.16    0.9990    0.1145  3.6625e-15  4.1975e-16  3.6664e-15
1144.3014    282.00    1.1587    0.1230  4.2478e-15  4.5108e-16  3.6661e-15
1144.3313    289.84    0.9656    0.1125  3.5398e-15  4.1258e-16  3.6658e-15
1144.3612    297.69    1.0860    0.1192  3.9806e-15  4.3687e-16  3.6656e-15
1144.3911    305.53    0.8205    0.1040  3.0075e-15  3.8126e-16  3.6653e-15
1144.4210    313.37    1.0861    0.1192  3.9804e-15  4.3688e-16  3.6650e-15
1144.4509    321.22    0.8961    0.1085  3.2839e-15  3.9773e-16  3.6648e-15
1144.4808    329.06    0.8151    0.1037  2.9870e-15  3.7993e-16  3.6645e-15
1144.5107    336.90    0.9113    0.1094  3.3392e-15  4.0098e-16  3.6642e-15
1144.5407    344.75    0.7274    0.0981  2.6653e-15  3.5961e-16  3.6640e-15
1144.5706    352.59    0.6499    0.0930  2.3810e-15  3.4060e-16  3.6637e-15
1144.6005    360.43    0.8281    0.1044  3.0336e-15  3.8258e-16  3.6634e-15
1144.6304    368.28    0.7208    0.0977  2.6403e-15  3.5783e-16  3.6632e-15
1144.6603    376.12    0.5651    0.0869  2.0700e-15  3.1830e-16  3.6629e-15
1144.6902    383.96    0.4242    0.0758  1.5537e-15  2.7765e-16  3.6626e-15
1144.7201    391.81    0.4343    0.0766  1.5906e-15  2.8062e-16  3.6624e-15
1144.7500    399.65    0.3498    0.0693  1.2811e-15  2.5365e-16  3.6621e-15
1144.7799    407.49    0.2321    0.0574  8.4981e-16  2.1016e-16  3.6618e-15
1144.8098    415.34    0.2993    0.0644  1.0960e-15  2.3570e-16  3.6616e-15
1144.8398    423.18    0.3931    0.0730  1.4392e-15  2.6718e-16  3.6613e-15
1144.8697    431.02    0.3637    0.0703  1.3314e-15  2.5741e-16  3.6610e-15
1144.8996    438.87    0.5608    0.0863  2.0530e-15  3.1585e-16  3.6608e-15
1144.9295    446.71    0.7196    0.0973  2.6339e-15  3.5603e-16  3.6605e-15
1144.9594    454.55    0.7425    0.0987  2.7178e-15  3.6139e-16  3.6602e-15
1144.9893    462.40    0.7527    0.0994  2.7549e-15  3.6368e-16  3.6599e-15
1145.0192    470.24    0.8622    0.1061  3.1554e-15  3.8832e-16  3.6597e-15
1145.0491    478.08    1.0550    0.1170  3.8605e-15  4.2825e-16  3.6594e-15
1145.0790    485.93    0.9300    0.1100  3.4030e-15  4.0249e-16  3.6591e-15
1145.1089    493.77    1.0003    0.1139  3.6599e-15  4.1692e-16  3.6588e-15
1145.1389    501.61    1.0695    0.1177  3.9130e-15  4.3076e-16  3.6586e-15
1145.1688    509.46    0.8543    0.1055  3.1254e-15  3.8590e-16  3.6583e-15
1145.1987    517.30    1.0419    0.1162  3.8113e-15  4.2509e-16  3.6580e-15
1145.2286    525.14    0.9556    0.1114  3.4952e-15  4.0736e-16  3.6577e-15
1145.2585    532.99    0.9812    0.1128  3.5888e-15  4.1248e-16  3.6575e-15
1145.2884    540.83    0.9184    0.1092  3.3589e-15  3.9928e-16  3.6572e-15
1145.3183    548.67    0.8989    0.1080  3.2873e-15  3.9507e-16  3.6569e-15
1145.3482    556.52    1.0689    0.1175  3.9085e-15  4.2978e-16  3.6566e-15
1145.3781    564.36    0.9574    0.1114  3.5005e-15  4.0721e-16  3.6564e-15
1145.4080    572.20    1.0732    0.1178  3.9239e-15  4.3053e-16  3.6561e-15
1145.4380    580.05    1.3555    0.1320  4.9555e-15  4.8270e-16  3.6558e-15
1145.4679    587.89    1.2468    0.1267  4.5576e-15  4.6317e-16  3.6555e-15
1145.4978    595.73    1.0772    0.1180  3.9373e-15  4.3116e-16  3.6552e-15
1145.5277    603.58    0.9027    0.1082  3.2995e-15  3.9550e-16  3.6550e-15
1145.5576    611.42    1.0776    0.1179  3.9383e-15  4.3100e-16  3.6547e-15
1145.5875    619.27    1.0890    0.1185  3.9797e-15  4.3321e-16  3.6544e-15
1145.6174    627.11    0.9754    0.1123  3.5641e-15  4.1043e-16  3.6541e-15
1145.6473    634.95    1.0929    0.1187  3.9934e-15  4.3373e-16  3.6538e-15
1145.6772    642.80    1.1183    0.1200  4.0857e-15  4.3858e-16  3.6536e-15
1145.7071    650.64    0.9581    0.1113  3.5000e-15  4.0658e-16  3.6533e-15
1145.7371    658.48    1.0406    0.1159  3.8014e-15  4.2322e-16  3.6530e-15
1145.7670    666.33    0.9179    0.1090  3.3527e-15  3.9807e-16  3.6527e-15
1145.7969    674.17    0.9260    0.1094  3.3822e-15  3.9966e-16  3.6524e-15
1145.8268    682.01    0.9143    0.1087  3.3391e-15  3.9703e-16  3.6521e-15
1145.8567    689.86    0.9791    0.1124  3.5756e-15  4.1051e-16  3.6519e-15
1145.8866    697.70    0.8987    0.1078  3.2818e-15  3.9359e-16  3.6516e-15
1145.9165    705.54    1.0631    0.1170  3.8815e-15  4.2710e-16  3.6513e-15
1145.9464    713.39    0.8166    0.1029  2.9814e-15  3.7558e-16  3.6510e-15
1145.9763    721.23    1.0123    0.1142  3.6955e-15  4.1693e-16  3.6507e-15
1146.0062    729.07    1.0123    0.1142  3.6952e-15  4.1680e-16  3.6504e-15
1146.0362    736.92    0.9613    0.1113  3.5090e-15  4.0630e-16  3.6501e-15
1146.0661    744.76    1.3449    0.1311  4.9086e-15  4.7853e-16  3.6499e-15
1146.0960    752.60    1.0533    0.1163  3.8441e-15  4.2444e-16  3.6496e-15
1146.1259    760.45    0.8298    0.1035  3.0280e-15  3.7774e-16  3.6493e-15
1146.1558    768.29    1.2444    0.1262  4.5406e-15  4.6033e-16  3.6490e-15
1146.1857    776.13    0.9982    0.1133  3.6423e-15  4.1324e-16  3.6487e-15
1146.2156    783.98    0.9110    0.1083  3.3237e-15  3.9518e-16  3.6484e-15
1146.2455    791.82    0.9978    0.1132  3.6400e-15  4.1300e-16  3.6481e-15
1146.2754    799.66    0.9622    0.1112  3.5098e-15  4.0579e-16  3.6478e-15
1146.3053    807.51    0.7310    0.0973  2.6662e-15  3.5502e-16  3.6475e-15
1146.3353    815.35    0.9689    0.1116  3.5340e-15  4.0710e-16  3.6472e-15
1146.3652    823.19    0.9778    0.1121  3.5659e-15  4.0868e-16  3.6470e-15
1146.3951    831.04    1.1904    0.1234  4.3410e-15  4.4985e-16  3.6467e-15
1146.4250    838.88    1.1144    0.1194  4.0637e-15  4.3540e-16  3.6464e-15
1146.4549    846.72    0.9705    0.1116  3.5385e-15  4.0704e-16  3.6461e-15
1146.4848    854.57    1.1014    0.1188  4.0155e-15  4.3302e-16  3.6458e-15
1146.5147    862.41    1.0106    0.1139  3.6842e-15  4.1507e-16  3.6455e-15
1146.5446    870.25    0.9953    0.1130  3.6280e-15  4.1190e-16  3.6452e-15
1146.5745    878.10    0.9174    0.1246  3.3439e-15  4.5406e-16  3.6449e-15
1146.6044    885.94    1.1951    0.1623  4.3558e-15  5.9145e-16  3.6446e-15
1146.6344    893.78    1.1377    0.1565  4.1462e-15  5.7052e-16  3.6443e-15
1146.6643    901.63    1.1273    0.1601  4.1079e-15  5.8332e-16  3.6440e-15
1146.6942    909.47    1.0589    0.1549  3.8584e-15  5.6457e-16  3.6437e-15
1146.7241    917.31    1.0008    0.1476  3.6462e-15  5.3779e-16  3.6434e-15
1146.7540    925.16    1.1945    0.1629  4.3518e-15  5.9330e-16  3.6431e-15
1146.7839    933.00    0.8881    0.1381  3.2353e-15  5.0307e-16  3.6428e-15
1146.8138    940.85    1.0471    0.1511  3.8142e-15  5.5055e-16  3.6425e-15
1146.8437    948.69    1.0204    0.1483  3.7167e-15  5.4032e-16  3.6422e-15
1146.8736    956.53    0.9362    0.1487  3.4097e-15  5.4161e-16  3.6419e-15
1146.9035    964.38    0.9578    0.1509  3.4880e-15  5.4970e-16  3.6417e-15
1146.9335    972.22    1.0977    0.1541  3.9972e-15  5.6102e-16  3.6414e-15
1146.9634    980.06    1.0832    0.1542  3.9441e-15  5.6150e-16  3.6411e-15
1146.9933    987.91    1.0444    0.1495  3.8022e-15  5.4436e-16  3.6408e-15
1147.0232    995.75    1.0148    0.1522  3.6943e-15  5.5398e-16  3.6405e-15
1147.0531   1003.59    0.9182    0.1405  3.3422e-15  5.1134e-16  3.6402e-15
1147.0830   1011.44    0.9764    0.1452  3.5540e-15  5.2840e-16  3.6399e-15
1147.1129   1019.28    1.0285    0.1316  3.7433e-15  4.7913e-16  3.6396e-15
1147.1428   1027.12    1.0982    0.1232  3.9968e-15  4.4819e-16  3.6392e-15
1147.1727   1034.97    1.0898    0.1178  3.9659e-15  4.2868e-16  3.6389e-15
1147.2026   1042.81    0.8680    0.1054  3.1585e-15  3.8360e-16  3.6386e-15
1147.2326   1050.65    1.0130    0.1136  3.6858e-15  4.1340e-16  3.6383e-15
1147.2625   1058.50    1.0509    0.1156  3.8232e-15  4.2073e-16  3.6380e-15
1147.2924   1066.34    1.0482    0.1155  3.8129e-15  4.2004e-16  3.6377e-15
1147.3223   1074.18    1.1347    0.1200  4.1274e-15  4.3661e-16  3.6374e-15
1147.3522   1082.03    0.8477    0.1041  3.0830e-15  3.7859e-16  3.6371e-15
1147.3821   1089.87    1.0187    0.1138  3.7048e-15  4.1393e-16  3.6368e-15
1147.4120   1097.71    0.9834    0.1119  3.5761e-15  4.0683e-16  3.6365e-15
1147.4419   1105.56    0.9774    0.1115  3.5539e-15  4.0557e-16  3.6362e-15
1147.4718   1113.40    0.8103    0.1018  2.9462e-15  3.7010e-16  3.6359e-15
1147.5017   1121.24    0.9104    0.1077  3.3100e-15  3.9152e-16  3.6356e-15
1147.5317   1129.09    1.1017    0.1182  4.0051e-15  4.2955e-16  3.6353e-15
1147.5616   1136.93    1.0995    0.1180  3.9965e-15  4.2905e-16  3.6350e-15
1147.5915   1144.77    0.9642    0.1107  3.5044e-15  4.0223e-16  3.6347e-15
1147.6214   1152.62    1.0145    0.1134  3.6870e-15  4.1222e-16  3.6344e-15
1147.6513   1160.46    0.9739    0.1112  3.5393e-15  4.0405e-16  3.6341e-15
1147.6812   1168.30    1.1601    0.1211  4.2155e-15  4.4007e-16  3.6338e-15
1147.7111   1176.15    1.1838    0.1223  4.3013e-15  4.4442e-16  3.6335e-15
1147.7410   1183.99    1.1795    0.1221  4.2853e-15  4.4364e-16  3.6331e-15
1147.7709   1191.83    1.0570    0.1157  3.8398e-15  4.2032e-16  3.6328e-15
1147.8008   1199.68    1.0649    0.1161  3.8684e-15  4.2178e-16  3.6325e-15
1147.8308   1207.52    1.0623    0.1160  3.8584e-15  4.2116e-16  3.6322e-15
1147.8607   1215.36    1.1216    0.1190  4.0737e-15  4.3233e-16  3.6319e-15
1147.8906   1223.21    0.9721    0.1110  3.5303e-15  4.0302e-16  3.6316e-15
1147.9205   1231.05    1.1190    0.1188  4.0633e-15  4.3154e-16  3.6313e-15
1147.9504   1238.89    1.0772    0.1166  3.9112e-15  4.2331e-16  3.6310e-15
1147.9803   1246.74    1.2017    0.1230  4.3628e-15  4.4653e-16  3.6307e-15
1148.0102   1254.58    0.9745    0.1111  3.5377e-15  4.0325e-16  3.6303e-15
1148.0401   1262.42    1.0023    0.1126  3.6386e-15  4.0885e-16  3.6300e-15
1148.0700   1270.27    0.9334    0.1088  3.3878e-15  3.9481e-16  3.6297e-15
1148.0999   1278.11    0.9419    0.1093  3.4187e-15  3.9667e-16  3.6294e-15
1148.1299   1285.96    0.9755    0.1111  3.5400e-15  4.0324e-16  3.6291e-15
1148.1598   1293.80    1.0315    0.1142  3.7432e-15  4.1432e-16  3.6288e-15
1148.1897   1301.64    0.9099    0.1074  3.3014e-15  3.8967e-16  3.6285e-15
1148.2196   1309.49    0.9552    0.1099  3.4655e-15  3.9875e-16  3.6281e-15
1148.2495   1317.33    0.9523    0.1098  3.4547e-15  3.9817e-16  3.6278e-15
1148.2794   1325.17    1.1087    0.1182  4.0219e-15  4.2874e-16  3.6275e-15
1148.3093   1333.02    1.0836    0.1169  3.9304e-15  4.2384e-16  3.6272e-15
1148.3392   1340.86    1.1084    0.1181  4.0199e-15  4.2838e-16  3.6269e-15
1148.3691   1348.70    0.8567    0.1042  3.1070e-15  3.7788e-16  3.6266e-15
1148.3990   1356.55    0.9323    0.1085  3.3806e-15  3.9338e-16  3.6262e-15
1148.4290   1364.39    0.9287    0.1083  3.3675e-15  3.9257e-16  3.6259e-15
1148.4589   1372.23    1.0965    0.1174  3.9753e-15  4.2551e-16  3.6256e-15
1148.4888   1380.08    0.9167    0.1075  3.3233e-15  3.8984e-16  3.6253e-15
1148.5187   1387.92    0.9148    0.1074  3.3163e-15  3.8942e-16  3.6250e-15
1148.5486   1395.76    1.0319    0.1139  3.7403e-15  4.1272e-16  3.6247e-15
1148.5785   1403.61    0.9224    0.1078  3.3433e-15  3.9065e-16  3.6243e-15
1148.6084   1411.45    1.1510    0.1201  4.1711e-15  4.3513e-16  3.6240e-15
1148.6383   1419.29    1.1043    0.1177  4.0017e-15  4.2633e-16  3.6237e-15
1148.6682   1427.14    1.0803    0.1164  3.9145e-15  4.2169e-16  3.6234e-15
1148.6981   1434.98    1.0449    0.1144  3.7856e-15  4.1459e-16  3.6231e-15
1148.7281   1442.82    1.1141    0.1181  4.0361e-15  4.2770e-16  3.6227e-15
1148.7580   1450.67    1.0620    0.1153  3.8471e-15  4.1773e-16  3.6224e-15
1148.7879   1458.51    1.0697    0.1157  3.8746e-15  4.1908e-16  3.6221e-15
1148.8178   1466.35    0.9259    0.1078  3.3535e-15  3.9040e-16  3.6218e-15
1148.8477   1474.20    0.9002    0.1063  3.2601e-15  3.8503e-16  3.6214e-15
1148.8776   1482.04    1.2492    0.1248  4.5234e-15  4.5187e-16  3.6211e-15
1148.9075   1489.88    1.0363    0.1139  3.7522e-15  4.1241e-16  3.6208e-15
1148.9374   1497.73    1.0500    0.1146  3.8014e-15  4.1494e-16  3.6205e-15
1148.9673   1505.57    1.1344    0.1190  4.1067e-15  4.3077e-16  3.6202e-15
1148.9972   1513.41    1.0974    0.1170  3.9725e-15  4.2352e-16  3.6198e-15
1149.0272   1521.26    1.1054    0.1174  4.0011e-15  4.2476e-16  3.6195e-15
1149.0571   1529.10    0.9306    0.1079  3.3679e-15  3.9040e-16  3.6192e-15
1149.0870   1536.94    1.1407    0.1192  4.1279e-15  4.3120e-16  3.6189e-15
1149.1169   1544.79    0.9963    0.1115  3.6050e-15  4.0337e-16  3.6185e-15
1149.1468   1552.63    1.0293    0.1133  3.7242e-15  4.0991e-16  3.6182e-15
1149.1767   1560.47    1.0751    0.1157  3.8896e-15  4.1866e-16  3.6179e-15
1149.2066   1568.32    0.8733    0.1046  3.1592e-15  3.7830e-16  3.6175e-15
1149.2365   1576.16    0.9953    0.1114  3.6003e-15  4.0304e-16  3.6172e-15
1149.2664   1584.00    1.1266    0.1184  4.0747e-15  4.2821e-16  3.6169e-15
1149.2963   1591.85    0.9554    0.1092  3.4552e-15  3.9495e-16  3.6166e-15
1149.3263   1599.69    0.9560    0.1092  3.4570e-15  3.9496e-16  3.6162e-15
1149.3562   1607.54    0.9551    0.1091  3.4535e-15  3.9467e-16  3.6159e-15
1149.3861   1615.38    0.9146    0.1069  3.3067e-15  3.8649e-16  3.6156e-15
1149.4160   1623.22    0.9113    0.1067  3.2947e-15  3.8583e-16  3.6152e-15
1149.4459   1631.07    0.9933    0.1113  3.5906e-15  4.0220e-16  3.6149e-15
1149.4758   1638.91    1.0399    0.1137  3.7589e-15  4.1112e-16  3.6146e-15
1149.5057   1646.75    0.9726    0.1101  3.5151e-15  3.9776e-16  3.6143e-15
1149.5356   1654.60    1.1112    0.1175  4.0156e-15  4.2459e-16  3.6139e-15
1149.5655   1662.44    0.9681    0.1098  3.4983e-15  3.9691e-16  3.6136e-15
1149.5954   1670.28    0.9976    0.1114  3.6045e-15  4.0253e-16  3.6133e-15
1149.6254   1678.13    1.0784    0.1157  3.8962e-15  4.1808e-16  3.6129e-15
1149.6553   1685.97    1.0629    0.1149  3.8399e-15  4.1514e-16  3.6126e-15
1149.6852   1693.81    0.8816    0.1049  3.1848e-15  3.7897e-16  3.6123e-15
1149.7151   1701.66    0.8654    0.1039  3.1257e-15  3.7540e-16  3.6119e-15
1149.7450   1709.50    1.1728    0.1205  4.2358e-15  4.3525e-16  3.6116e-15
1149.7749   1717.34    1.0116    0.1121  3.6533e-15  4.0491e-16  3.6113e-15
1149.8048   1725.19    0.9897    0.1109  3.5738e-15  4.0056e-16  3.6109e-15
1149.8347   1733.03    0.9362    0.1079  3.3801e-15  3.8960e-16  3.6106e-15
1149.8646   1740.87    0.9221    0.1071  3.3291e-15  3.8662e-16  3.6103e-15
1149.8945   1748.72    1.1055    0.1170  3.9909e-15  4.2248e-16  3.6099e-15
1149.9245   1756.56    1.2087    0.1222  4.3630e-15  4.4113e-16  3.6096e-15
1149.9544   1764.40    1.0655    0.1149  3.8456e-15  4.1473e-16  3.6093e-15
1149.9843   1772.25    0.8637    0.1038  3.1171e-15  3.7446e-16  3.6089e-15
1150.0142   1780.09    1.1227    0.1178  4.0513e-15  4.2522e-16  3.6086e-15
1150.0441   1787.93    1.0458    0.1138  3.7737e-15  4.1058e-16  3.6082e-15
1150.0740   1795.78    1.0948    0.1163  3.9498e-15  4.1974e-16  3.6079e-15
1150.1039   1803.62    1.0904    0.1161  3.9335e-15  4.1869e-16  3.6076e-15
1150.1338   1811.46    0.9591    0.1090  3.4597e-15  3.9327e-16  3.6072e-15
1150.1637   1819.31    1.1032    0.1167  3.9792e-15  4.2098e-16  3.6069e-15
1150.1936   1827.15    0.9573    0.1089  3.4527e-15  3.9270e-16  3.6066e-15
1150.2236   1834.99    0.9442    0.1081  3.4050e-15  3.8997e-16  3.6062e-15
1150.2535   1842.84    1.1078    0.1168  3.9944e-15  4.2134e-16  3.6059e-15
1150.2834   1850.68    1.0004    0.1112  3.6071e-15  4.0085e-16  3.6055e-15
1150.3133   1858.52    1.0908    0.1160  3.9324e-15  4.1802e-16  3.6052e-15
1150.3432   1866.37    0.9871    0.1104  3.5584e-15  3.9811e-16  3.6049e-15
1150.3731   1874.21    0.9932    0.1107  3.5799e-15  3.9917e-16  3.6045e-15
1150.4030   1882.05    1.0724    0.1149  3.8651e-15  4.1429e-16  3.6042e-15
1150.4329   1889.90    0.9285    0.1071  3.3462e-15  3.8604e-16  3.6038e-15
1150.4628   1897.74    1.1913    0.1210  4.2928e-15  4.3600e-16  3.6035e-15
1150.4927   1905.58    1.2434    0.1235  4.4802e-15  4.4513e-16  3.6032e-15
1150.5227   1913.43    0.9887    0.1104  3.5619e-15  3.9790e-16  3.6028e-15
1150.5526   1921.27    0.7974    0.0995  2.8726e-15  3.5830e-16  3.6025e-15
1150.5825   1929.12    0.9607    0.1088  3.4607e-15  3.9207e-16  3.6021e-15
1150.6124   1936.96    1.0362    0.1129  3.7320e-15  4.0679e-16  3.6018e-15
1150.6423   1944.80    0.8532    0.1027  3.0729e-15  3.6999e-16  3.6014e-15
1150.6722   1952.65    1.0509    0.1137  3.7842e-15  4.0935e-16  3.6011e-15
1150.7021   1960.49    1.2140    0.1220  4.3712e-15  4.3921e-16  3.6008e-15
1150.7320   1968.33    1.0475    0.1135  3.7714e-15  4.0850e-16  3.6004e-15
1150.7619   1976.18    0.9176    0.1063  3.3033e-15  3.8280e-16  3.6001e-15
1150.7918   1984.02    1.1275    0.1175  4.0586e-15  4.2312e-16  3.5997e-15
1150.8218   1991.86    1.0183    0.1118  3.6651e-15  4.0245e-16  3.5994e-15
1150.8517   1999.71    1.0216    0.1120  3.6766e-15  4.0303e-16  3.5990e-15
1150.8816   2007.55    1.0021    0.1109  3.6063e-15  3.9920e-16  3.5987e-15
1150.9115   2015.39    0.9549    0.1083  3.4362e-15  3.8978e-16  3.5983e-15
1150.9414   2023.24    0.9500    0.1081  3.4180e-15  3.8880e-16  3.5980e-15
1150.9713   2031.08    0.9841    0.1099  3.5403e-15  3.9546e-16  3.5976e-15
1151.0012   2038.92    0.8760    0.1039  3.1514e-15  3.7359e-16  3.5973e-15
1151.0311   2046.77    0.8962    0.1050  3.2236e-15  3.7773e-16  3.5969e-15
1151.0610   2054.61    1.0806    0.1150  3.8865e-15  4.1371e-16  3.5966e-15
1151.0909   2062.45    1.0316    0.1124  3.7098e-15  4.0433e-16  3.5962e-15
1151.1209   2070.30    1.2355    0.1465  4.4428e-15  5.2673e-16  3.5959e-15
1151.1508   2078.14    1.1905    0.1668  4.2804e-15  5.9990e-16  3.5955e-15
1151.1807   2085.98    1.2773    0.1674  4.5922e-15  6.0167e-16  3.5952e-15
1151.2106   2093.83    1.0825    0.1586  3.8914e-15  5.7009e-16  3.5948e-15
1151.2405   2101.67    1.1496    0.1561  4.1323e-15  5.6103e-16  3.5945e-15
1151.2704   2109.51    0.7919    0.1356  2.8462e-15  4.8730e-16  3.5941e-15
1151.3003   2117.36    1.0374    0.1500  3.7280e-15  5.3899e-16  3.5938e-15
1151.3302   2125.20    1.0770    0.1560  3.8702e-15  5.6062e-16  3.5934e-15
1151.3601   2133.04    1.1190    0.1593  4.0207e-15  5.7239e-16  3.5931e-15
1151.3900   2140.89    0.9433    0.1500  3.3890e-15  5.3901e-16  3.5927e-15
1151.4200   2148.73    0.8973    0.1417  3.2233e-15  5.0922e-16  3.5924e-15
1151.4499   2156.57    0.8743    0.1424  3.1404e-15  5.1161e-16  3.5920e-15
1151.4798   2164.42    1.0013    0.1507  3.5962e-15  5.4109e-16  3.5917e-15
1151.5097   2172.26    0.9991    0.1487  3.5879e-15  5.3391e-16  3.5913e-15
1151.5396   2180.10    0.9475    0.1446  3.4024e-15  5.1935e-16  3.5910e-15
1151.5695   2187.95    1.1561    0.1574  4.1512e-15  5.6527e-16  3.5906e-15
1151.5994   2195.79    1.3116    0.1664  4.7091e-15  5.9752e-16  3.5903e-15
1151.6293   2203.63    0.9569    0.1429  3.4350e-15  5.1283e-16  3.5899e-15
1151.6592   2211.48    0.9807    0.1491  3.5202e-15  5.3520e-16  3.5896e-15
1151.6891   2219.32    0.9575    0.1167  3.4365e-15  4.1874e-16  3.5892e-15
1151.7191   2227.16    1.0672    0.1139  3.8300e-15  4.0874e-16  3.5889e-15
1151.7490   2235.01    0.9043    0.1050  3.2449e-15  3.7694e-16  3.5885e-15
1151.7789   2242.85    0.9232    0.1061  3.3127e-15  3.8059e-16  3.5881e-15
1151.8088   2250.69    1.0843    0.1147  3.8901e-15  4.1162e-16  3.5878e-15
1151.8387   2258.54    1.1477    0.1179  4.1172e-15  4.2310e-16  3.5874e-15
1151.8686   2266.38    1.0958    0.1153  3.9308e-15  4.1364e-16  3.5871e-15
1151.8985   2274.23    1.1129    0.1161  3.9918e-15  4.1658e-16  3.5867e-15
1151.9284   2282.07    1.0610    0.1134  3.8051e-15  4.0669e-16  3.5864e-15
1151.9583   2289.91    1.0230    0.1114  3.6683e-15  3.9938e-16  3.5860e-15
1151.9882   2297.76    1.0126    0.1108  3.6307e-15  3.9726e-16  3.5856e-15
1152.0182   2305.60    1.0379    0.1121  3.7213e-15  4.0207e-16  3.5853e-15
1152.0481   2313.44    1.0307    0.1118  3.6949e-15  4.0063e-16  3.5849e-15
1152.0780   2321.29    0.9789    0.1090  3.5090e-15  3.9055e-16  3.5846e-15
1152.1079   2329.13    0.9532    0.1075  3.4166e-15  3.8532e-16  3.5842e-15
1152.1378   2336.97    0.9531    0.1075  3.4159e-15  3.8510e-16  3.5838e-15
1152.1677   2344.82    0.9840    0.1091  3.5261e-15  3.9101e-16  3.5835e-15
1152.1976   2352.66    1.2237    0.1214  4.3847e-15  4.3504e-16  3.5831e-15
1152.2275   2360.50    0.9788    0.1088  3.5068e-15  3.8989e-16  3.5828e-15
1152.2574   2368.35    1.0655    0.1134  3.8170e-15  4.0630e-16  3.5824e-15
1152.2873   2376.19    0.9722    0.1084  3.4825e-15  3.8839e-16  3.5820e-15
1152.3173   2384.03    1.0127    0.1106  3.6270e-15  3.9613e-16  3.5817e-15
1152.3472   2391.88    1.0069    0.1103  3.6060e-15  3.9491e-16  3.5813e-15
1152.3771   2399.72    1.2745    0.1238  4.5640e-15  4.4320e-16  3.5810e-15
1152.4070   2407.56    1.1322    0.1168  4.0538e-15  4.1806e-16  3.5806e-15
1152.4369   2415.41    1.0795    0.1140  3.8647e-15  4.0819e-16  3.5802e-15
1152.4668   2423.25    1.1006    0.1151  3.9399e-15  4.1201e-16  3.5799e-15
1152.4967   2431.09    0.9496    0.1071  3.3992e-15  3.8322e-16  3.5795e-15
1152.5266   2438.94    1.0479    0.1123  3.7506e-15  4.0206e-16  3.5791e-15
1152.5565   2446.78    1.0778    0.1139  3.8573e-15  4.0749e-16  3.5788e-15
1152.5864   2454.62    0.8346    0.1005  2.9867e-15  3.5952e-16  3.5784e-15
1152.6164   2462.47    0.9190    0.1053  3.2883e-15  3.7682e-16  3.5780e-15
1152.6463   2470.31    0.7473    0.0952  2.6734e-15  3.4066e-16  3.5777e-15
1152.6762   2478.15    0.8292    0.1001  2.9664e-15  3.5821e-16  3.5773e-15
1152.7061   2486.00    0.8937    0.1039  3.1968e-15  3.7154e-16  3.5769e-15
1152.7360   2493.84    0.8897    0.1036  3.1822e-15  3.7070e-16  3.5766e-15
1152.7659   2501.68    0.8625    0.1020  3.0844e-15  3.6495e-16  3.5762e-15
1152.7958   2509.53    0.9190    0.1052  3.2861e-15  3.7631e-16  3.5758e-15
1152.8257   2517.37    0.9727    0.1082  3.4777e-15  3.8694e-16  3.5755e-15
1152.8556   2525.21    0.9619    0.1076  3.4388e-15  3.8465e-16  3.5751e-15
1152.8855   2533.06    0.9388    0.1063  3.3559e-15  3.7991e-16  3.5747e-15
1152.9155   2540.90    1.0827    0.1139  3.8698e-15  4.0727e-16  3.5744e-15
1152.9454   2548.74    1.0379    0.1116  3.7093e-15  3.9891e-16  3.5740e-15
1152.9753   2556.59    1.1573    0.1177  4.1357e-15  4.2068e-16  3.5736e-15
1153.0052   2564.43    0.9538    0.1071  3.4083e-15  3.8260e-16  3.5733e-15
1153.0351   2572.27    0.9322    0.1059  3.3308e-15  3.7832e-16  3.5729e-15
1153.0650   2580.12    1.0555    0.1125  3.7708e-15  4.0197e-16  3.5725e-15
1153.0949   2587.96    1.1313    0.1163  4.0410e-15  4.1557e-16  3.5722e-15
1153.1248   2595.81    0.9342    0.1059  3.3366e-15  3.7842e-16  3.5718e-15
1153.1547   2603.65    0.9174    0.1050  3.2763e-15  3.7501e-16  3.5714e-15
1153.1846   2611.49    1.0319    0.1112  3.6848e-15  3.9706e-16  3.5711e-15
1153.2146   2619.34    1.0507    0.1121  3.7518e-15  4.0044e-16  3.5707e-15
1153.2445   2627.18    0.9153    0.1048  3.2678e-15  3.7421e-16  3.5703e-15
1153.2744   2635.02    0.8866    0.1032  3.1652e-15  3.6828e-16  3.5699e-15
1153.3043   2642.87    1.0361    0.1113  3.6986e-15  3.9742e-16  3.5696e-15
1153.3342   2650.71    0.9717    0.1079  3.4681e-15  3.8509e-16  3.5692e-15
1153.3641   2658.55    1.2101    0.1201  4.3185e-15  4.2868e-16  3.5688e-15
1153.3940   2666.40    0.9868    0.1087  3.5212e-15  3.8790e-16  3.5685e-15
1153.4239   2674.24    1.1599    0.1176  4.1386e-15  4.1973e-16  3.5681e-15
1153.4538   2682.08    0.9613    0.1073  3.4296e-15  3.8280e-16  3.5677e-15
1153.4837   2689.93    0.9618    0.1073  3.4310e-15  3.8278e-16  3.5673e-15
1153.5137   2697.77    1.0287    0.1109  3.6693e-15  3.9554e-16  3.5670e-15
1153.5436   2705.61    1.2353    0.1212  4.4057e-15  4.3245e-16  3.5666e-15
1153.5735   2713.46    1.1134    0.1152  3.9705e-15  4.1097e-16  3.5662e-15
1153.6034   2721.30    1.0854    0.1138  3.8704e-15  4.0580e-16  3.5658e-15
1153.6333   2729.14    0.9843    0.1085  3.5095e-15  3.8675e-16  3.5655e-15
1153.6632   2736.99    0.9674    0.1076  3.4488e-15  3.8343e-16  3.5651e-15
1153.6931   2744.83    0.9752    0.1080  3.4763e-15  3.8489e-16  3.5647e-15
1153.7230   2752.67    0.7242    0.0934  2.5814e-15  3.3291e-16  3.5643e-15
1153.7529   2760.52    0.9939    0.1089  3.5421e-15  3.8818e-16  3.5640e-15
1153.7828   2768.36    0.8818    0.1028  3.1422e-15  3.6625e-16  3.5636e-15
