# Wave  Vhel  NormFlux  NormErr      Flux        Error       Continuum
1250.1529  -2229.11    0.9376    0.0952  2.4960e-15  2.5335e-16  2.6623e-15
1250.1828  -2221.99    0.8364    0.0900  2.2271e-15  2.3960e-16  2.6627e-15
1250.2127  -2214.87    0.9112    0.0938  2.4267e-15  2.4986e-16  2.6632e-15
1250.2426  -2207.75    0.9654    0.0965  2.5714e-15  2.5702e-16  2.6636e-15
1250.2725  -2200.63    0.8528    0.0908  2.2720e-15  2.4189e-16  2.6641e-15
1250.3024  -2193.51    0.9252    0.0945  2.4651e-15  2.5173e-16  2.6645e-15
1250.3323  -2186.39    1.0289    0.0995  2.7421e-15  2.6519e-16  2.6650e-15
1250.3622  -2179.27    0.6515    0.0796  1.7366e-15  2.1207e-16  2.6655e-15
1250.3921  -2172.15    0.7664    0.0861  2.0432e-15  2.2956e-16  2.6660e-15
1250.4221  -2165.03    0.6650    0.0803  1.7732e-15  2.1417e-16  2.6666e-15
1250.4520  -2157.91    0.6939    0.0820  1.8507e-15  2.1875e-16  2.6671e-15
1250.4819  -2150.79    0.6391    0.0788  1.7048e-15  2.1021e-16  2.6676e-15
1250.5118  -2143.67    0.5966    0.0762  1.5918e-15  2.0339e-16  2.6682e-15
1250.5417  -2136.56    0.6748    0.0809  1.8009e-15  2.1599e-16  2.6688e-15
1250.5716  -2129.44    0.8591    0.0910  2.2933e-15  2.4304e-16  2.6694e-15
1250.6015  -2122.32    0.9656    0.0964  2.5780e-15  2.5734e-16  2.6700e-15
1250.6314  -2115.20    0.9248    0.0944  2.4698e-15  2.5200e-16  2.6706e-15
1250.6613  -2108.08    0.9443    0.0953  2.5225e-15  2.5453e-16  2.6712e-15
1250.6912  -2100.96    0.8063    0.0882  2.1542e-15  2.3573e-16  2.6718e-15
1250.7212  -2093.84    0.8196    0.0890  2.1904e-15  2.3772e-16  2.6725e-15
1250.7511  -2086.72    0.9046    0.0933  2.4181e-15  2.4951e-16  2.6731e-15
1250.7810  -2079.60    0.9922    0.0976  2.6529e-15  2.6105e-16  2.6738e-15
1250.8109  -2072.48    1.0071    0.0984  2.6934e-15  2.6306e-16  2.6745e-15
1250.8408  -2065.36    0.9711    0.0966  2.5978e-15  2.5846e-16  2.6752e-15
1250.8707  -2058.24    1.1310    0.1041  3.0266e-15  2.7854e-16  2.6759e-15
1250.9006  -2051.12    1.0136    0.0986  2.7130e-15  2.6401e-16  2.6766e-15
1250.9305  -2044.01    0.7401    0.0846  1.9816e-15  2.2641e-16  2.6773e-15
1250.9604  -2036.89    0.8859    0.0923  2.3726e-15  2.4714e-16  2.6781e-15
1250.9903  -2029.77    0.9377    0.0948  2.5118e-15  2.5408e-16  2.6788e-15
1251.0203  -2022.65    0.7651    0.0859  2.0502e-15  2.3016e-16  2.6796e-15
1251.0502  -2015.53    0.9527    0.0956  2.5536e-15  2.5621e-16  2.6804e-15
1251.0801  -2008.41    0.8645    0.0911  2.3178e-15  2.4427e-16  2.6812e-15
1251.1100  -2001.29    0.8983    0.0928  2.4093e-15  2.4892e-16  2.6820e-15
1251.1399  -1994.17    0.9574    0.0957  2.5685e-15  2.5683e-16  2.6828e-15
1251.1698  -1987.05    1.1885    0.1064  3.1893e-15  2.8565e-16  2.6836e-15
1251.1997  -1979.93    1.0885    0.1019  2.9219e-15  2.7364e-16  2.6844e-15
1251.2296  -1972.81    1.1328    0.1039  3.0419e-15  2.7912e-16  2.6852e-15
1251.2595  -1965.69    0.9197    0.0939  2.4704e-15  2.5211e-16  2.6861e-15
1251.2894  -1958.57    1.1069    0.1028  2.9741e-15  2.7609e-16  2.6870e-15
1251.3194  -1951.46    0.8651    0.0910  2.3252e-15  2.4470e-16  2.6878e-15
1251.3493  -1944.34    1.2983    0.1111  3.4909e-15  2.9870e-16  2.6887e-15
1251.3792  -1937.22    1.0191    0.0986  2.7409e-15  2.6517e-16  2.6896e-15
1251.4091  -1930.10    1.2129    0.1074  3.2634e-15  2.8887e-16  2.6905e-15
1251.4390  -1922.98    1.0900    0.1018  2.9337e-15  2.7410e-16  2.6914e-15
1251.4689  -1915.86    0.9315    0.0943  2.5079e-15  2.5376e-16  2.6924e-15
1251.4988  -1908.74    1.2474    0.1088  3.3596e-15  2.9294e-16  2.6933e-15
1251.5287  -1901.62    1.1062    0.1025  2.9803e-15  2.7615e-16  2.6943e-15
1251.5586  -1894.50    1.1764    0.1056  3.1708e-15  2.8460e-16  2.6952e-15
1251.5885  -1887.38    0.9876    0.0969  2.6627e-15  2.6124e-16  2.6962e-15
1251.6185  -1880.26    1.0278    0.0988  2.7722e-15  2.6643e-16  2.6972e-15
1251.6484  -1873.14    1.0243    0.0986  2.7636e-15  2.6604e-16  2.6981e-15
1251.6783  -1866.02    0.9722    0.0961  2.6241e-15  2.5938e-16  2.6991e-15
1251.7082  -1858.91    1.1086    0.1025  2.9933e-15  2.7667e-16  2.7002e-15
1251.7381  -1851.79    1.0255    0.0986  2.7700e-15  2.6634e-16  2.7012e-15
1251.7680  -1844.67    0.8695    0.0909  2.3495e-15  2.4569e-16  2.7022e-15
1251.7979  -1837.55    1.0016    0.0974  2.7076e-15  2.6343e-16  2.7032e-15
1251.8278  -1830.43    1.1795    0.1056  3.1897e-15  2.8560e-16  2.7043e-15
1251.8577  -1823.31    0.9654    0.0957  2.6117e-15  2.5886e-16  2.7054e-15
1251.8876  -1816.19    1.0348    0.0990  2.8007e-15  2.6785e-16  2.7064e-15
1251.9176  -1809.07    0.9326    0.0940  2.5249e-15  2.5457e-16  2.7075e-15
1251.9475  -1801.95    0.9702    0.0958  2.6280e-15  2.5961e-16  2.7086e-15
1251.9774  -1794.83    1.0493    0.1127  2.8433e-15  3.0531e-16  2.7097e-15
1252.0073  -1787.71    1.0347    0.1333  2.8049e-15  3.6142e-16  2.7108e-15
1252.0372  -1780.59    1.2949    0.1474  3.5117e-15  3.9980e-16  2.7119e-15
1252.0671  -1773.47    1.0589    0.1373  2.8727e-15  3.7238e-16  2.7130e-15
1252.0970  -1766.36    0.9999    0.1330  2.7138e-15  3.6112e-16  2.7142e-15
1252.1269  -1759.24    1.1874    0.1409  3.2241e-15  3.8258e-16  2.7153e-15
1252.1568  -1752.12    0.9692    0.1319  2.6327e-15  3.5842e-16  2.7165e-15
1252.1867  -1745.00    0.9691    0.1265  2.6337e-15  3.4386e-16  2.7176e-15
1252.2167  -1737.88    0.9734    0.1275  2.6465e-15  3.4654e-16  2.7188e-15
1252.2466  -1730.76    1.0880    0.1335  2.9595e-15  3.6301e-16  2.7200e-15
1252.2765  -1723.64    0.8799    0.1224  2.3943e-15  3.3319e-16  2.7212e-15
1252.3064  -1716.52    1.1271    0.1382  3.0683e-15  3.7631e-16  2.7224e-15
1252.3363  -1709.40    1.0747    0.1362  2.9270e-15  3.7090e-16  2.7236e-15
1252.3662  -1702.28    0.8593    0.1218  2.3413e-15  3.3184e-16  2.7248e-15
1252.3961  -1695.16    0.9409    0.1293  2.5649e-15  3.5259e-16  2.7260e-15
1252.4260  -1688.04    0.9492    0.1268  2.5887e-15  3.4594e-16  2.7273e-15
1252.4559  -1680.92    0.9886    0.1255  2.6973e-15  3.4241e-16  2.7285e-15
1252.4858  -1673.81    0.8731    0.1204  2.3834e-15  3.2867e-16  2.7298e-15
1252.5158  -1666.69    0.9700    0.1160  2.6491e-15  3.1673e-16  2.7310e-15
1252.5457  -1659.57    0.8914    0.0970  2.4354e-15  2.6491e-16  2.7323e-15
1252.5756  -1652.45    1.0507    0.0992  2.8721e-15  2.7115e-16  2.7336e-15
1252.6055  -1645.33    0.9007    0.0919  2.4633e-15  2.5145e-16  2.7349e-15
1252.6354  -1638.21    1.0121    0.0973  2.7693e-15  2.6629e-16  2.7362e-15
1252.6653  -1631.09    0.8295    0.0883  2.2707e-15  2.4165e-16  2.7375e-15
1252.6952  -1623.97    1.0075    0.0971  2.7593e-15  2.6580e-16  2.7388e-15
1252.7251  -1616.85    0.8857    0.0911  2.4270e-15  2.4957e-16  2.7401e-15
1252.7550  -1609.73    0.9271    0.0931  2.5415e-15  2.5532e-16  2.7414e-15
1252.7849  -1602.61    0.9190    0.0927  2.5205e-15  2.5434e-16  2.7428e-15
1252.8149  -1595.49    1.0196    0.0975  2.7980e-15  2.6759e-16  2.7441e-15
1252.8448  -1588.37    0.9957    0.0964  2.7337e-15  2.6452e-16  2.7455e-15
1252.8747  -1581.26    1.0355    0.0982  2.8442e-15  2.6975e-16  2.7468e-15
1252.9046  -1574.14    0.9779    0.0955  2.6873e-15  2.6236e-16  2.7482e-15
1252.9345  -1567.02    1.0274    0.0978  2.8250e-15  2.6889e-16  2.7496e-15
1252.9644  -1559.90    0.9216    0.0927  2.5353e-15  2.5504e-16  2.7509e-15
1252.9943  -1552.78    1.0070    0.0968  2.7716e-15  2.6641e-16  2.7523e-15
1253.0242  -1545.66    1.1473    0.1031  3.1594e-15  2.8400e-16  2.7537e-15
1253.0541  -1538.54    0.9817    0.0955  2.7046e-15  2.6319e-16  2.7551e-15
1253.0840  -1531.42    0.9759    0.0952  2.6901e-15  2.6252e-16  2.7566e-15
1253.1140  -1524.30    0.8997    0.0915  2.4813e-15  2.5235e-16  2.7580e-15
1253.1439  -1517.18    0.9612    0.0945  2.6523e-15  2.6068e-16  2.7594e-15
1253.1738  -1510.06    1.1206    0.1018  3.0938e-15  2.8112e-16  2.7608e-15
1253.2037  -1502.94    1.0274    0.0975  2.8379e-15  2.6942e-16  2.7623e-15
1253.2336  -1495.83    0.9809    0.0953  2.7109e-15  2.6340e-16  2.7637e-15
1253.2635  -1488.71    1.0681    0.0993  2.9534e-15  2.7469e-16  2.7652e-15
1253.2934  -1481.59    1.0584    0.0989  2.9283e-15  2.7353e-16  2.7667e-15
1253.3233  -1474.47    1.0667    0.0992  2.9529e-15  2.7464e-16  2.7681e-15
1253.3532  -1467.35    0.9486    0.0936  2.6273e-15  2.5923e-16  2.7696e-15
1253.3831  -1460.23    0.9584    0.0941  2.6559e-15  2.6071e-16  2.7711e-15
1253.4131  -1453.11    0.8632    0.0893  2.3933e-15  2.4767e-16  2.7726e-15
1253.4430  -1445.99    0.8167    0.0869  2.2655e-15  2.4109e-16  2.7741e-15
1253.4729  -1438.87    0.9322    0.0927  2.5875e-15  2.5730e-16  2.7756e-15
1253.5028  -1431.75    0.8509    0.0886  2.3629e-15  2.4609e-16  2.7771e-15
1253.5327  -1424.63    0.8733    0.0897  2.4264e-15  2.4930e-16  2.7786e-15
1253.5626  -1417.51    0.5957    0.0745  1.6561e-15  2.0703e-16  2.7802e-15
1253.5925  -1410.39    0.7310    0.0822  2.0333e-15  2.2877e-16  2.7817e-15
1253.6224  -1403.28    0.6233    0.0761  1.7348e-15  2.1183e-16  2.7832e-15
1253.6523  -1396.16    0.5409    0.0710  1.5063e-15  1.9784e-16  2.7848e-15
1253.6822  -1389.04    0.5099    0.0690  1.4208e-15  1.9234e-16  2.7863e-15
1253.7122  -1381.92    0.5570    0.0720  1.5528e-15  2.0070e-16  2.7879e-15
1253.7421  -1374.80    0.7529    0.0833  2.1003e-15  2.3240e-16  2.7895e-15
1253.7720  -1367.68    0.7392    0.0825  2.0632e-15  2.3032e-16  2.7910e-15
1253.8019  -1360.56    0.9099    0.0913  2.5410e-15  2.5496e-16  2.7926e-15
1253.8318  -1353.44    0.7616    0.0837  2.1279e-15  2.3375e-16  2.7942e-15
1253.8617  -1346.32    0.8512    0.0883  2.3798e-15  2.4686e-16  2.7958e-15
1253.8916  -1339.20    0.9824    0.0947  2.7480e-15  2.6485e-16  2.7974e-15
1253.9215  -1332.08    0.9975    0.0953  2.7920e-15  2.6686e-16  2.7990e-15
1253.9514  -1324.96    1.0418    0.0974  2.9177e-15  2.7269e-16  2.8006e-15
1253.9813  -1317.84    0.9177    0.0915  2.5716e-15  2.5628e-16  2.8022e-15
1254.0113  -1310.73    0.9403    0.0925  2.6364e-15  2.5944e-16  2.8038e-15
1254.0412  -1303.61    1.0108    0.0959  2.8358e-15  2.6891e-16  2.8054e-15
1254.0711  -1296.49    0.8977    0.0904  2.5199e-15  2.5386e-16  2.8071e-15
1254.1010  -1289.37    0.7987    0.0854  2.2434e-15  2.3977e-16  2.8087e-15
1254.1309  -1282.25    1.0262    0.0965  2.8840e-15  2.7118e-16  2.8104e-15
1254.1608  -1275.13    0.9914    0.0949  2.7878e-15  2.6682e-16  2.8120e-15
1254.1907  -1268.01    0.9749    0.0941  2.7430e-15  2.6474e-16  2.8137e-15
1254.2206  -1260.89    0.8806    0.0895  2.4790e-15  2.5186e-16  2.8153e-15
1254.2505  -1253.77    1.0170    0.0960  2.8649e-15  2.7031e-16  2.8170e-15
1254.2804  -1246.65    0.8689    0.0888  2.4491e-15  2.5035e-16  2.8186e-15
1254.3104  -1239.53    0.9766    0.0940  2.7543e-15  2.6521e-16  2.8203e-15
1254.3403  -1232.41    0.9395    0.0922  2.6512e-15  2.6033e-16  2.8220e-15
1254.3702  -1225.29    0.8532    0.0880  2.4091e-15  2.4840e-16  2.8237e-15
1254.4001  -1218.18    1.0078    0.0954  2.8473e-15  2.6960e-16  2.8254e-15
1254.4300  -1211.06    0.9260    0.0915  2.6179e-15  2.5873e-16  2.8271e-15
1254.4599  -1203.94    0.8900    0.0897  2.5175e-15  2.5375e-16  2.8288e-15
1254.4898  -1196.82    0.9447    0.0923  2.6739e-15  2.6135e-16  2.8305e-15
1254.5197  -1189.70    0.9993    0.0949  2.8303e-15  2.6879e-16  2.8322e-15
1254.5496  -1182.58    0.9469    0.0924  2.6835e-15  2.6190e-16  2.8339e-15
1254.5795  -1175.46    1.2983    0.1078  3.6815e-15  3.0580e-16  2.8356e-15
1254.6095  -1168.34    0.9215    0.0911  2.6148e-15  2.5841e-16  2.8373e-15
1254.6394  -1161.22    1.0915    0.0989  3.0988e-15  2.8092e-16  2.8391e-15
1254.6693  -1154.10    1.0122    0.0953  2.8754e-15  2.7076e-16  2.8408e-15
1254.6992  -1146.98    0.9860    0.0941  2.8026e-15  2.6735e-16  2.8425e-15
1254.7291  -1139.86    1.0835    0.0985  3.0817e-15  2.8007e-16  2.8443e-15
1254.7590  -1132.74    0.9855    0.0940  2.8046e-15  2.6743e-16  2.8460e-15
1254.7889  -1125.63    1.0016    0.0947  2.8522e-15  2.6961e-16  2.8478e-15
1254.8188  -1118.51    1.0488    0.0968  2.9887e-15  2.7590e-16  2.8495e-15
1254.8487  -1111.39    1.0708    0.0978  3.0532e-15  2.7888e-16  2.8513e-15
1254.8786  -1104.27    0.9934    0.0942  2.8343e-15  2.6885e-16  2.8531e-15
1254.9086  -1097.15    1.0731    0.0978  3.0636e-15  2.7931e-16  2.8548e-15
1254.9385  -1090.03    1.1093    0.0994  3.1688e-15  2.8399e-16  2.8566e-15
1254.9684  -1082.91    1.0807    0.0981  3.0890e-15  2.8048e-16  2.8584e-15
1254.9983  -1075.79    1.0121    0.0950  2.8948e-15  2.7159e-16  2.8602e-15
1255.0282  -1068.67    1.0239    0.0955  2.9303e-15  2.7318e-16  2.8619e-15
1255.0581  -1061.55    0.9935    0.0940  2.8452e-15  2.6923e-16  2.8637e-15
1255.0880  -1054.43    0.9969    0.0941  2.8567e-15  2.6979e-16  2.8655e-15
1255.1179  -1047.31    1.0329    0.0958  2.9617e-15  2.7465e-16  2.8673e-15
1255.1478  -1040.19    1.0233    0.0953  2.9360e-15  2.7349e-16  2.8691e-15
1255.1777  -1033.08    1.1534    0.1010  3.3114e-15  2.9008e-16  2.8709e-15
1255.2077  -1025.96    0.9576    0.0922  2.7511e-15  2.6492e-16  2.8727e-15
1255.2376  -1018.84    1.1279    0.0999  3.2422e-15  2.8712e-16  2.8745e-15
1255.2675  -1011.72    1.0321    0.0956  2.9687e-15  2.7494e-16  2.8764e-15
1255.2974  -1004.60    0.9885    0.0935  2.8452e-15  2.6924e-16  2.8782e-15
1255.3273   -997.48    1.0611    0.0968  3.0559e-15  2.7882e-16  2.8800e-15
1255.3572   -990.36    0.9915    0.0936  2.8574e-15  2.6975e-16  2.8818e-15
1255.3871   -983.24    0.9515    0.0917  2.7438e-15  2.6446e-16  2.8836e-15
1255.4170   -976.12    0.9802    0.0930  2.8284e-15  2.6846e-16  2.8855e-15
1255.4469   -969.00    1.0460    0.0960  3.0201e-15  2.7719e-16  2.8873e-15
1255.4768   -961.88    1.0931    0.0981  3.1581e-15  2.8336e-16  2.8891e-15
1255.5068   -954.76    1.0360    0.0955  2.9949e-15  2.7610e-16  2.8910e-15
1255.5367   -947.64    0.9938    0.0936  2.8750e-15  2.7068e-16  2.8928e-15
1255.5666   -940.53    1.0404    0.0957  3.0117e-15  2.7689e-16  2.8947e-15
1255.5965   -933.41    0.9441    0.0912  2.7345e-15  2.6413e-16  2.8965e-15
1255.6264   -926.29    1.1538    0.1006  3.3440e-15  2.9149e-16  2.8984e-15
1255.6563   -919.17    0.9739    0.0925  2.8245e-15  2.6832e-16  2.9002e-15
1255.6862   -912.05    0.9093    0.0894  2.6389e-15  2.5952e-16  2.9021e-15
1255.7161   -904.93    1.0983    0.0981  3.1894e-15  2.8483e-16  2.9039e-15
1255.7460   -897.81    0.9346    0.0906  2.7157e-15  2.6323e-16  2.9058e-15
1255.7759   -890.69    1.0672    0.0966  3.1030e-15  2.8100e-16  2.9077e-15
1255.8059   -883.57    1.0977    0.1212  3.1939e-15  3.5267e-16  2.9095e-15
1255.8358   -876.45    0.9883    0.1219  2.8775e-15  3.5496e-16  2.9114e-15
1255.8657   -869.33    1.1019    0.1284  3.2100e-15  3.7392e-16  2.9133e-15
1255.8956   -862.21    0.9974    0.1248  2.9076e-15  3.6370e-16  2.9151e-15
1255.9255   -855.09    1.0118    0.1250  2.9515e-15  3.6463e-16  2.9170e-15
1255.9554   -847.98    1.0337    0.1273  3.0171e-15  3.7157e-16  2.9189e-15
1255.9853   -840.86    0.9046    0.1194  2.6420e-15  3.4875e-16  2.9208e-15
1256.0152   -833.74    1.0267    0.1282  3.0007e-15  3.7467e-16  2.9226e-15
1256.0451   -826.62    0.9451    0.1228  2.7640e-15  3.5912e-16  2.9245e-15
1256.0750   -819.50    0.9719    0.1226  2.8443e-15  3.5881e-16  2.9264e-15
1256.1050   -812.38    0.9885    0.1254  2.8948e-15  3.6719e-16  2.9283e-15
1256.1349   -805.26    1.1592    0.1327  3.3967e-15  3.8883e-16  2.9302e-15
1256.1648   -798.14    1.0168    0.1261  2.9812e-15  3.6974e-16  2.9321e-15
1256.1947   -791.02    0.8871    0.1159  2.6027e-15  3.4008e-16  2.9340e-15
1256.2246   -783.90    0.9065    0.1195  2.6613e-15  3.5097e-16  2.9359e-15
1256.2545   -776.78    0.9171    0.1161  2.6943e-15  3.4101e-16  2.9378e-15
1256.2844   -769.66    0.9610    0.1227  2.8250e-15  3.6083e-16  2.9397e-15
1256.3143   -762.54    1.0303    0.1221  3.0306e-15  3.5903e-16  2.9416e-15
1256.3442   -755.43    0.9298    0.1130  2.7369e-15  3.3258e-16  2.9435e-15
1256.3741   -748.31    1.0560    0.0963  3.1104e-15  2.8352e-16  2.9454e-15
1256.4041   -741.19    1.0038    0.0930  2.9586e-15  2.7420e-16  2.9473e-15
1256.4340   -734.07    1.0072    0.0932  2.9704e-15  2.7472e-16  2.9492e-15
1256.4639   -726.95    0.9552    0.0907  2.8190e-15  2.6774e-16  2.9511e-15
1256.4938   -719.83    1.0627    0.0956  3.1383e-15  2.8220e-16  2.9530e-15
1256.5237   -712.71    1.0459    0.0948  3.0907e-15  2.8003e-16  2.9549e-15
1256.5536   -705.59    1.0989    0.0970  3.2491e-15  2.8694e-16  2.9568e-15
1256.5835   -698.47    0.9809    0.0917  2.9022e-15  2.7143e-16  2.9587e-15
1256.6134   -691.35    0.9674    0.0911  2.8642e-15  2.6973e-16  2.9606e-15
1256.6433   -684.23    0.9803    0.0917  2.9041e-15  2.7153e-16  2.9625e-15
1256.6732   -677.11    0.9766    0.0915  2.8950e-15  2.7117e-16  2.9645e-15
1256.7032   -669.99    1.0044    0.0927  2.9795e-15  2.7499e-16  2.9664e-15
1256.7331   -662.88    1.0310    0.0939  3.0603e-15  2.7859e-16  2.9683e-15
1256.7630   -655.76    1.0035    0.0926  2.9806e-15  2.7505e-16  2.9702e-15
1256.7929   -648.64    1.0584    0.0950  3.1458e-15  2.8240e-16  2.9721e-15
1256.8228   -641.52    1.0110    0.0929  3.0069e-15  2.7618e-16  2.9740e-15
1256.8527   -634.40    0.9999    0.0923  2.9756e-15  2.7478e-16  2.9759e-15
1256.8826   -627.28    0.9705    0.0910  2.8902e-15  2.7089e-16  2.9779e-15
1256.9125   -620.16    0.9588    0.0904  2.8571e-15  2.6943e-16  2.9798e-15
1256.9424   -613.04    0.9927    0.0919  2.9600e-15  2.7413e-16  2.9817e-15
1256.9723   -605.92    1.0463    0.0943  3.1218e-15  2.8137e-16  2.9836e-15
1257.0023   -598.80    1.0291    0.0935  3.0725e-15  2.7921e-16  2.9855e-15
1257.0322   -591.68    1.0195    0.0930  3.0458e-15  2.7794e-16  2.9875e-15
1257.0621   -584.56    1.0959    0.0964  3.2761e-15  2.8807e-16  2.9894e-15
1257.0920   -577.44    0.8968    0.0873  2.6826e-15  2.6119e-16  2.9913e-15
1257.1219   -570.33    1.0253    0.0932  3.0690e-15  2.7894e-16  2.9932e-15
1257.1518   -563.21    0.9685    0.0906  2.9007e-15  2.7135e-16  2.9951e-15
1257.1817   -556.09    1.0270    0.0932  3.0781e-15  2.7940e-16  2.9970e-15
1257.2116   -548.97    0.9384    0.0891  2.8142e-15  2.6735e-16  2.9990e-15
1257.2415   -541.85    0.9638    0.0903  2.8922e-15  2.7098e-16  3.0009e-15
1257.2714   -534.73    0.8988    0.0872  2.6989e-15  2.6195e-16  3.0028e-15
1257.3014   -527.61    0.8951    0.0870  2.6896e-15  2.6152e-16  3.0047e-15
1257.3313   -520.49    0.9346    0.0889  2.8100e-15  2.6720e-16  3.0066e-15
1257.3612   -513.37    0.9391    0.0891  2.8253e-15  2.6792e-16  3.0086e-15
1257.3911   -506.25    0.9765    0.0907  2.9396e-15  2.7320e-16  3.0105e-15
1257.4210   -499.13    0.9516    0.0896  2.8666e-15  2.6978e-16  3.0124e-15
1257.4509   -492.01    0.9691    0.0904  2.9212e-15  2.7234e-16  3.0143e-15
1257.4808   -484.90    1.0028    0.0918  3.0245e-15  2.7702e-16  3.0162e-15
1257.5107   -477.78    0.9414    0.0890  2.8412e-15  2.6856e-16  3.0181e-15
1257.5406   -470.66    1.0200    0.0925  3.0804e-15  2.7937e-16  3.0200e-15
1257.5705   -463.54    0.9255    0.0882  2.7968e-15  2.6645e-16  3.0220e-15
1257.6005   -456.42    1.0215    0.0925  3.0888e-15  2.7972e-16  3.0239e-15
1257.6304   -449.30    0.8143    0.0827  2.4639e-15  2.5030e-16  3.0258e-15
1257.6603   -442.18    0.9267    0.0881  2.8058e-15  2.6677e-16  3.0277e-15
1257.6902   -435.06    0.9517    0.0892  2.8832e-15  2.7030e-16  3.0296e-15
1257.7201   -427.94    0.9815    0.0906  2.9753e-15  2.7451e-16  3.0315e-15
1257.7500   -420.82    0.9414    0.0887  2.8557e-15  2.6900e-16  3.0334e-15
1257.7799   -413.70    0.8591    0.0847  2.6075e-15  2.5722e-16  3.0353e-15
1257.8098   -406.58    1.0270    0.0925  3.1191e-15  2.8095e-16  3.0372e-15
1257.8397   -399.46    0.9648    0.0897  2.9322e-15  2.7254e-16  3.0391e-15
1257.8696   -392.35    0.8963    0.0865  2.7257e-15  2.6291e-16  3.0410e-15
1257.8996   -385.23    0.9517    0.0890  2.8960e-15  2.7083e-16  3.0429e-15
1257.9295   -378.11    1.0315    0.0926  3.1407e-15  2.8186e-16  3.0448e-15
1257.9594   -370.99    0.8790    0.0855  2.6781e-15  2.6057e-16  3.0467e-15
1257.9893   -363.87    1.0447    0.0931  3.1848e-15  2.8377e-16  3.0486e-15
1258.0192   -356.75    1.0956    0.0953  3.3422e-15  2.9062e-16  3.0505e-15
1258.0491   -349.63    1.0462    0.0931  3.1933e-15  2.8417e-16  3.0524e-15
1258.0790   -342.51    1.0121    0.0916  3.0912e-15  2.7967e-16  3.0543e-15
1258.1089   -335.39    0.8928    0.0861  2.7286e-15  2.6306e-16  3.0562e-15
1258.1388   -328.27    1.0331    0.0925  3.1594e-15  2.8279e-16  3.0581e-15
1258.1687   -321.15    1.0504    0.0932  3.2142e-15  2.8521e-16  3.0599e-15
1258.1987   -314.03    0.9628    0.0893  2.9480e-15  2.7330e-16  3.0618e-15
1258.2286   -306.91    1.0036    0.0911  3.0748e-15  2.7907e-16  3.0637e-15
1258.2585   -299.80    0.9234    0.0874  2.8306e-15  2.6793e-16  3.0656e-15
1258.2884   -292.68    0.9368    0.0880  2.8736e-15  2.6991e-16  3.0674e-15
1258.3183   -285.56    0.9967    0.0907  3.0593e-15  2.7832e-16  3.0693e-15
1258.3482   -278.44    1.0170    0.0916  3.1233e-15  2.8120e-16  3.0712e-15
1258.3781   -271.32    1.0959    0.0950  3.3677e-15  2.9182e-16  3.0731e-15
1258.4080   -264.20    0.9670    0.0892  2.9735e-15  2.7443e-16  3.0749e-15
1258.4379   -257.08    0.9267    0.0874  2.8512e-15  2.6885e-16  3.0768e-15
1258.4678   -249.96    1.0486    0.0928  3.2284e-15  2.8578e-16  3.0787e-15
1258.4978   -242.84    1.0716    0.0938  3.3011e-15  2.8893e-16  3.0805e-15
1258.5277   -235.72    0.9067    0.0864  2.7949e-15  2.6627e-16  3.0824e-15
1258.5576   -228.60    0.9215    0.0871  2.8421e-15  2.6849e-16  3.0842e-15
1258.5875   -221.48    0.8776    0.0850  2.7082e-15  2.6223e-16  3.0861e-15
1258.6174   -214.36    0.9886    0.0901  3.0526e-15  2.7810e-16  3.0879e-15
1258.6473   -207.25    1.1073    0.0952  3.4213e-15  2.9417e-16  3.0898e-15
1258.6772   -200.13    1.0478    0.0926  3.2395e-15  2.8639e-16  3.0916e-15
1258.7071   -193.01    1.0230    0.0915  3.1645e-15  2.8305e-16  3.0934e-15
1258.7370   -185.89    0.9305    0.0873  2.8801e-15  2.7024e-16  3.0953e-15
1258.7669   -178.77    0.8881    0.0853  2.7506e-15  2.6419e-16  3.0971e-15
1258.7969   -171.65    1.0750    0.0936  3.3313e-15  2.9019e-16  3.0989e-15
1258.8268   -164.53    0.8895    0.0853  2.7581e-15  2.6448e-16  3.1008e-15
1258.8567   -157.41    0.8486    0.0833  2.6329e-15  2.5847e-16  3.1026e-15
1258.8866   -150.29    0.7790    0.0799  2.4183e-15  2.4792e-16  3.1044e-15
1258.9165   -143.17    1.0948    0.0944  3.4006e-15  2.9311e-16  3.1062e-15
1258.9464   -136.05    0.9677    0.0888  3.0078e-15  2.7593e-16  3.1080e-15
1258.9763   -128.93    0.9446    0.0877  2.9376e-15  2.7276e-16  3.1099e-15
1259.0062   -121.81    0.9016    0.0857  2.8054e-15  2.6662e-16  3.1117e-15
1259.0361   -114.70    0.9270    0.0868  2.8861e-15  2.7040e-16  3.1135e-15
1259.0660   -107.58    0.8880    0.0850  2.7664e-15  2.6487e-16  3.1153e-15
1259.0960   -100.46    1.0008    0.0901  3.1195e-15  2.8095e-16  3.1171e-15
1259.1259    -93.34    0.8911    0.0851  2.7793e-15  2.6539e-16  3.1188e-15
1259.1558    -86.22    1.1312    0.0957  3.5301e-15  2.9857e-16  3.1206e-15
1259.1857    -79.10    0.8503    0.0831  2.6550e-15  2.5955e-16  3.1224e-15
1259.2156    -71.98    0.8664    0.0839  2.7067e-15  2.6203e-16  3.1242e-15
1259.2455    -64.86    0.7190    0.0765  2.2476e-15  2.3928e-16  3.1260e-15
1259.2754    -57.74    0.5957    0.0698  1.8631e-15  2.1831e-16  3.1277e-15
1259.3053    -50.62    0.5302    0.0660  1.6592e-15  2.0640e-16  3.1295e-15
1259.3352    -43.50    0.4871    0.0633  1.5253e-15  1.9819e-16  3.1313e-15
1259.3651    -36.38    0.4302    0.0596  1.3479e-15  1.8670e-16  3.1330e-15
1259.3951    -29.26    0.5218    0.0654  1.6357e-15  2.0498e-16  3.1348e-15
1259.4250    -22.15    0.3494    0.0539  1.0959e-15  1.6910e-16  3.1365e-15
1259.4549    -15.03    0.4565    0.0613  1.4325e-15  1.9231e-16  3.1383e-15
1259.4848     -7.91    0.5364    0.0662  1.6842e-15  2.0794e-16  3.1400e-15
1259.5147     -0.79    0.6525    0.0728  2.0499e-15  2.2877e-16  3.1418e-15
1259.5446      6.33    0.7060    0.0756  2.2192e-15  2.3775e-16  3.1435e-15
1259.5745     13.45    0.8446    0.0825  2.6564e-15  2.5956e-16  3.1452e-15
1259.6044     20.57    0.8893    0.0846  2.7987e-15  2.6626e-16  3.1470e-15
1259.6343     27.69    0.9326    0.0866  2.9366e-15  2.7260e-16  3.1487e-15
1259.6642     34.81    0.9274    0.0863  2.9218e-15  2.7194e-16  3.1504e-15
1259.6942     41.93    1.1636    0.0965  3.6678e-15  3.0419e-16  3.1521e-15
1259.7241     49.05    0.8097    0.0807  2.5538e-15  2.5461e-16  3.1538e-15
1259.7540     56.17    0.9716    0.0883  3.0660e-15  2.7853e-16  3.1555e-15
1259.7839     63.29    0.9825    0.0887  3.1018e-15  2.8015e-16  3.1572e-15
1259.8138     70.40    0.8203    0.0812  2.5911e-15  2.5653e-16  3.1589e-15
1259.8437     77.52    0.7612    0.0783  2.4059e-15  2.4740e-16  3.1606e-15
1259.8736     84.64    0.6546    0.0727  2.0699e-15  2.2986e-16  3.1623e-15
1259.9035     91.76    0.6918    0.0746  2.1888e-15  2.3618e-16  3.1639e-15
1259.9334     98.88    0.5216    0.0650  1.6512e-15  2.0590e-16  3.1656e-15
1259.9633    106.00    0.4039    0.0575  1.2794e-15  1.8216e-16  3.1673e-15
1259.9933    113.12    0.3195    0.0514  1.0124e-15  1.6281e-16  3.1689e-15
1260.0232    120.24    0.1982    0.0410  6.2843e-16  1.3010e-16  3.1706e-15
1260.0531    127.36    0.1030    0.0306  3.2679e-16  9.7036e-17  3.1722e-15
1260.0830    134.48    0.0657    0.0253  2.0849e-16  8.0306e-17  3.1739e-15
1260.1129    141.60    0.0949    0.0295  3.0130e-16  9.3577e-17  3.1755e-15
1260.1428    148.72    0.0333    0.0196  1.0565e-16  6.2296e-17  3.1771e-15
1260.1727    155.84    0.0274    0.0184  8.6986e-17  5.8337e-17  3.1788e-15
1260.2026    162.95    0.0378    0.0205  1.2031e-16  6.5102e-17  3.1804e-15
1260.2325    170.07    0.0450    0.0218  1.4316e-16  6.9268e-17  3.1820e-15
1260.2624    177.19    0.0312    0.0191  9.9219e-17  6.0758e-17  3.1836e-15
1260.2924    184.31    0.0651    0.0250  2.0734e-16  7.9787e-17  3.1852e-15
1260.3223    191.43    0.0697    0.0258  2.2218e-16  8.2062e-17  3.1868e-15
1260.3522    198.55    0.0797    0.0273  2.5397e-16  8.6922e-17  3.1884e-15
1260.3821    205.67    0.1284    0.0335  4.0956e-16  1.0697e-16  3.1900e-15
1260.4120    212.79    0.2021    0.0412  6.4500e-16  1.3136e-16  3.1916e-15
1260.4419    219.91    0.2267    0.0434  7.2401e-16  1.3860e-16  3.1931e-15
1260.4718    227.03    0.4595    0.0689  1.4681e-15  2.2009e-16  3.1947e-15
1260.5017    234.15    0.6875    0.0968  2.1973e-15  3.0946e-16  3.1963e-15
1260.5316    241.27    0.7703    0.1042  2.4634e-15  3.3322e-16  3.1978e-15
1260.5615    248.39    0.8546    0.1108  2.7342e-15  3.5438e-16  3.1994e-15
1260.5915    255.50    0.8422    0.1123  2.6958e-15  3.5959e-16  3.2009e-15
1260.6214    262.62    0.8851    0.1132  2.8346e-15  3.6254e-16  3.2024e-15
1260.6513    269.74    0.8758    0.1107  2.8059e-15  3.5478e-16  3.2040e-15
1260.6812    276.86    0.8758    0.1128  2.8072e-15  3.6164e-16  3.2055e-15
1260.7111    283.98    0.8662    0.1131  2.7779e-15  3.6262e-16  3.2070e-15
1260.7410    291.10    0.8947    0.1152  2.8705e-15  3.6957e-16  3.2085e-15
1260.7709    298.22    1.0781    0.1234  3.4606e-15  3.9603e-16  3.2100e-15
1260.8008    305.34    0.9911    0.1211  3.1829e-15  3.8906e-16  3.2115e-15
1260.8307    312.46    0.9733    0.1183  3.1273e-15  3.8016e-16  3.2130e-15
1260.8606    319.58    1.0059    0.1170  3.2334e-15  3.7625e-16  3.2145e-15
1260.8906    326.70    1.1253    0.1267  3.6189e-15  4.0745e-16  3.2159e-15
1260.9205    333.82    0.8178    0.1098  2.6312e-15  3.5315e-16  3.2174e-15
1260.9504    340.94    0.9753    0.1072  3.1395e-15  3.4498e-16  3.2188e-15
1260.9803    348.05    1.1488    0.0991  3.6996e-15  3.1926e-16  3.2203e-15
1261.0102    355.17    0.9628    0.0869  3.1020e-15  2.7983e-16  3.2217e-15
1261.0401    362.29    1.0656    0.0913  3.4346e-15  2.9425e-16  3.2232e-15
1261.0700    369.41    0.9168    0.0848  2.9564e-15  2.7336e-16  3.2246e-15
1261.0999    376.53    1.0514    0.0907  3.3917e-15  2.9247e-16  3.2260e-15
1261.1298    383.65    0.9177    0.0848  2.9620e-15  2.7363e-16  3.2274e-15
1261.1597    390.77    0.9236    0.0850  2.9821e-15  2.7447e-16  3.2288e-15
1261.1897    397.89    0.9242    0.0850  2.9854e-15  2.7462e-16  3.2302e-15
1261.2196    405.01    0.9330    0.0854  3.0150e-15  2.7591e-16  3.2316e-15
1261.2495    412.13    1.0245    0.0894  3.3122e-15  2.8899e-16  3.2330e-15
1261.2794    419.25    1.0180    0.0891  3.2926e-15  2.8814e-16  3.2344e-15
1261.3093    426.37    1.0320    0.0897  3.3393e-15  2.9022e-16  3.2358e-15
1261.3392    433.49    1.0810    0.0918  3.4994e-15  2.9705e-16  3.2371e-15
1261.3691    440.60    0.9973    0.0882  3.2299e-15  2.8553e-16  3.2385e-15
1261.3990    447.72    0.9220    0.0848  2.9870e-15  2.7480e-16  3.2398e-15
1261.4289    454.84    0.9449    0.0858  3.0625e-15  2.7820e-16  3.2412e-15
1261.4588    461.96    0.9295    0.0851  3.0139e-15  2.7603e-16  3.2425e-15
1261.4888    469.08    1.0783    0.0916  3.4977e-15  2.9702e-16  3.2438e-15
1261.5187    476.20    1.0917    0.0921  3.5428e-15  2.9889e-16  3.2451e-15
1261.5486    483.32    0.8474    0.0813  2.7511e-15  2.6391e-16  3.2464e-15
1261.5785    490.44    0.9562    0.0862  3.1053e-15  2.8005e-16  3.2477e-15
1261.6084    497.56    0.8466    0.0812  2.7507e-15  2.6387e-16  3.2490e-15
1261.6383    504.68    1.0757    0.0913  3.4963e-15  2.9690e-16  3.2503e-15
1261.6682    511.80    0.8788    0.0827  2.8574e-15  2.6883e-16  3.2515e-15
1261.6981    518.92    1.0626    0.0908  3.4566e-15  2.9526e-16  3.2528e-15
1261.7280    526.03    1.1723    0.0953  3.8147e-15  3.0996e-16  3.2541e-15
1261.7579    533.15    0.9621    0.0864  3.1320e-15  2.8134e-16  3.2553e-15
1261.7879    540.27    1.1315    0.0936  3.6849e-15  3.0479e-16  3.2565e-15
1261.8178    547.39    0.9753    0.0870  3.1771e-15  2.8333e-16  3.2578e-15
1261.8477    554.51    1.0878    0.0918  3.5453e-15  2.9907e-16  3.2590e-15
1261.8776    561.63    1.0833    0.0916  3.5318e-15  2.9852e-16  3.2602e-15
1261.9075    568.75    0.9322    0.0850  3.0402e-15  2.7738e-16  3.2614e-15
1261.9374    575.87    1.0424    0.0898  3.4009e-15  2.9301e-16  3.2626e-15
1261.9673    582.99    0.9994    0.0880  3.2617e-15  2.8709e-16  3.2638e-15
1261.9972    590.11    0.9914    0.0876  3.2368e-15  2.8599e-16  3.2649e-15
1262.0271    597.23    0.9768    0.0869  3.1904e-15  2.8392e-16  3.2661e-15
1262.0570    604.35    0.8894    0.0830  2.9060e-15  2.7114e-16  3.2673e-15
1262.0870    611.47    1.1216    0.0930  3.6660e-15  3.0398e-16  3.2684e-15
1262.1169    618.58    0.8255    0.0800  2.6990e-15  2.6150e-16  3.2695e-15
1262.1468    625.70    0.9911    0.0875  3.2417e-15  2.8609e-16  3.2707e-15
1262.1767    632.82    0.9859    0.0872  3.2257e-15  2.8544e-16  3.2718e-15
1262.2066    639.94    0.8489    0.0811  2.7783e-15  2.6535e-16  3.2729e-15
1262.2365    647.06    1.0936    0.0918  3.5803e-15  3.0057e-16  3.2740e-15
1262.2664    654.18    1.1313    0.0933  3.7050e-15  3.0565e-16  3.2751e-15
1262.2963    661.30    1.0098    0.0882  3.3083e-15  2.8905e-16  3.2762e-15
1262.3262    668.42    0.9250    0.0845  3.0314e-15  2.7681e-16  3.2772e-15
1262.3561    675.54    1.0396    0.0894  3.4082e-15  2.9321e-16  3.2783e-15
1262.3861    682.66    0.9541    0.0857  3.1288e-15  2.8117e-16  3.2793e-15
1262.4160    689.78    0.9106    0.0838  2.9870e-15  2.7481e-16  3.2804e-15
1262.4459    696.90    1.0337    0.0891  3.3918e-15  2.9253e-16  3.2814e-15
1262.4758    704.02    0.9655    0.0862  3.1692e-15  2.8293e-16  3.2824e-15
1262.5057    711.13    1.0804    0.0911  3.5475e-15  2.9908e-16  3.2834e-15
1262.5356    718.25    1.0017    0.0877  3.2900e-15  2.8819e-16  3.2844e-15
1262.5655    725.37    1.1222    0.0928  3.6870e-15  3.0490e-16  3.2854e-15
1262.5954    732.49    1.0259    0.0888  3.3716e-15  2.9176e-16  3.2864e-15
1262.6253    739.61    1.0010    0.0877  3.2905e-15  2.8827e-16  3.2874e-15
1262.6552    746.73    1.0601    0.0902  3.4861e-15  2.9663e-16  3.2883e-15
1262.6852    753.85    1.0509    0.0898  3.4566e-15  2.9543e-16  3.2893e-15
1262.7151    760.97    0.9325    0.0847  3.0680e-15  2.7861e-16  3.2902e-15
1262.7450    768.09    0.8766    0.0821  2.8851e-15  2.7025e-16  3.2911e-15
1262.7749    775.21    0.9157    0.0839  3.0145e-15  2.7608e-16  3.2921e-15
1262.8048    782.33    0.9481    0.0853  3.1221e-15  2.8087e-16  3.2930e-15
1262.8347    789.45    1.1796    0.0950  3.8853e-15  3.1281e-16  3.2939e-15
1262.8646    796.57    1.1473    0.0937  3.7802e-15  3.0864e-16  3.2947e-15
1262.8945    803.68    1.0041    0.0877  3.3091e-15  2.8900e-16  3.2956e-15
1262.9244    810.80    0.8388    0.0803  2.7650e-15  2.6466e-16  3.2965e-15
1262.9543    817.92    0.9930    0.0872  3.2742e-15  2.8759e-16  3.2973e-15
1262.9843    825.04    1.0341    0.0890  3.4106e-15  2.9339e-16  3.2982e-15
1263.0142    832.16    1.1210    0.0926  3.6981e-15  3.0537e-16  3.2990e-15
1263.0441    839.28    1.1543    0.0939  3.8090e-15  3.0980e-16  3.2998e-15
1263.0740    846.40    0.8518    0.0808  2.8113e-15  2.6681e-16  3.3006e-15
1263.1039    853.52    0.9169    0.0838  3.0271e-15  2.7664e-16  3.3014e-15
1263.1338    860.64    1.0152    0.0881  3.3525e-15  2.9093e-16  3.3022e-15
1263.1637    867.76    1.0840    0.0910  3.5803e-15  3.0057e-16  3.3029e-15
1263.1936    874.88    1.0002    0.0875  3.3044e-15  2.8891e-16  3.3037e-15
1263.2235    882.00    1.0794    0.0908  3.5667e-15  3.0000e-16  3.3044e-15
1263.2534    889.12    1.0598    0.0900  3.5028e-15  2.9734e-16  3.3051e-15
1263.2834    896.23    0.8774    0.0820  2.9006e-15  2.7104e-16  3.3057e-15
1263.3133    903.35    0.9579    0.0856  3.1671e-15  2.8297e-16  3.3064e-15
1263.3432    910.47    0.9648    0.0859  3.1906e-15  2.8401e-16  3.3070e-15
1263.3731    917.59    0.9531    0.0854  3.1526e-15  2.8237e-16  3.3077e-15
1263.4030    924.71    1.0283    0.0886  3.4018e-15  2.9312e-16  3.3083e-15
1263.4329    931.83    0.9031    0.0831  2.9881e-15  2.7507e-16  3.3089e-15
1263.4628    938.95    0.9629    0.0858  3.1868e-15  2.8391e-16  3.3094e-15
1263.4927    946.07    1.0723    0.0904  3.5493e-15  2.9938e-16  3.3100e-15
1263.5226    953.19    1.0805    0.0908  3.5769e-15  3.0053e-16  3.3105e-15
1263.5525    960.31    0.9064    0.0833  3.0010e-15  2.7569e-16  3.3111e-15
1263.5825    967.43    1.1679    0.0943  3.8674e-15  3.1237e-16  3.3116e-15
1263.6124    974.55    1.1025    0.0917  3.6515e-15  3.0362e-16  3.3120e-15
1263.6423    981.67    1.0450    0.0893  3.4615e-15  2.9574e-16  3.3125e-15
1263.6722    988.78    1.1467    0.0935  3.7992e-15  3.0964e-16  3.3130e-15
1263.7021    995.90    1.0700    0.0903  3.5452e-15  2.9921e-16  3.3134e-15
1263.7320   1003.02    1.0891    0.0911  3.6090e-15  3.0190e-16  3.3138e-15
1263.7619   1010.14    1.0898    0.0911  3.6117e-15  3.0201e-16  3.3142e-15
1263.7918   1017.26    1.0480    0.0894  3.4739e-15  2.9627e-16  3.3146e-15
1263.8217   1024.38    0.9227    0.0840  3.0586e-15  2.7832e-16  3.3150e-15
1263.8516   1031.50    0.9816    0.0865  3.2544e-15  2.8689e-16  3.3154e-15
1263.8816   1038.62    1.1728    0.0944  3.8885e-15  3.1315e-16  3.3157e-15
1263.9115   1045.74    1.0351    0.0888  3.4326e-15  2.9446e-16  3.3160e-15
1263.9414   1052.86    0.9537    0.0853  3.1627e-15  2.8287e-16  3.3163e-15
1263.9713   1059.98    0.9694    0.0860  3.2151e-15  2.8521e-16  3.3166e-15
1264.0012   1067.10    0.9478    0.0851  3.1437e-15  2.8211e-16  3.3169e-15
1264.0311   1074.22    0.9907    0.0869  3.2864e-15  2.8828e-16  3.3172e-15
1264.0610   1081.33    1.0412    0.0891  3.4541e-15  2.9545e-16  3.3174e-15
1264.0909   1088.45    1.1089    0.0919  3.6791e-15  3.0478e-16  3.3177e-15
1264.1208   1095.57    0.9701    0.0860  3.2186e-15  2.8546e-16  3.3179e-15
1264.1507   1102.69    1.0489    0.0894  3.4804e-15  2.9663e-16  3.3181e-15
1264.1807   1109.81    1.0956    0.0913  3.6354e-15  3.0306e-16  3.3183e-15
1264.2106   1116.93    0.8087    0.0787  2.6835e-15  2.6108e-16  3.3185e-15
1264.2405   1124.05    0.9780    0.0864  3.2456e-15  2.8658e-16  3.3186e-15
1264.2704   1131.17    0.9701    0.0860  3.2196e-15  2.8555e-16  3.3188e-15
1264.3003   1138.29    1.0145    0.1084  3.3672e-15  3.5967e-16  3.3189e-15
1264.3302   1145.41    0.9868    0.1141  3.2751e-15  3.7863e-16  3.3190e-15
1264.3601   1152.53    0.8009    0.1058  2.6584e-15  3.5117e-16  3.3191e-15
1264.3900   1159.65    0.8990    0.1112  2.9839e-15  3.6920e-16  3.3192e-15
1264.4199   1166.77    0.9409    0.1114  3.1232e-15  3.6982e-16  3.3193e-15
1264.4498   1173.88    1.0922    0.1202  3.6255e-15  3.9903e-16  3.3193e-15
1264.4798   1181.00    1.0396    0.1167  3.4508e-15  3.8725e-16  3.3194e-15
1264.5097   1188.12    1.0767    0.1208  3.5742e-15  4.0098e-16  3.3194e-15
1264.5396   1195.24    1.0196    0.1169  3.3843e-15  3.8818e-16  3.3194e-15
1264.5695   1202.36    1.0432    0.1179  3.4629e-15  3.9145e-16  3.3195e-15
1264.5994   1209.48    1.0092    0.1178  3.3500e-15  3.9087e-16  3.3194e-15
1264.6293   1216.60    1.0920    0.1210  3.6248e-15  4.0154e-16  3.3194e-15
1264.6592   1223.72    1.2094    0.1268  4.0146e-15  4.2093e-16  3.3194e-15
1264.6891   1230.84    1.0104    0.1164  3.3539e-15  3.8647e-16  3.3193e-15
1264.7190   1237.96    0.9282    0.1161  3.0810e-15  3.8521e-16  3.3193e-15
1264.7489   1245.08    1.0954    0.1200  3.6358e-15  3.9819e-16  3.3192e-15
1264.7789   1252.20    1.0768    0.1124  3.5740e-15  3.7321e-16  3.3191e-15
1264.8088   1259.32    0.9923    0.0875  3.2935e-15  2.9041e-16  3.3190e-15
1264.8387   1266.43    0.9009    0.0829  2.9900e-15  2.7518e-16  3.3189e-15
1264.8686   1273.55    1.0291    0.0885  3.4154e-15  2.9375e-16  3.3188e-15
1264.8985   1280.67    1.0235    0.0883  3.3968e-15  2.9294e-16  3.3187e-15
1264.9284   1287.79    0.8844    0.0821  2.9349e-15  2.7258e-16  3.3185e-15
1264.9583   1294.91    1.0984    0.0914  3.6448e-15  3.0316e-16  3.3184e-15
1264.9882   1302.03    1.0417    0.0890  3.4565e-15  2.9536e-16  3.3182e-15
1265.0181   1309.15    0.9018    0.0829  2.9922e-15  2.7511e-16  3.3180e-15
1265.0480   1316.27    1.0701    0.0902  3.5503e-15  2.9930e-16  3.3178e-15
1265.0780   1323.39    1.0707    0.0902  3.5522e-15  2.9939e-16  3.3176e-15
1265.1079   1330.51    0.8874    0.0823  2.9438e-15  2.7294e-16  3.3174e-15
1265.1378   1337.63    0.9125    0.0834  3.0269e-15  2.7673e-16  3.3171e-15
1265.1677   1344.75    0.8986    0.0828  2.9807e-15  2.7460e-16  3.3169e-15
1265.1976   1351.87    0.9764    0.0862  3.2384e-15  2.8603e-16  3.3166e-15
1265.2275   1358.98    0.9589    0.0855  3.1800e-15  2.8354e-16  3.3164e-15
1265.2574   1366.10    0.9833    0.0866  3.2608e-15  2.8702e-16  3.3161e-15
1265.2873   1373.22    0.9530    0.0853  3.1599e-15  2.8270e-16  3.3158e-15
1265.3172   1380.34    1.0589    0.0898  3.5107e-15  2.9773e-16  3.3155e-15
1265.3471   1387.46    0.9185    0.0837  3.0451e-15  2.7761e-16  3.3152e-15
1265.3771   1394.58    0.8110    0.0788  2.6884e-15  2.6121e-16  3.3149e-15
1265.4070   1401.70    0.9340    0.0845  3.0958e-15  2.7995e-16  3.3146e-15
1265.4369   1408.82    0.9061    0.0832  3.0031e-15  2.7577e-16  3.3142e-15
1265.4668   1415.94    1.0701    0.0903  3.5462e-15  2.9920e-16  3.3139e-15
1265.4967   1423.06    0.9384    0.0846  3.1095e-15  2.8049e-16  3.3135e-15
1265.5266   1430.18    0.9615    0.0857  3.1857e-15  2.8388e-16  3.3131e-15
1265.5565   1437.30    0.9711    0.0861  3.2171e-15  2.8522e-16  3.3127e-15
1265.5864   1444.42    1.0106    0.0878  3.3476e-15  2.9087e-16  3.3124e-15
1265.6163   1451.53    1.0082    0.0877  3.3390e-15  2.9046e-16  3.3120e-15
1265.6462   1458.65    1.0789    0.0907  3.5728e-15  3.0033e-16  3.3115e-15
1265.6762   1465.77    1.1066    0.0918  3.6639e-15  3.0411e-16  3.3111e-15
1265.7061   1472.89    0.9320    0.0844  3.0856e-15  2.7947e-16  3.3107e-15
1265.7360   1480.01    0.9111    0.0835  3.0161e-15  2.7641e-16  3.3102e-15
1265.7659   1487.13    0.9266    0.0842  3.0668e-15  2.7865e-16  3.3098e-15
1265.7958   1494.25    0.9709    0.0861  3.2131e-15  2.8509e-16  3.3093e-15
1265.8257   1501.37    1.0268    0.0885  3.3976e-15  2.9299e-16  3.3089e-15
1265.8556   1508.49    0.8891    0.0825  2.9414e-15  2.7302e-16  3.3084e-15
1265.8855   1515.61    0.7664    0.0767  2.5351e-15  2.5385e-16  3.3079e-15
1265.9154   1522.73    0.9399    0.0848  3.1086e-15  2.8057e-16  3.3074e-15
1265.9453   1529.85    0.9853    0.0868  3.2583e-15  2.8717e-16  3.3069e-15
1265.9753   1536.96    0.9318    0.0845  3.0810e-15  2.7933e-16  3.3064e-15
1266.0052   1544.08    1.0412    0.0892  3.4420e-15  2.9493e-16  3.3058e-15
1266.0351   1551.20    1.0473    0.0895  3.4616e-15  2.9571e-16  3.3053e-15
1266.0650   1558.32    0.9969    0.0873  3.2946e-15  2.8856e-16  3.3048e-15
1266.0949   1565.44    1.0617    0.0901  3.5082e-15  2.9762e-16  3.3042e-15
1266.1248   1572.56    1.0838    0.0910  3.5805e-15  3.0065e-16  3.3037e-15
1266.1547   1579.68    1.0681    0.0904  3.5281e-15  2.9850e-16  3.3031e-15
1266.1846   1586.80    1.0173    0.0882  3.3596e-15  2.9140e-16  3.3025e-15
1266.2145   1593.92    1.0162    0.0882  3.3555e-15  2.9118e-16  3.3019e-15
1266.2444   1601.04    1.0531    0.0898  3.4767e-15  2.9632e-16  3.3014e-15
1266.2744   1608.16    1.0791    0.0908  3.5618e-15  2.9985e-16  3.3008e-15
1266.3043   1615.28    0.9267    0.0843  3.0582e-15  2.7815e-16  3.3002e-15
1266.3342   1622.40    1.0445    0.0894  3.4465e-15  2.9499e-16  3.2995e-15
1266.3641   1629.51    1.0109    0.0880  3.3347e-15  2.9023e-16  3.2989e-15
1266.3940   1636.63    0.9396    0.0849  3.0991e-15  2.7997e-16  3.2983e-15
1266.4239   1643.75    1.0255    0.0886  3.3816e-15  2.9215e-16  3.2977e-15
1266.4538   1650.87    1.0629    0.0902  3.5043e-15  2.9739e-16  3.2970e-15
1266.4837   1657.99    0.9940    0.0873  3.2765e-15  2.8775e-16  3.2964e-15
1266.5136   1665.11    1.1415    0.0935  3.7620e-15  3.0800e-16  3.2957e-15
1266.5435   1672.23    0.9492    0.0853  3.1276e-15  2.8121e-16  3.2950e-15
1266.5735   1679.35    1.0957    0.0916  3.6097e-15  3.0173e-16  3.2944e-15
1266.6034   1686.47    1.0645    0.0903  3.5061e-15  2.9738e-16  3.2937e-15
1266.6333   1693.59    0.9611    0.0859  3.1649e-15  2.8278e-16  3.2930e-15
1266.6632   1700.71    0.9224    0.0842  3.0368e-15  2.7712e-16  3.2923e-15
1266.6931   1707.83    0.9832    0.0869  3.2365e-15  2.8591e-16  3.2916e-15
1266.7230   1714.95    0.9942    0.0873  3.2718e-15  2.8744e-16  3.2909e-15
1266.7529   1722.06    0.9856    0.0870  3.2427e-15  2.8609e-16  3.2902e-15
1266.7828   1729.18    0.9351    0.0847  3.0759e-15  2.7876e-16  3.2895e-15
1266.8127   1736.30    0.9798    0.0867  3.2225e-15  2.8523e-16  3.2888e-15
1266.8426   1743.42    1.0153    0.0883  3.3382e-15  2.9023e-16  3.2881e-15
1266.8726   1750.54    1.1378    0.0934  3.7402e-15  3.0698e-16  3.2873e-15
1266.9025   1757.66    1.0296    0.0889  3.3840e-15  2.9222e-16  3.2866e-15
1266.9324   1764.78    1.0526    0.0899  3.4586e-15  2.9536e-16  3.2858e-15
1266.9623   1771.90    1.0209    0.0886  3.3539e-15  2.9095e-16  3.2851e-15
1266.9922   1779.02    1.1024    0.0920  3.6206e-15  3.0211e-16  3.2843e-15
1267.0221   1786.14    1.0351    0.0892  3.3987e-15  2.9284e-16  3.2836e-15
1267.0520   1793.26    0.9499    0.0855  3.1184e-15  2.8075e-16  3.2828e-15
1267.0819   1800.38    0.9785    0.0868  3.2116e-15  2.8486e-16  3.2820e-15
1267.1118   1807.50    1.1133    0.0925  3.6531e-15  3.0353e-16  3.2813e-15
1267.1417   1814.61    0.8907    0.0829  2.9219e-15  2.7191e-16  3.2805e-15
1267.1717   1821.73    0.8776    0.0823  2.8782e-15  2.6986e-16  3.2797e-15
1267.2016   1828.85    1.1308    0.0933  3.7078e-15  3.0578e-16  3.2789e-15
1267.2315   1835.97    1.0686    0.0907  3.5031e-15  2.9735e-16  3.2781e-15
1267.2614   1843.09    1.0264    0.0889  3.3639e-15  2.9146e-16  3.2773e-15
1267.2913   1850.21    0.9043    0.0836  2.9629e-15  2.7381e-16  3.2765e-15
1267.3212   1857.33    0.9524    0.0857  3.1198e-15  2.8079e-16  3.2757e-15
1267.3511   1864.45    0.9637    0.0862  3.1560e-15  2.8243e-16  3.2749e-15
1267.3810   1871.57    0.8364    0.0805  2.7385e-15  2.6344e-16  3.2741e-15
1267.4109   1878.69    0.9736    0.0867  3.1870e-15  2.8384e-16  3.2733e-15
1267.4408   1885.81    0.8437    0.0808  2.7611e-15  2.6456e-16  3.2724e-15
1267.4708   1892.93    0.9945    0.0877  3.2537e-15  2.8679e-16  3.2716e-15
1267.5007   1900.05    1.0755    0.0911  3.5179e-15  2.9803e-16  3.2708e-15
1267.5306   1907.16    1.0661    0.0907  3.4861e-15  2.9674e-16  3.2699e-15
1267.5605   1914.28    0.9673    0.0865  3.1622e-15  2.8277e-16  3.2691e-15
1267.5904   1921.40    1.0780    0.0912  3.5233e-15  2.9818e-16  3.2683e-15
1267.6203   1928.52    1.0134    0.0885  3.3112e-15  2.8931e-16  3.2674e-15
1267.6502   1935.64    0.9284    0.0848  3.0327e-15  2.7706e-16  3.2666e-15
1267.6801   1942.76    0.8642    0.0819  2.8221e-15  2.6745e-16  3.2657e-15
1267.7100   1949.88    0.9855    0.0874  3.2177e-15  2.8521e-16  3.2649e-15
1267.7399   1957.00    1.0006    0.0880  3.2661e-15  2.8736e-16  3.2640e-15
1267.7699   1964.12    0.8622    0.0819  2.8133e-15  2.6712e-16  3.2631e-15
1267.7998   1971.24    1.0687    0.0910  3.4864e-15  2.9683e-16  3.2623e-15
1267.8297   1978.36    0.9082    0.0840  2.9620e-15  2.7395e-16  3.2614e-15
1267.8596   1985.48    0.7906    0.0785  2.5777e-15  2.5588e-16  3.2605e-15
1267.8895   1992.60    0.9507    0.0859  3.0989e-15  2.8014e-16  3.2597e-15
1267.9194   1999.71    1.0169    0.0888  3.3139e-15  2.8950e-16  3.2588e-15
1267.9493   2006.83    1.1217    0.0932  3.6545e-15  3.0373e-16  3.2579e-15
1267.9792   2013.95    1.0114    0.0886  3.2941e-15  2.8866e-16  3.2570e-15
1268.0091   2021.07    1.2323    0.0977  4.0126e-15  3.1810e-16  3.2562e-15
1268.0390   2028.19    0.9672    0.0867  3.1485e-15  2.8230e-16  3.2553e-15
1268.0690   2035.31    0.9217    0.0847  2.9995e-15  2.7562e-16  3.2544e-15
1268.0989   2042.43    0.9940    0.0879  3.2339e-15  2.8602e-16  3.2535e-15
1268.1288   2049.55    0.9281    0.0850  3.0187e-15  2.7657e-16  3.2526e-15
1268.1587   2056.67    0.8953    0.0835  2.9112e-15  2.7164e-16  3.2517e-15
1268.1886   2063.79    0.6715    0.0726  2.1830e-15  2.3595e-16  3.2509e-15
1268.2185   2070.91    0.7405    0.0762  2.4067e-15  2.4752e-16  3.2500e-15
1268.2484   2078.03    0.9121    0.0844  2.9634e-15  2.7413e-16  3.2491e-15
1268.2783   2085.15    0.8659    0.0823  2.8125e-15  2.6723e-16  3.2482e-15
1268.3082   2092.26    0.8104    0.0797  2.6316e-15  2.5870e-16  3.2473e-15
1268.3381   2099.38    0.7527    0.0769  2.4434e-15  2.4951e-16  3.2464e-15
1268.3681   2106.50    0.9955    0.0882  3.2310e-15  2.8610e-16  3.2455e-15
1268.3980   2113.62    0.8202    0.0802  2.6614e-15  2.6010e-16  3.2446e-15
1268.4279   2120.74    0.9487    0.0861  3.0774e-15  2.7922e-16  3.2437e-15
1268.4578   2127.86    0.9824    0.0876  3.1858e-15  2.8394e-16  3.2428e-15
1268.4877   2134.98    0.8799    0.0829  2.8525e-15  2.6886e-16  3.2419e-15
1268.5176   2142.10    0.8631    0.0822  2.7974e-15  2.6637e-16  3.2410e-15
1268.5475   2149.22    0.8609    0.0821  2.7893e-15  2.6605e-16  3.2401e-15
1268.5774   2156.34    0.9424    0.0859  3.0527e-15  2.7809e-16  3.2392e-15
1268.6073   2163.46    0.9789    0.0875  3.1700e-15  2.8322e-16  3.2383e-15
1268.6372   2170.58    0.9150    0.0846  2.9622e-15  2.7385e-16  3.2374e-15
1268.6672   2177.70    0.9716    0.0872  3.1447e-15  2.8209e-16  3.2365e-15
1268.6971   2184.81    0.9369    0.0856  3.0314e-15  2.7698e-16  3.2356e-15
1268.7270   2191.93    0.8160    0.0800  2.6394e-15  2.5879e-16  3.2347e-15
1268.7569   2199.05    1.1022    0.0928  3.5642e-15  2.9997e-16  3.2338e-15
1268.7868   2206.17    0.8307    0.0807  2.6855e-15  2.6097e-16  3.2329e-15
1268.8167   2213.29    1.0194    0.0893  3.2948e-15  2.8863e-16  3.2320e-15
1268.8466   2220.41    0.8203    0.0874  2.6505e-15  2.8244e-16  3.2311e-15
1268.8765   2227.53    1.0005    0.1123  3.2317e-15  3.6265e-16  3.2303e-15
1268.9064   2234.65    0.9179    0.1153  2.9643e-15  3.7222e-16  3.2294e-15
1268.9363   2241.77    1.0412    0.1219  3.3616e-15  3.9359e-16  3.2285e-15
1268.9663   2248.89    0.9844    0.1176  3.1773e-15  3.7957e-16  3.2276e-15
1268.9962   2256.01    1.0668    0.1249  3.4421e-15  4.0314e-16  3.2267e-15
1269.0261   2263.13    1.0011    0.1207  3.2295e-15  3.8939e-16  3.2258e-15
1269.0560   2270.25    0.9039    0.1178  2.9150e-15  3.7981e-16  3.2249e-15
1269.0859   2277.36    1.0581    0.1229  3.4113e-15  3.9622e-16  3.2240e-15
1269.1158   2284.48    1.0024    0.1178  3.2309e-15  3.7972e-16  3.2232e-15
1269.1457   2291.60    1.0601    0.1225  3.4158e-15  3.9469e-16  3.2223e-15
1269.1756   2298.72    1.0432    0.1207  3.3606e-15  3.8879e-16  3.2214e-15
1269.2055   2305.84    0.9308    0.1121  2.9976e-15  3.6106e-16  3.2205e-15
1269.2354   2312.96    0.9785    0.1186  3.1506e-15  3.8172e-16  3.2196e-15
1269.2654   2320.08    0.9883    0.1192  3.1812e-15  3.8365e-16  3.2188e-15
1269.2953   2327.20    1.0470    0.1186  3.3690e-15  3.8168e-16  3.2179e-15
1269.3252   2334.32    1.1224    0.1232  3.6109e-15  3.9639e-16  3.2170e-15
1269.3551   2341.44    0.8488    0.0980  2.7300e-15  3.1519e-16  3.2162e-15
1269.3850   2348.56    0.9728    0.0910  3.1279e-15  2.9267e-16  3.2153e-15
1269.4149   2355.68    0.9382    0.0860  3.0159e-15  2.7630e-16  3.2144e-15
1269.4448   2362.80    1.0578    0.0912  3.3993e-15  2.9309e-16  3.2136e-15
1269.4747   2369.91    1.1096    0.0934  3.5648e-15  3.0006e-16  3.2127e-15
1269.5046   2377.03    0.9598    0.0870  3.0826e-15  2.7938e-16  3.2119e-15
1269.5345   2384.15    0.9526    0.0867  3.0587e-15  2.7831e-16  3.2110e-15
1269.5645   2391.27    0.8416    0.0816  2.7016e-15  2.6191e-16  3.2102e-15
1269.5944   2398.39    0.9290    0.0857  2.9816e-15  2.7493e-16  3.2093e-15
1269.6243   2405.51    0.9225    0.0854  2.9598e-15  2.7401e-16  3.2085e-15
1269.6542   2412.63    0.9524    0.0867  3.0551e-15  2.7824e-16  3.2077e-15
1269.6841   2419.75    1.0086    0.0892  3.2345e-15  2.8616e-16  3.2068e-15
1269.7140   2426.87    0.9032    0.0846  2.8956e-15  2.7111e-16  3.2060e-15
1269.7439   2433.99    0.9069    0.0847  2.9069e-15  2.7159e-16  3.2052e-15
1269.7738   2441.11    0.9682    0.0875  3.1024e-15  2.8035e-16  3.2044e-15
1269.8037   2448.23    0.9784    0.0879  3.1343e-15  2.8170e-16  3.2035e-15
1269.8336   2455.35    0.9886    0.0884  3.1663e-15  2.8309e-16  3.2027e-15
1269.8636   2462.46    0.9018    0.0845  2.8874e-15  2.7048e-16  3.2019e-15
1269.8935   2469.58    0.9641    0.0873  3.0863e-15  2.7941e-16  3.2011e-15
1269.9234   2476.70    1.0123    0.0894  3.2396e-15  2.8616e-16  3.2003e-15
1269.9533   2483.82    1.0470    0.0909  3.3500e-15  2.9091e-16  3.1995e-15
1269.9832   2490.94    1.0827    0.0924  3.4632e-15  2.9570e-16  3.1987e-15
1270.0131   2498.06    1.0238    0.0899  3.2741e-15  2.8763e-16  3.1980e-15
1270.0430   2505.18    1.0598    0.0915  3.3883e-15  2.9254e-16  3.1972e-15
1270.0729   2512.30    1.1268    0.0943  3.6018e-15  3.0139e-16  3.1964e-15
1270.1028   2519.42    0.9112    0.0849  2.9118e-15  2.7141e-16  3.1956e-15
1270.1327   2526.54    1.0763    0.0922  3.4388e-15  2.9456e-16  3.1949e-15
