# Wave  Vhel  NormFlux  NormErr      Flux        Error       Continuum
1393.4816  -1985.69    0.5924    0.1256  1.4992e-15  3.1797e-16  2.5308e-15
1393.5115  -1979.29    0.5130    0.1172  1.2991e-15  2.9678e-16  2.5322e-15
1393.5414  -1972.90    0.6001    0.1246  1.5204e-15  3.1576e-16  2.5336e-15
1393.5713  -1966.51    0.4944    0.1093  1.2534e-15  2.7709e-16  2.5349e-15
1393.6012  -1960.12    0.7177    0.1359  1.8203e-15  3.4473e-16  2.5363e-15
1393.6311  -1953.73    0.8482    0.1464  2.1525e-15  3.7164e-16  2.5377e-15
1393.6610  -1947.33    0.8339    0.1456  2.1172e-15  3.6958e-16  2.5391e-15
1393.6910  -1940.94    0.9338    0.1568  2.3722e-15  3.9846e-16  2.5404e-15
1393.7209  -1934.55    0.7768    0.1460  1.9745e-15  3.7114e-16  2.5418e-15
1393.7508  -1928.16    0.9780    0.1309  2.4872e-15  3.3298e-16  2.5432e-15
1393.7807  -1921.76    0.8853    0.1164  2.2527e-15  2.9611e-16  2.5446e-15
1393.8106  -1915.37    0.9069    0.1177  2.3091e-15  2.9965e-16  2.5460e-15
1393.8405  -1908.98    1.0187    0.1245  2.5950e-15  3.1716e-16  2.5475e-15
1393.8704  -1902.59    0.9858    0.1225  2.5126e-15  3.1214e-16  2.5489e-15
1393.9003  -1896.20    1.0311    0.1251  2.6297e-15  3.1912e-16  2.5503e-15
1393.9302  -1889.80    1.1152    0.1300  2.8457e-15  3.3170e-16  2.5517e-15
1393.9601  -1883.41    1.0257    0.1248  2.6188e-15  3.1853e-16  2.5531e-15
1393.9901  -1877.02    0.9183    0.1182  2.3458e-15  3.0187e-16  2.5546e-15
1394.0200  -1870.63    0.8216    0.1120  2.1000e-15  2.8622e-16  2.5560e-15
1394.0499  -1864.24    1.0861    0.1282  2.7776e-15  3.2788e-16  2.5575e-15
1394.0798  -1857.84    1.0700    0.1273  2.7380e-15  3.2571e-16  2.5589e-15
1394.1097  -1851.45    0.9534    0.1203  2.4409e-15  3.0801e-16  2.5603e-15
1394.1396  -1845.06    1.0793    0.1278  2.7649e-15  3.2736e-16  2.5618e-15
1394.1695  -1838.67    1.0655    0.1269  2.7311e-15  3.2537e-16  2.5633e-15
1394.1994  -1832.27    0.9613    0.1207  2.4654e-15  3.0960e-16  2.5647e-15
1394.2293  -1825.88    0.8502    0.1136  2.1818e-15  2.9160e-16  2.5662e-15
1394.2592  -1819.49    1.0012    0.1230  2.5706e-15  3.1577e-16  2.5676e-15
1394.2892  -1813.10    0.9227    0.1181  2.3705e-15  3.0350e-16  2.5691e-15
1394.3191  -1806.71    1.0111    0.1235  2.5992e-15  3.1748e-16  2.5706e-15
1394.3490  -1800.31    0.9552    0.1201  2.4569e-15  3.0890e-16  2.5721e-15
1394.3789  -1793.92    1.0406    0.1251  2.6780e-15  3.2203e-16  2.5735e-15
1394.4088  -1787.53    1.1119    0.1292  2.8631e-15  3.3281e-16  2.5750e-15
1394.4387  -1781.14    1.1208    0.1297  2.8877e-15  3.3411e-16  2.5765e-15
1394.4686  -1774.74    0.8580    0.1138  2.2119e-15  2.9345e-16  2.5780e-15
1394.4985  -1768.35    0.9660    0.1206  2.4918e-15  3.1104e-16  2.5795e-15
1394.5284  -1761.96    1.0310    0.1244  2.6611e-15  3.2113e-16  2.5810e-15
1394.5583  -1755.57    1.1824    0.1330  3.0534e-15  3.4351e-16  2.5825e-15
1394.5883  -1749.18    0.9447    0.1191  2.4412e-15  3.0783e-16  2.5840e-15
1394.6182  -1742.78    1.0201    0.1236  2.6375e-15  3.1962e-16  2.5855e-15
1394.6481  -1736.39    0.8844    0.1153  2.2879e-15  2.9831e-16  2.5870e-15
1394.6780  -1730.00    0.6832    0.1018  1.7684e-15  2.6344e-16  2.5885e-15
1394.7079  -1723.61    0.9520    0.1195  2.4656e-15  3.0944e-16  2.5900e-15
1394.7378  -1717.21    1.0354    0.1337  2.6833e-15  3.4658e-16  2.5915e-15
1394.7677  -1710.82    1.0126    0.1710  2.6258e-15  4.4337e-16  2.5931e-15
1394.7976  -1704.43    1.0009    0.1662  2.5968e-15  4.3129e-16  2.5946e-15
1394.8275  -1698.04    1.1458    0.1778  2.9746e-15  4.6147e-16  2.5961e-15
1394.8574  -1691.65    1.2137    0.1803  3.1527e-15  4.6826e-16  2.5976e-15
1394.8874  -1685.25    0.8437    0.1581  2.1928e-15  4.1106e-16  2.5992e-15
1394.9173  -1678.86    0.9556    0.1634  2.4853e-15  4.2508e-16  2.6007e-15
1394.9472  -1672.47    0.9627    0.1616  2.5052e-15  4.2063e-16  2.6022e-15
1394.9771  -1666.08    0.9661    0.1628  2.5154e-15  4.2385e-16  2.6038e-15
1395.0070  -1659.68    0.9094    0.1595  2.3691e-15  4.1549e-16  2.6053e-15
1395.0369  -1653.29    0.9514    0.1564  2.4802e-15  4.0778e-16  2.6068e-15
1395.0668  -1646.90    1.1019    0.1750  2.8742e-15  4.5660e-16  2.6084e-15
1395.0967  -1640.51    0.7507    0.1460  1.9593e-15  3.8096e-16  2.6099e-15
1395.1266  -1634.12    1.1014    0.1742  2.8763e-15  4.5489e-16  2.6115e-15
1395.1565  -1627.72    0.9578    0.1611  2.5028e-15  4.2083e-16  2.6130e-15
1395.1865  -1621.33    0.8845    0.1590  2.3125e-15  4.1564e-16  2.6146e-15
1395.2164  -1614.94    0.8045    0.1392  2.1046e-15  3.6403e-16  2.6161e-15
1395.2463  -1608.55    0.8112    0.1411  2.1234e-15  3.6934e-16  2.6177e-15
1395.2762  -1602.16    0.8953    0.1420  2.3449e-15  3.7193e-16  2.6192e-15
1395.3061  -1595.76    0.9246    0.1419  2.4231e-15  3.7194e-16  2.6208e-15
1395.3360  -1589.37    1.0186    0.1173  2.6712e-15  3.0769e-16  2.6223e-15
1395.3659  -1582.98    0.9562    0.1115  2.5090e-15  2.9248e-16  2.6239e-15
1395.3958  -1576.59    0.9583    0.1116  2.5160e-15  2.9293e-16  2.6255e-15
1395.4257  -1570.19    0.9450    0.1093  2.4825e-15  2.8723e-16  2.6270e-15
1395.4556  -1563.80    1.0511    0.1157  2.7629e-15  3.0416e-16  2.6286e-15
1395.4856  -1557.41    1.0931    0.1186  2.8749e-15  3.1184e-16  2.6301e-15
1395.5155  -1551.02    1.1514    0.1208  3.0302e-15  3.1797e-16  2.6317e-15
1395.5454  -1544.63    1.0153    0.1143  2.6735e-15  3.0090e-16  2.6333e-15
1395.5753  -1538.23    0.9942    0.1113  2.6196e-15  2.9334e-16  2.6348e-15
1395.6052  -1531.84    0.8561    0.1033  2.2569e-15  2.7227e-16  2.6364e-15
1395.6351  -1525.45    0.9381    0.1103  2.4748e-15  2.9107e-16  2.6380e-15
1395.6650  -1519.06    0.8814    0.1080  2.3266e-15  2.8496e-16  2.6395e-15
1395.6949  -1512.66    0.8929    0.1088  2.3581e-15  2.8734e-16  2.6411e-15
1395.7248  -1506.27    0.9924    0.1138  2.6226e-15  3.0071e-16  2.6427e-15
1395.7547  -1499.88    0.8839    0.1070  2.3373e-15  2.8306e-16  2.6443e-15
1395.7847  -1493.49    0.9689    0.1115  2.5636e-15  2.9492e-16  2.6458e-15
1395.8146  -1487.10    0.9738    0.1108  2.5782e-15  2.9343e-16  2.6474e-15
1395.8445  -1480.70    0.8787    0.1059  2.3276e-15  2.8054e-16  2.6490e-15
1395.8744  -1474.31    0.9550    0.1098  2.5313e-15  2.9112e-16  2.6506e-15
1395.9043  -1467.92    1.0717    0.1156  2.8422e-15  3.0664e-16  2.6521e-15
1395.9342  -1461.53    0.9008    0.1073  2.3904e-15  2.8482e-16  2.6537e-15
1395.9641  -1455.13    0.9768    0.1112  2.5937e-15  2.9538e-16  2.6553e-15
1395.9940  -1448.74    0.9216    0.1068  2.4486e-15  2.8365e-16  2.6569e-15
1396.0239  -1442.35    0.9712    0.1113  2.5819e-15  2.9597e-16  2.6584e-15
1396.0538  -1435.96    0.9605    0.1108  2.5550e-15  2.9462e-16  2.6600e-15
1396.0838  -1429.57    0.8507    0.1146  2.2641e-15  3.0504e-16  2.6616e-15
1396.1137  -1423.17    0.9672    0.1213  2.5758e-15  3.2304e-16  2.6632e-15
1396.1436  -1416.78    1.1697    0.1307  3.1170e-15  3.4833e-16  2.6647e-15
1396.1735  -1410.39    0.9106    0.1122  2.4279e-15  2.9915e-16  2.6663e-15
1396.2034  -1404.00    1.0169    0.1178  2.7130e-15  3.1417e-16  2.6679e-15
1396.2333  -1397.61    1.0444    0.1128  2.7881e-15  3.0099e-16  2.6695e-15
1396.2632  -1391.21    0.7865    0.0983  2.1007e-15  2.6255e-16  2.6710e-15
1396.2931  -1384.82    0.8306    0.1018  2.2198e-15  2.7203e-16  2.6726e-15
1396.3230  -1378.43    0.9588    0.1076  2.5640e-15  2.8776e-16  2.6742e-15
1396.3529  -1372.04    0.8946    0.1042  2.3938e-15  2.7870e-16  2.6758e-15
1396.3829  -1365.64    1.0088    0.1123  2.7010e-15  3.0059e-16  2.6773e-15
1396.4128  -1359.25    0.9207    0.1077  2.4664e-15  2.8845e-16  2.6789e-15
1396.4427  -1352.86    0.8618    0.1031  2.3100e-15  2.7630e-16  2.6805e-15
1396.4726  -1346.47    0.8998    0.1069  2.4132e-15  2.8663e-16  2.6820e-15
1396.5025  -1340.08    0.9598    0.1100  2.5756e-15  2.9519e-16  2.6836e-15
1396.5324  -1333.68    0.9698    0.1105  2.6041e-15  2.9663e-16  2.6852e-15
1396.5623  -1327.29    0.7582    0.0974  2.0372e-15  2.6181e-16  2.6867e-15
1396.5922  -1320.90    0.9133    0.1038  2.4553e-15  2.7909e-16  2.6883e-15
1396.6221  -1314.51    0.8437    0.1007  2.2695e-15  2.7100e-16  2.6899e-15
1396.6520  -1308.11    1.0995    0.1176  2.9591e-15  3.1657e-16  2.6914e-15
1396.6820  -1301.72    0.9484    0.1103  2.5541e-15  2.9691e-16  2.6930e-15
1396.7119  -1295.33    0.9497    0.1067  2.5590e-15  2.8757e-16  2.6946e-15
1396.7418  -1288.94    0.9104    0.1043  2.4546e-15  2.8126e-16  2.6961e-15
1396.7717  -1282.55    0.9858    0.1120  2.6594e-15  3.0204e-16  2.6977e-15
1396.8016  -1276.15    0.8321    0.1022  2.2460e-15  2.7589e-16  2.6993e-15
1396.8315  -1269.76    0.9678    0.1093  2.6139e-15  2.9522e-16  2.7008e-15
1396.8614  -1263.37    0.9327    0.1078  2.5204e-15  2.9132e-16  2.7024e-15
1396.8913  -1256.98    1.0246    0.1135  2.7705e-15  3.0681e-16  2.7039e-15
1396.9212  -1250.58    1.1120    0.1170  3.0086e-15  3.1653e-16  2.7055e-15
1396.9511  -1244.19    1.1532    0.1192  3.1216e-15  3.2274e-16  2.7070e-15
1396.9811  -1237.80    0.9560    0.1089  2.5893e-15  2.9495e-16  2.7086e-15
1397.0110  -1231.41    1.0548    0.1138  2.8586e-15  3.0830e-16  2.7101e-15
1397.0409  -1225.02    0.9084    0.1081  2.4632e-15  2.9310e-16  2.7117e-15
1397.0708  -1218.62    1.0736    0.1159  2.9129e-15  3.1451e-16  2.7132e-15
1397.1007  -1212.23    0.7532    0.0961  2.0447e-15  2.6098e-16  2.7148e-15
1397.1306  -1205.84    1.0075    0.1102  2.7366e-15  2.9929e-16  2.7163e-15
1397.1605  -1199.45    0.9701    0.1083  2.6365e-15  2.9426e-16  2.7178e-15
1397.1904  -1193.05    0.9046    0.1051  2.4598e-15  2.8587e-16  2.7194e-15
1397.2203  -1186.66    0.8699    0.1022  2.3668e-15  2.7812e-16  2.7209e-15
1397.2502  -1180.27    0.9425    0.1082  2.5660e-15  2.9459e-16  2.7224e-15
1397.2802  -1173.88    0.9460    0.1093  2.5768e-15  2.9784e-16  2.7240e-15
1397.3101  -1167.49    0.9710    0.1092  2.6464e-15  2.9765e-16  2.7255e-15
1397.3400  -1161.09    0.9475    0.1080  2.5840e-15  2.9448e-16  2.7270e-15
1397.3699  -1154.70    0.9731    0.1092  2.6552e-15  2.9796e-16  2.7285e-15
1397.3998  -1148.31    1.2951    0.1265  3.5358e-15  3.4549e-16  2.7301e-15
1397.4297  -1141.92    0.9645    0.1105  2.6347e-15  3.0184e-16  2.7316e-15
1397.4596  -1135.53    0.9767    0.1108  2.6695e-15  3.0287e-16  2.7331e-15
1397.4895  -1129.13    0.7724    0.1003  2.1122e-15  2.7415e-16  2.7346e-15
1397.5194  -1122.74    0.8797    0.1043  2.4068e-15  2.8531e-16  2.7361e-15
1397.5493  -1116.35    1.0119    0.1103  2.7703e-15  3.0196e-16  2.7376e-15
1397.5793  -1109.96    0.9093    0.1061  2.4907e-15  2.9063e-16  2.7391e-15
1397.6092  -1103.56    0.9434    0.1082  2.5856e-15  2.9644e-16  2.7406e-15
1397.6391  -1097.17    0.9605    0.1090  2.6337e-15  2.9883e-16  2.7421e-15
1397.6690  -1090.78    0.9629    0.1073  2.6419e-15  2.9451e-16  2.7436e-15
1397.6989  -1084.39    0.9270    0.1076  2.5447e-15  2.9524e-16  2.7451e-15
1397.7288  -1078.00    1.0195    0.1114  2.8001e-15  3.0601e-16  2.7466e-15
1397.7587  -1071.60    0.7576    0.0950  2.0821e-15  2.6116e-16  2.7481e-15
1397.7886  -1065.21    0.8101    0.0985  2.2275e-15  2.7072e-16  2.7496e-15
1397.8185  -1058.82    0.9016    0.1034  2.4803e-15  2.8451e-16  2.7510e-15
1397.8484  -1052.43    1.2131    0.1233  3.3390e-15  3.3949e-16  2.7525e-15
1397.8784  -1046.03    0.9703    0.1098  2.6723e-15  3.0244e-16  2.7540e-15
1397.9083  -1039.64    0.9353    0.1062  2.5773e-15  2.9251e-16  2.7555e-15
1397.9382  -1033.25    0.9172    0.1075  2.5286e-15  2.9638e-16  2.7569e-15
1397.9681  -1026.86    1.0492    0.1140  2.8941e-15  3.1438e-16  2.7584e-15
1397.9980  -1020.47    0.9927    0.1106  2.7397e-15  3.0523e-16  2.7598e-15
1398.0279  -1014.07    1.1696    0.1187  3.2296e-15  3.2776e-16  2.7613e-15
1398.0578  -1007.68    0.9224    0.1063  2.5482e-15  2.9357e-16  2.7627e-15
1398.0877  -1001.29    1.1405    0.1167  3.1525e-15  3.2251e-16  2.7642e-15
1398.1176   -994.90    1.0155    0.1102  2.8085e-15  3.0477e-16  2.7656e-15
1398.1475   -988.50    0.9353    0.1061  2.5881e-15  2.9367e-16  2.7671e-15
1398.1775   -982.11    0.8113    0.0996  2.2461e-15  2.7581e-16  2.7685e-15
1398.2074   -975.72    0.9791    0.1074  2.7120e-15  2.9759e-16  2.7699e-15
1398.2373   -969.33    0.8567    0.1028  2.3743e-15  2.8501e-16  2.7714e-15
1398.2672   -962.94    0.8808    0.1047  2.4424e-15  2.9038e-16  2.7728e-15
1398.2971   -956.54    1.0476    0.1130  2.9062e-15  3.1347e-16  2.7742e-15
1398.3270   -950.15    0.8735    0.1019  2.4246e-15  2.8278e-16  2.7756e-15
1398.3569   -943.76    0.9906    0.1101  2.7510e-15  3.0574e-16  2.7770e-15
1398.3868   -937.37    1.0365    0.1121  2.8798e-15  3.1142e-16  2.7784e-15
1398.4167   -930.98    0.7905    0.0980  2.1975e-15  2.7239e-16  2.7798e-15
1398.4466   -924.58    0.7808    0.0974  2.1715e-15  2.7102e-16  2.7812e-15
1398.4766   -918.19    0.9314    0.1058  2.5916e-15  2.9430e-16  2.7826e-15
1398.5065   -911.80    0.8197    0.1018  2.2821e-15  2.8333e-16  2.7840e-15
1398.5364   -905.41    0.9801    0.1128  2.7298e-15  3.1418e-16  2.7854e-15
1398.5663   -899.01    1.1167    0.1387  3.1119e-15  3.8665e-16  2.7867e-15
1398.5962   -892.62    1.0964    0.1433  3.0570e-15  3.9966e-16  2.7881e-15
1398.6261   -886.23    1.0935    0.1523  3.0502e-15  4.2488e-16  2.7895e-15
1398.6560   -879.84    1.0726    0.1473  2.9935e-15  4.1099e-16  2.7908e-15
1398.6859   -873.45    0.9247    0.1441  2.5820e-15  4.0226e-16  2.7922e-15
1398.7158   -867.05    0.8605    0.1435  2.4038e-15  4.0097e-16  2.7936e-15
1398.7457   -860.66    0.9391    0.1490  2.6247e-15  4.1650e-16  2.7949e-15
1398.7757   -854.27    1.0376    0.1443  2.9015e-15  4.0342e-16  2.7962e-15
1398.8056   -847.88    0.9931    0.1317  2.7783e-15  3.6853e-16  2.7976e-15
1398.8355   -841.48    0.9663    0.1235  2.7046e-15  3.4567e-16  2.7989e-15
1398.8654   -835.09    1.0002    0.1306  2.8007e-15  3.6585e-16  2.8002e-15
1398.8953   -828.70    1.0387    0.1284  2.9098e-15  3.5958e-16  2.8015e-15
1398.9252   -822.31    0.9979    0.1258  2.7971e-15  3.5273e-16  2.8029e-15
1398.9551   -815.92    0.9252    0.1246  2.5945e-15  3.4935e-16  2.8042e-15
1398.9850   -809.52    1.1048    0.1349  3.0995e-15  3.7835e-16  2.8055e-15
1399.0149   -803.13    1.0703    0.1290  3.0040e-15  3.6221e-16  2.8068e-15
1399.0448   -796.74    0.9466    0.1219  2.6582e-15  3.4228e-16  2.8081e-15
1399.0748   -790.35    0.9677    0.1220  2.7187e-15  3.4275e-16  2.8093e-15
1399.1047   -783.95    0.9811    0.1231  2.7575e-15  3.4601e-16  2.8106e-15
1399.1346   -777.56    1.0840    0.1214  3.0481e-15  3.4141e-16  2.8119e-15
1399.1645   -771.17    1.0088    0.1052  2.8380e-15  2.9589e-16  2.8132e-15
1399.1944   -764.78    0.9752    0.1012  2.7446e-15  2.8487e-16  2.8144e-15
1399.2243   -758.39    0.9849    0.1034  2.7731e-15  2.9121e-16  2.8157e-15
1399.2542   -751.99    0.9208    0.1001  2.5938e-15  2.8196e-16  2.8169e-15
1399.2841   -745.60    1.0475    0.1048  2.9519e-15  2.9536e-16  2.8182e-15
1399.3140   -739.21    1.0034    0.1005  2.8291e-15  2.8327e-16  2.8194e-15
1399.3439   -732.82    1.1212    0.1092  3.1624e-15  3.0797e-16  2.8206e-15
1399.3739   -726.43    1.0786    0.1060  3.0436e-15  2.9904e-16  2.8219e-15
1399.4038   -720.03    0.9550    0.0968  2.6961e-15  2.7333e-16  2.8231e-15
1399.4337   -713.64    0.8713    0.0919  2.4608e-15  2.5946e-16  2.8243e-15
1399.4636   -707.25    1.0509    0.0989  2.9695e-15  2.7936e-16  2.8255e-15
1399.4935   -700.86    0.8886    0.0907  2.5119e-15  2.5651e-16  2.8267e-15
1399.5234   -694.46    1.0690    0.1002  3.0229e-15  2.8343e-16  2.8279e-15
1399.5533   -688.07    0.9157    0.0934  2.5907e-15  2.6428e-16  2.8291e-15
1399.5832   -681.68    0.8719    0.0905  2.4677e-15  2.5615e-16  2.8303e-15
1399.6131   -675.29    0.8407    0.0995  2.3805e-15  2.8186e-16  2.8314e-15
1399.6430   -668.90    0.9924    0.1104  2.8110e-15  3.1259e-16  2.8326e-15
1399.6730   -662.50    0.9688    0.1067  2.7454e-15  3.0250e-16  2.8338e-15
1399.7029   -656.11    1.0600    0.1120  3.0051e-15  3.1761e-16  2.8349e-15
1399.7328   -649.72    1.1979    0.1150  3.3972e-15  3.2625e-16  2.8361e-15
1399.7627   -643.33    0.9563    0.0992  2.7133e-15  2.8139e-16  2.8372e-15
1399.7926   -636.93    0.9597    0.0938  2.7240e-15  2.6621e-16  2.8383e-15
1399.8225   -630.54    0.9575    0.0946  2.7188e-15  2.6852e-16  2.8394e-15
1399.8524   -624.15    0.8819    0.0916  2.5051e-15  2.6015e-16  2.8406e-15
1399.8823   -617.76    0.8100    0.0874  2.3019e-15  2.4836e-16  2.8417e-15
1399.9122   -611.37    0.7753    0.0857  2.2041e-15  2.4367e-16  2.8428e-15
1399.9421   -604.97    1.0329    0.0997  2.9373e-15  2.8348e-16  2.8439e-15
1399.9721   -598.58    1.0984    0.1011  3.1249e-15  2.8756e-16  2.8449e-15
1400.0020   -592.19    0.8994    0.0928  2.5599e-15  2.6415e-16  2.8460e-15
1400.0319   -585.80    0.9841    0.0962  2.8019e-15  2.7375e-16  2.8471e-15
1400.0618   -579.40    1.1339    0.1026  3.2295e-15  2.9224e-16  2.8482e-15
1400.0917   -573.01    1.0109    0.0979  2.8803e-15  2.7904e-16  2.8492e-15
1400.1216   -566.62    1.0050    0.0978  2.8645e-15  2.7867e-16  2.8503e-15
1400.1515   -560.23    0.9157    0.0929  2.6108e-15  2.6496e-16  2.8513e-15
1400.1814   -553.84    0.9065    0.0920  2.5857e-15  2.6244e-16  2.8523e-15
1400.2113   -547.44    0.9260    0.0924  2.6421e-15  2.6364e-16  2.8533e-15
1400.2412   -541.05    0.9220    0.0929  2.6317e-15  2.6526e-16  2.8544e-15
1400.2712   -534.66    0.8500    0.0887  2.4269e-15  2.5334e-16  2.8554e-15
1400.3011   -528.27    1.0225    0.0977  2.9205e-15  2.7921e-16  2.8564e-15
1400.3310   -521.87    0.9710    0.0959  2.7744e-15  2.7403e-16  2.8574e-15
1400.3609   -515.48    0.9848    0.0958  2.8149e-15  2.7371e-16  2.8583e-15
1400.3908   -509.09    1.0011    0.0940  2.8625e-15  2.6890e-16  2.8593e-15
1400.4207   -502.70    1.0147    0.0978  2.9022e-15  2.7973e-16  2.8603e-15
1400.4506   -496.31    0.9079    0.0928  2.5978e-15  2.6564e-16  2.8612e-15
1400.4805   -489.91    0.9798    0.0945  2.8043e-15  2.7043e-16  2.8622e-15
1400.5104   -483.52    0.9517    0.0943  2.7248e-15  2.7009e-16  2.8631e-15
1400.5403   -477.13    0.9781    0.0945  2.8014e-15  2.7062e-16  2.8641e-15
1400.5703   -470.74    0.8746    0.0904  2.5056e-15  2.5885e-16  2.8650e-15
1400.6002   -464.35    1.0852    0.0996  3.1102e-15  2.8533e-16  2.8659e-15
1400.6301   -457.95    0.9236    0.0911  2.6477e-15  2.6120e-16  2.8668e-15
1400.6600   -451.56    0.9574    0.0930  2.7455e-15  2.6669e-16  2.8677e-15
1400.6899   -445.17    0.8404    0.0875  2.4107e-15  2.5109e-16  2.8686e-15
1400.7198   -438.78    1.0049    0.0950  2.8835e-15  2.7246e-16  2.8695e-15
1400.7497   -432.38    0.9660    0.0947  2.7726e-15  2.7180e-16  2.8703e-15
1400.7796   -425.99    0.8557    0.0872  2.4568e-15  2.5049e-16  2.8712e-15
1400.8095   -419.60    0.9341    0.0935  2.6828e-15  2.6855e-16  2.8720e-15
1400.8394   -413.21    0.8925    0.0920  2.5642e-15  2.6444e-16  2.8729e-15
1400.8694   -406.82    0.9088    0.0920  2.6117e-15  2.6425e-16  2.8737e-15
1400.8993   -400.42    1.0533    0.1000  3.0277e-15  2.8758e-16  2.8745e-15
1400.9292   -394.03    0.9651    0.0965  2.7751e-15  2.7749e-16  2.8754e-15
1400.9591   -387.64    0.9027    0.0924  2.5963e-15  2.6586e-16  2.8762e-15
1400.9890   -381.25    0.8974    0.0921  2.5819e-15  2.6501e-16  2.8770e-15
1401.0189   -374.85    0.9876    0.0968  2.8422e-15  2.7848e-16  2.8777e-15
1401.0488   -368.46    0.9588    0.0937  2.7599e-15  2.6966e-16  2.8785e-15
1401.0787   -362.07    1.0563    0.0999  3.0413e-15  2.8773e-16  2.8793e-15
1401.1086   -355.68    0.9756    0.0943  2.8099e-15  2.7167e-16  2.8800e-15
1401.1385   -349.29    1.0211    0.0956  2.9417e-15  2.7533e-16  2.8808e-15
1401.1685   -342.89    0.9210    0.0928  2.6538e-15  2.6731e-16  2.8815e-15
1401.1984   -336.50    1.0339    0.0971  2.9798e-15  2.7998e-16  2.8822e-15
1401.2283   -330.11    1.1456    0.1041  3.3028e-15  3.0007e-16  2.8830e-15
1401.2582   -323.72    0.9094    0.0908  2.6225e-15  2.6173e-16  2.8837e-15
1401.2881   -317.32    1.0342    0.0974  2.9829e-15  2.8085e-16  2.8844e-15
1401.3180   -310.93    0.9292    0.0937  2.6808e-15  2.7035e-16  2.8850e-15
1401.3479   -304.54    0.9059    0.0908  2.6141e-15  2.6213e-16  2.8857e-15
1401.3778   -298.15    1.1617    0.1052  3.3532e-15  3.0361e-16  2.8864e-15
1401.4077   -291.76    0.9356    0.0932  2.7012e-15  2.6899e-16  2.8870e-15
1401.4376   -285.36    1.0599    0.0944  3.0607e-15  2.7267e-16  2.8877e-15
1401.4676   -278.97    1.0676    0.0938  3.0837e-15  2.7107e-16  2.8883e-15
1401.4975   -272.58    1.0182    0.0933  2.9417e-15  2.6961e-16  2.8890e-15
1401.5274   -266.19    0.8880    0.0871  2.5659e-15  2.5161e-16  2.8896e-15
1401.5573   -259.80    1.0515    0.0927  3.0390e-15  2.6788e-16  2.8902e-15
1401.5872   -253.40    1.1567    0.0972  3.3437e-15  2.8097e-16  2.8908e-15
1401.6171   -247.01    1.0383    0.0934  3.0022e-15  2.7002e-16  2.8913e-15
1401.6470   -240.62    1.0951    0.0962  3.1670e-15  2.7806e-16  2.8919e-15
1401.6769   -234.23    0.9154    0.0871  2.6477e-15  2.5204e-16  2.8925e-15
1401.7068   -227.83    1.1002    0.0963  3.1829e-15  2.7850e-16  2.8930e-15
1401.7367   -221.44    1.0183    0.0920  2.9465e-15  2.6610e-16  2.8936e-15
1401.7667   -215.05    1.0266    0.0923  2.9709e-15  2.6707e-16  2.8941e-15
1401.7966   -208.66    1.0550    0.0927  3.0539e-15  2.6832e-16  2.8946e-15
1401.8265   -202.27    1.1186    0.0975  3.2385e-15  2.8234e-16  2.8951e-15
1401.8564   -195.87    1.0208    0.0928  2.9557e-15  2.6858e-16  2.8956e-15
1401.8863   -189.48    1.0481    0.0945  3.0354e-15  2.7360e-16  2.8961e-15
1401.9162   -183.09    1.0604    0.0948  3.0715e-15  2.7454e-16  2.8966e-15
1401.9461   -176.70    1.1096    0.0967  3.2146e-15  2.8015e-16  2.8970e-15
1401.9760   -170.30    1.0756    0.0941  3.1166e-15  2.7252e-16  2.8975e-15
1402.0059   -163.91    0.9510    0.0904  2.7559e-15  2.6197e-16  2.8979e-15
1402.0358   -157.52    1.1348    0.0980  3.2890e-15  2.8394e-16  2.8983e-15
1402.0658   -151.13    0.9511    0.0883  2.7570e-15  2.5596e-16  2.8987e-15
1402.0957   -144.74    0.8728    0.0861  2.5305e-15  2.4970e-16  2.8991e-15
1402.1256   -138.34    0.9120    0.0875  2.6444e-15  2.5375e-16  2.8995e-15
1402.1555   -131.95    0.8693    0.0849  2.5208e-15  2.4620e-16  2.8999e-15
1402.1854   -125.56    0.8561    0.0845  2.4829e-15  2.4515e-16  2.9003e-15
1402.2153   -119.17    1.0070    0.0975  2.9209e-15  2.8288e-16  2.9006e-15
1402.2452   -112.77    0.9836    0.1035  2.8534e-15  3.0022e-16  2.9010e-15
1402.2751   -106.38    0.8057    0.0965  2.3375e-15  2.8007e-16  2.9013e-15
1402.3050    -99.99    0.8019    0.0977  2.3268e-15  2.8361e-16  2.9016e-15
1402.3349    -93.60    0.7469    0.0953  2.1673e-15  2.7643e-16  2.9019e-15
1402.3649    -87.21    0.7892    0.0991  2.2905e-15  2.8751e-16  2.9022e-15
1402.3948    -80.81    0.7563    0.0906  2.1953e-15  2.6304e-16  2.9025e-15
1402.4247    -74.42    0.8522    0.0946  2.4738e-15  2.7473e-16  2.9028e-15
1402.4546    -68.03    0.8326    0.0971  2.4171e-15  2.8201e-16  2.9030e-15
1402.4845    -61.64    0.7383    0.0923  2.1434e-15  2.6798e-16  2.9033e-15
1402.5144    -55.24    0.6057    0.0794  1.7586e-15  2.3059e-16  2.9035e-15
1402.5443    -48.85    0.8046    0.0941  2.3364e-15  2.7335e-16  2.9037e-15
1402.5742    -42.46    0.7672    0.0937  2.2280e-15  2.7218e-16  2.9039e-15
1402.6041    -36.07    0.8233    0.0957  2.3909e-15  2.7792e-16  2.9041e-15
1402.6340    -29.68    0.8655    0.0941  2.5136e-15  2.7338e-16  2.9043e-15
1402.6640    -23.28    0.8841    0.0960  2.5678e-15  2.7881e-16  2.9045e-15
1402.6939    -16.89    0.8841    0.0964  2.5680e-15  2.8005e-16  2.9046e-15
1402.7238    -10.50    0.9591    0.1012  2.7860e-15  2.9382e-16  2.9048e-15
1402.7537     -4.11    0.9884    0.1026  2.8714e-15  2.9805e-16  2.9049e-15
1402.7836      2.28    0.9823    0.1024  2.8536e-15  2.9760e-16  2.9050e-15
1402.8135      8.68    0.9954    0.1062  2.8918e-15  3.0838e-16  2.9051e-15
1402.8434     15.07    0.9261    0.0963  2.6905e-15  2.7976e-16  2.9052e-15
1402.8733     21.46    0.7999    0.0921  2.3240e-15  2.6765e-16  2.9053e-15
1402.9032     27.85    0.9640    0.0977  2.8009e-15  2.8393e-16  2.9054e-15
1402.9331     34.25    1.0614    0.1086  3.0839e-15  3.1553e-16  2.9054e-15
1402.9631     40.64    1.1364    0.1221  3.3017e-15  3.5483e-16  2.9055e-15
1402.9930     47.03    1.0409    0.1130  3.0244e-15  3.2825e-16  2.9055e-15
1403.0229     53.42    0.9598    0.1067  2.7887e-15  3.0991e-16  2.9055e-15
1403.0528     59.81    0.9969    0.1087  2.8966e-15  3.1575e-16  2.9055e-15
1403.0827     66.21    1.0399    0.1102  3.0216e-15  3.2008e-16  2.9055e-15
1403.1126     72.60    0.9924    0.1084  2.8834e-15  3.1504e-16  2.9055e-15
1403.1425     78.99    0.9543    0.1078  2.7726e-15  3.1327e-16  2.9054e-15
1403.1724     85.38    1.2415    0.1209  3.6070e-15  3.5133e-16  2.9054e-15
1403.2023     91.78    1.1026    0.1133  3.2034e-15  3.2917e-16  2.9053e-15
1403.2322     98.17    1.1626    0.1164  3.3775e-15  3.3826e-16  2.9052e-15
1403.2622    104.56    1.1352    0.1147  3.2980e-15  3.3332e-16  2.9051e-15
1403.2921    110.95    1.0266    0.1095  2.9823e-15  3.1821e-16  2.9050e-15
1403.3220    117.34    1.0202    0.1089  2.9636e-15  3.1639e-16  2.9049e-15
1403.3519    123.74    1.0128    0.1088  2.9419e-15  3.1608e-16  2.9047e-15
1403.3818    130.13    0.9414    0.1070  2.7343e-15  3.1083e-16  2.9046e-15
1403.4117    136.52    0.8894    0.1029  2.5830e-15  2.9882e-16  2.9044e-15
1403.4416    142.91    1.0684    0.1129  3.1030e-15  3.2802e-16  2.9042e-15
1403.4715    149.31    1.0435    0.1100  3.0302e-15  3.1954e-16  2.9040e-15
1403.5014    155.70    0.9127    0.1024  2.6503e-15  2.9726e-16  2.9038e-15
1403.5313    162.09    0.9564    0.1063  2.7769e-15  3.0860e-16  2.9036e-15
1403.5613    168.48    0.9857    0.1073  2.8619e-15  3.1165e-16  2.9034e-15
1403.5912    174.87    1.0852    0.1138  3.1505e-15  3.3025e-16  2.9031e-15
1403.6211    181.27    1.2021    0.1179  3.4896e-15  3.4236e-16  2.9028e-15
1403.6510    187.66    0.9950    0.0914  2.8879e-15  2.6526e-16  2.9025e-15
1403.6809    194.05    1.0854    0.0954  3.1500e-15  2.7673e-16  2.9022e-15
1403.7108    200.44    1.1327    0.0971  3.2871e-15  2.8168e-16  2.9019e-15
1403.7407    206.83    1.1339    0.0964  3.2900e-15  2.7970e-16  2.9016e-15
1403.7706    213.23    1.0802    0.0947  3.1339e-15  2.7482e-16  2.9013e-15
1403.8005    219.62    1.0658    0.0953  3.0917e-15  2.7653e-16  2.9009e-15
1403.8304    226.01    1.1832    0.1011  3.4320e-15  2.9322e-16  2.9005e-15
1403.8604    232.40    1.1138    0.0975  3.2302e-15  2.8278e-16  2.9001e-15
1403.8903    238.80    1.0972    0.0967  3.1816e-15  2.8030e-16  2.8997e-15
1403.9202    245.19    1.1196    0.0968  3.2460e-15  2.8076e-16  2.8993e-15
1403.9501    251.58    0.9707    0.0910  2.8138e-15  2.6380e-16  2.8988e-15
1403.9800    257.97    1.1243    0.0982  3.2584e-15  2.8454e-16  2.8983e-15
1404.0099    264.36    0.8610    0.0845  2.4950e-15  2.4486e-16  2.8977e-15
1404.0398    270.76    0.9676    0.0888  2.8031e-15  2.5729e-16  2.8971e-15
1404.0697    277.15    0.9990    0.0929  2.8936e-15  2.6902e-16  2.8965e-15
1404.0996    283.54    0.9707    0.0888  2.8108e-15  2.5725e-16  2.8958e-15
1404.1295    289.93    1.0888    0.0967  3.1523e-15  2.7981e-16  2.8951e-15
1404.1595    296.33    0.9538    0.0883  2.7606e-15  2.5547e-16  2.8943e-15
1404.1894    302.72    0.7956    0.0795  2.3023e-15  2.3006e-16  2.8936e-15
1404.2193    309.11    0.9043    0.0868  2.6159e-15  2.5099e-16  2.8928e-15
1404.2492    315.50    1.0359    0.0929  2.9958e-15  2.6854e-16  2.8919e-15
1404.2791    321.89    0.9496    0.0903  2.7453e-15  2.6116e-16  2.8911e-15
1404.3090    328.29    0.9570    0.0893  2.7659e-15  2.5803e-16  2.8902e-15
1404.3389    334.68    0.8891    0.0865  2.5688e-15  2.4995e-16  2.8892e-15
1404.3688    341.07    0.9534    0.0895  2.7535e-15  2.5862e-16  2.8882e-15
1404.3987    347.46    0.9140    0.0880  2.6389e-15  2.5419e-16  2.8872e-15
1404.4286    353.86    0.9848    0.0918  2.8423e-15  2.6498e-16  2.8862e-15
1404.4586    360.25    1.1285    0.0991  3.2558e-15  2.8597e-16  2.8851e-15
1404.4885    366.64    1.0068    0.0912  2.9038e-15  2.6315e-16  2.8840e-15
1404.5184    373.03    0.9651    0.0892  2.7822e-15  2.5709e-16  2.8829e-15
1404.5483    379.42    0.8546    0.0853  2.4627e-15  2.4571e-16  2.8818e-15
1404.5782    385.82    0.8610    0.0842  2.4803e-15  2.4246e-16  2.8806e-15
1404.6081    392.21    1.1057    0.0977  3.1837e-15  2.8143e-16  2.8794e-15
1404.6380    398.60    1.0160    0.0925  2.9241e-15  2.6629e-16  2.8781e-15
1404.6679    404.99    1.1031    0.0968  3.1735e-15  2.7853e-16  2.8768e-15
1404.6978    411.38    1.0171    0.0940  2.9247e-15  2.7018e-16  2.8755e-15
1404.7277    417.78    0.7817    0.0801  2.2468e-15  2.3024e-16  2.8742e-15
1404.7577    424.17    1.0664    0.0969  3.0636e-15  2.7847e-16  2.8728e-15
1404.7876    430.56    0.9988    0.0920  2.8680e-15  2.6413e-16  2.8715e-15
1404.8175    436.95    0.8982    0.0877  2.5780e-15  2.5172e-16  2.8700e-15
1404.8474    443.35    0.9633    0.0901  2.7634e-15  2.5850e-16  2.8686e-15
1404.8773    449.74    1.1033    0.1023  3.1633e-15  2.9333e-16  2.8671e-15
1404.9072    456.13    0.9760    0.0958  2.7968e-15  2.7456e-16  2.8656e-15
1404.9371    462.52    1.0555    0.1020  3.0231e-15  2.9228e-16  2.8641e-15
1404.9670    468.91    0.9532    0.0975  2.7285e-15  2.7921e-16  2.8626e-15
1404.9969    475.31    1.0793    0.1013  3.0878e-15  2.8981e-16  2.8610e-15
1405.0268    481.70    1.0636    0.0994  3.0414e-15  2.8425e-16  2.8594e-15
1405.0568    488.09    1.0507    0.0990  3.0028e-15  2.8296e-16  2.8578e-15
1405.0867    494.48    1.2009    0.1105  3.4299e-15  3.1573e-16  2.8561e-15
1405.1166    500.88    1.0473    0.1027  2.9895e-15  2.9316e-16  2.8545e-15
1405.1465    507.27    0.8745    0.0871  2.4946e-15  2.4844e-16  2.8528e-15
1405.1764    513.66    0.9594    0.0913  2.7354e-15  2.6025e-16  2.8511e-15
1405.2063    520.05    1.0038    0.0952  2.8600e-15  2.7114e-16  2.8493e-15
1405.2362    526.44    1.0908    0.0984  3.1061e-15  2.8010e-16  2.8475e-15
1405.2661    532.84    0.9056    0.0868  2.5772e-15  2.4709e-16  2.8458e-15
1405.2960    539.23    0.9394    0.0914  2.6716e-15  2.6006e-16  2.8439e-15
1405.3259    545.62    0.8393    0.0852  2.3853e-15  2.4203e-16  2.8421e-15
1405.3559    552.01    0.8784    0.0870  2.4950e-15  2.4714e-16  2.8403e-15
1405.3858    558.41    0.9122    0.0887  2.5893e-15  2.5191e-16  2.8384e-15
1405.4157    564.80    1.0261    0.0950  2.9106e-15  2.6944e-16  2.8365e-15
1405.4456    571.19    1.0694    0.0966  3.0314e-15  2.7377e-16  2.8346e-15
1405.4755    577.58    0.9766    0.0923  2.7664e-15  2.6142e-16  2.8326e-15
1405.5054    583.97    0.9229    0.0897  2.6125e-15  2.5388e-16  2.8307e-15
1405.5353    590.37    0.9944    0.0930  2.8128e-15  2.6314e-16  2.8287e-15
1405.5652    596.76    1.0615    0.0950  3.0007e-15  2.6862e-16  2.8267e-15
1405.5951    603.15    0.8982    0.0855  2.5371e-15  2.4144e-16  2.8247e-15
1405.6250    609.54    1.0102    0.0906  2.8515e-15  2.5561e-16  2.8227e-15
1405.6550    615.94    1.0169    0.0906  2.8684e-15  2.5552e-16  2.8206e-15
1405.6849    622.33    1.1361    0.0950  3.2020e-15  2.6773e-16  2.8186e-15
1405.7148    628.72    1.1172    0.0951  3.1467e-15  2.6775e-16  2.8165e-15
1405.7447    635.11    1.0249    0.0896  2.8844e-15  2.5220e-16  2.8144e-15
1405.7746    641.50    1.0304    0.0896  2.8978e-15  2.5189e-16  2.8122e-15
1405.8045    647.90    1.0760    0.0934  3.0236e-15  2.6238e-16  2.8101e-15
1405.8344    654.29    1.0377    0.0906  2.9138e-15  2.5450e-16  2.8079e-15
1405.8643    660.68    0.9263    0.0862  2.5990e-15  2.4185e-16  2.8058e-15
1405.8942    667.07    1.0072    0.0911  2.8238e-15  2.5544e-16  2.8036e-15
1405.9241    673.46    0.8884    0.0847  2.4889e-15  2.3735e-16  2.8014e-15
1405.9541    679.86    0.8565    0.0863  2.3974e-15  2.4167e-16  2.7992e-15
1405.9840    686.25    0.9188    0.0928  2.5698e-15  2.5964e-16  2.7969e-15
1406.0139    692.64    0.9144    0.0902  2.5554e-15  2.5217e-16  2.7947e-15
1406.0438    699.03    1.0384    0.0961  2.8995e-15  2.6823e-16  2.7924e-15
1406.0737    705.43    0.8263    0.0838  2.3054e-15  2.3370e-16  2.7902e-15
1406.1036    711.82    1.1372    0.0943  3.1702e-15  2.6276e-16  2.7879e-15
1406.1335    718.21    0.9380    0.0873  2.6127e-15  2.4331e-16  2.7856e-15
1406.1634    724.60    0.9835    0.0897  2.7374e-15  2.4961e-16  2.7832e-15
1406.1933    730.99    1.0716    0.0939  2.9802e-15  2.6123e-16  2.7809e-15
1406.2232    737.39    1.0193    0.0895  2.8322e-15  2.4876e-16  2.7786e-15
1406.2532    743.78    1.0054    0.0909  2.7914e-15  2.5233e-16  2.7762e-15
1406.2831    750.17    0.9880    0.0883  2.7406e-15  2.4484e-16  2.7739e-15
1406.3130    756.56    1.0520    0.0904  2.9156e-15  2.5053e-16  2.7715e-15
1406.3429    762.96    1.0472    0.0924  2.8998e-15  2.5587e-16  2.7691e-15
1406.3728    769.35    0.9806    0.0889  2.7129e-15  2.4592e-16  2.7667e-15
1406.4027    775.74    0.9592    0.0903  2.6514e-15  2.4959e-16  2.7643e-15
1406.4326    782.13    0.9468    0.0887  2.6149e-15  2.4498e-16  2.7619e-15
1406.4625    788.52    0.9936    0.0904  2.7418e-15  2.4933e-16  2.7595e-15
1406.4924    794.92    0.9902    0.0900  2.7300e-15  2.4805e-16  2.7570e-15
1406.5223    801.31    1.0379    0.0914  2.8589e-15  2.5179e-16  2.7546e-15
1406.5523    807.70    1.0218    0.0919  2.8122e-15  2.5286e-16  2.7521e-15
1406.5822    814.09    0.8376    0.0840  2.3031e-15  2.3095e-16  2.7497e-15
1406.6121    820.49    1.0387    0.0929  2.8536e-15  2.5514e-16  2.7472e-15
1406.6420    826.88    0.9958    0.0909  2.7332e-15  2.4939e-16  2.7447e-15
1406.6719    833.27    0.8860    0.0859  2.4297e-15  2.3556e-16  2.7422e-15
1406.7018    839.66    0.9742    0.0906  2.6690e-15  2.4813e-16  2.7397e-15
1406.7317    846.05    1.0136    0.0937  2.7743e-15  2.5654e-16  2.7372e-15
1406.7616    852.45    1.0005    0.1014  2.7362e-15  2.7730e-16  2.7347e-15
1406.7915    858.84    0.9955    0.1050  2.7199e-15  2.8685e-16  2.7322e-15
1406.8214    865.23    0.9747    0.1024  2.6606e-15  2.7957e-16  2.7297e-15
1406.8514    871.62    0.9081    0.1008  2.4767e-15  2.7491e-16  2.7272e-15
1406.8813    878.01    0.9745    0.1044  2.6551e-15  2.8445e-16  2.7246e-15
1406.9112    884.41    0.9377    0.1016  2.5524e-15  2.7663e-16  2.7221e-15
1406.9411    890.80    1.0162    0.1053  2.7635e-15  2.8629e-16  2.7196e-15
1406.9710    897.19    0.9813    0.1041  2.6662e-15  2.8294e-16  2.7170e-15
1407.0009    903.58    0.8996    0.0993  2.4419e-15  2.6947e-16  2.7145e-15
1407.0308    909.98    1.0457    0.1072  2.8359e-15  2.9080e-16  2.7119e-15
1407.0607    916.37    1.0461    0.1086  2.8343e-15  2.9420e-16  2.7094e-15
1407.0906    922.76    1.0334    0.1070  2.7972e-15  2.8973e-16  2.7068e-15
1407.1205    929.15    1.0404    0.1055  2.8135e-15  2.8521e-16  2.7043e-15
1407.1505    935.54    1.0454    0.1078  2.8243e-15  2.9128e-16  2.7017e-15
1407.1804    941.94    1.0133    0.1067  2.7349e-15  2.8798e-16  2.6991e-15
1407.2103    948.33    1.2321    0.1177  3.3224e-15  3.1736e-16  2.6966e-15
1407.2402    954.72    1.0495    0.1094  2.8275e-15  2.9478e-16  2.6940e-15
1407.2701    961.11    1.0270    0.1072  2.7641e-15  2.8854e-16  2.6914e-15
1407.3000    967.51    1.1601    0.1129  3.1192e-15  3.0355e-16  2.6889e-15
1407.3299    973.90    1.2045    0.1159  3.2357e-15  3.1147e-16  2.6863e-15
1407.3598    980.29    1.0196    0.1054  2.7362e-15  2.8289e-16  2.6837e-15
1407.3897    986.68    0.9490    0.1023  2.5444e-15  2.7426e-16  2.6812e-15
1407.4196    993.07    0.9466    0.1053  2.5355e-15  2.8205e-16  2.6786e-15
1407.4496    999.47    0.8937    0.0930  2.3915e-15  2.4875e-16  2.6760e-15
1407.4795   1005.86    1.1556    0.0991  3.0894e-15  2.6487e-16  2.6735e-15
1407.5094   1012.25    0.9910    0.0903  2.6469e-15  2.4113e-16  2.6709e-15
1407.5393   1018.64    1.1221    0.0977  2.9941e-15  2.6080e-16  2.6683e-15
1407.5692   1025.04    1.0606    0.0931  2.8273e-15  2.4826e-16  2.6658e-15
1407.5991   1031.43    1.1662    0.0996  3.1058e-15  2.6513e-16  2.6632e-15
1407.6290   1037.82    1.1245    0.0993  2.9920e-15  2.6413e-16  2.6607e-15
1407.6589   1044.21    0.8547    0.0868  2.2718e-15  2.3067e-16  2.6581e-15
1407.6888   1050.60    0.8874    0.0870  2.3564e-15  2.3117e-16  2.6556e-15
1407.7187   1057.00    1.0213    0.0932  2.7095e-15  2.4722e-16  2.6530e-15
1407.7487   1063.39    0.9863    0.0920  2.6141e-15  2.4390e-16  2.6505e-15
1407.7786   1069.78    0.9950    0.0932  2.6347e-15  2.4670e-16  2.6479e-15
1407.8085   1076.17    0.9799    0.0922  2.5923e-15  2.4388e-16  2.6454e-15
1407.8384   1082.57    1.0516    0.0951  2.7793e-15  2.5144e-16  2.6429e-15
1407.8683   1088.96    0.9330    0.0885  2.4635e-15  2.3371e-16  2.6404e-15
1407.8982   1095.35    0.8779    0.0862  2.3157e-15  2.2729e-16  2.6379e-15
1407.9281   1101.74    0.9946    0.0919  2.6210e-15  2.4207e-16  2.6353e-15
1407.9580   1108.13    1.1062    0.0975  2.9125e-15  2.5681e-16  2.6328e-15
1407.9879   1114.53    1.0167    0.0937  2.6743e-15  2.4641e-16  2.6303e-15
1408.0178   1120.92    0.9946    0.0928  2.6137e-15  2.4380e-16  2.6279e-15
1408.0478   1127.31    0.9539    0.0901  2.5044e-15  2.3664e-16  2.6254e-15
1408.0777   1133.70    0.9113    0.0870  2.3903e-15  2.2824e-16  2.6229e-15
1408.1076   1140.09    1.0660    0.0960  2.7934e-15  2.5168e-16  2.6204e-15
1408.1375   1146.49    1.0614    0.0968  2.7787e-15  2.5354e-16  2.6180e-15
1408.1674   1152.88    1.0419    0.0960  2.7251e-15  2.5112e-16  2.6155e-15
1408.1973   1159.27    1.0611    0.0962  2.7727e-15  2.5130e-16  2.6131e-15
1408.2272   1165.66    1.1989    0.1017  3.1299e-15  2.6560e-16  2.6106e-15
1408.2571   1172.06    1.0667    0.0963  2.7822e-15  2.5130e-16  2.6082e-15
1408.2870   1178.45    0.9603    0.0921  2.5023e-15  2.4005e-16  2.6058e-15
1408.3169   1184.84    0.9190    0.0895  2.3925e-15  2.3293e-16  2.6034e-15
1408.3469   1191.23    1.1695    0.1003  3.0420e-15  2.6086e-16  2.6010e-15
1408.3768   1197.62    1.2091    0.1031  3.1419e-15  2.6798e-16  2.5986e-15
1408.4067   1204.02    1.0053    0.0936  2.6100e-15  2.4304e-16  2.5963e-15
1408.4366   1210.41    0.9752    0.0931  2.5296e-15  2.4144e-16  2.5939e-15
1408.4665   1216.80    0.8920    0.0893  2.3116e-15  2.3150e-16  2.5916e-15
1408.4964   1223.19    0.8047    0.0846  2.0834e-15  2.1893e-16  2.5892e-15
1408.5263   1229.59    0.8797    0.0873  2.2758e-15  2.2586e-16  2.5869e-15
1408.5562   1235.98    0.9306    0.0960  2.4052e-15  2.4818e-16  2.5846e-15
1408.5861   1242.37    0.9829    0.0981  2.5381e-15  2.5340e-16  2.5823e-15
1408.6160   1248.76    0.9783    0.0962  2.5241e-15  2.4827e-16  2.5800e-15
1408.6460   1255.15    1.1838    0.1048  3.0516e-15  2.7023e-16  2.5778e-15
1408.6759   1261.55    0.9621    0.0958  2.4779e-15  2.4662e-16  2.5755e-15
1408.7058   1267.94    0.8883    0.0941  2.2858e-15  2.4214e-16  2.5733e-15
1408.7357   1274.33    0.8469    0.0898  2.1774e-15  2.3080e-16  2.5710e-15
1408.7656   1280.72    0.9985    0.0985  2.5649e-15  2.5308e-16  2.5688e-15
1408.7955   1287.12    1.0655    0.1022  2.7347e-15  2.6230e-16  2.5666e-15
1408.8254   1293.51    0.9748    0.0965  2.4998e-15  2.4755e-16  2.5644e-15
1408.8553   1299.90    1.0014    0.0948  2.5658e-15  2.4282e-16  2.5623e-15
1408.8852   1306.29    1.0021    0.0980  2.5654e-15  2.5091e-16  2.5601e-15
1408.9151   1312.68    1.0064    0.0998  2.5743e-15  2.5540e-16  2.5580e-15
1408.9451   1319.08    0.9739    0.0961  2.4893e-15  2.4567e-16  2.5559e-15
1408.9750   1325.47    1.0356    0.1000  2.6446e-15  2.5550e-16  2.5538e-15
1409.0049   1331.86    0.9987    0.0995  2.5485e-15  2.5383e-16  2.5517e-15
1409.0348   1338.25    1.1337    0.1059  2.8905e-15  2.7013e-16  2.5497e-15
1409.0647   1344.64    1.0021    0.1056  2.5530e-15  2.6893e-16  2.5476e-15
1409.0946   1351.04    1.0041    0.1037  2.5561e-15  2.6398e-16  2.5456e-15
1409.1245   1357.43    1.1642    0.1132  2.9611e-15  2.8788e-16  2.5436e-15
1409.1544   1363.82    1.1103    0.1110  2.8219e-15  2.8200e-16  2.5416e-15
1409.1843   1370.21    1.0508    0.1046  2.6687e-15  2.6558e-16  2.5396e-15
1409.2142   1376.61    1.0069    0.1014  2.5552e-15  2.5729e-16  2.5377e-15
1409.2442   1383.00    1.0304    0.1044  2.6128e-15  2.6483e-16  2.5358e-15
1409.2741   1389.39    0.9370    0.0967  2.3743e-15  2.4507e-16  2.5338e-15
1409.3040   1395.78    1.1556    0.1066  2.9259e-15  2.6987e-16  2.5320e-15
1409.3339   1402.17    1.0389    0.1008  2.6285e-15  2.5504e-16  2.5301e-15
1409.3638   1408.57    0.9858    0.0983  2.4923e-15  2.4847e-16  2.5282e-15
1409.3937   1414.96    0.8739    0.0958  2.2080e-15  2.4212e-16  2.5264e-15
1409.4236   1421.35    0.9994    0.1016  2.5231e-15  2.5654e-16  2.5246e-15
1409.4535   1427.74    0.9664    0.0988  2.4382e-15  2.4927e-16  2.5229e-15
1409.4834   1434.14    0.9632    0.0973  2.4284e-15  2.4526e-16  2.5211e-15
1409.5133   1440.53    0.9277    0.0954  2.3371e-15  2.4044e-16  2.5194e-15
1409.5433   1446.92    0.9198    0.0942  2.3158e-15  2.3708e-16  2.5177e-15
1409.5732   1453.31    1.0334    0.0998  2.6000e-15  2.5112e-16  2.5160e-15
1409.6031   1459.70    1.0446    0.1033  2.6263e-15  2.5982e-16  2.5143e-15
1409.6330   1466.10    1.0569    0.1038  2.6555e-15  2.6079e-16  2.5127e-15
1409.6629   1472.49    1.0865    0.1020  2.7282e-15  2.5625e-16  2.5111e-15
1409.6928   1478.88    1.1690    0.1021  2.9336e-15  2.5616e-16  2.5095e-15
1409.7227   1485.27    1.0727    0.1004  2.6902e-15  2.5192e-16  2.5079e-15
1409.7526   1491.67    0.9825    0.0942  2.4624e-15  2.3609e-16  2.5064e-15
1409.7825   1498.06    0.8946    0.0898  2.2408e-15  2.2491e-16  2.5049e-15
1409.8124   1504.45    1.0184    0.0963  2.5495e-15  2.4096e-16  2.5034e-15
1409.8424   1510.84    1.0132    0.0959  2.5350e-15  2.3987e-16  2.5019e-15
1409.8723   1517.23    0.9930    0.0947  2.4831e-15  2.3679e-16  2.5005e-15
1409.9022   1523.63    0.9690    0.0930  2.4217e-15  2.3247e-16  2.4991e-15
1409.9321   1530.02    1.0817    0.1005  2.7017e-15  2.5098e-16  2.4977e-15
1409.9620   1536.41    0.9445    0.0925  2.3579e-15  2.3088e-16  2.4964e-15
1409.9919   1542.80    0.8831    0.0880  2.2033e-15  2.1954e-16  2.4951e-15
1410.0218   1549.19    1.1056    0.0993  2.7571e-15  2.4758e-16  2.4938e-15
1410.0517   1555.59    1.1088    0.1006  2.7638e-15  2.5086e-16  2.4925e-15
1410.0816   1561.98    1.2305    0.1059  3.0654e-15  2.6385e-16  2.4912e-15
1410.1115   1568.37    1.0101    0.0955  2.5151e-15  2.3786e-16  2.4899e-15
1410.1415   1574.76    1.1111    0.0984  2.7650e-15  2.4487e-16  2.4886e-15
1410.1714   1581.16    1.0928    0.0977  2.7182e-15  2.4304e-16  2.4873e-15
1410.2013   1587.55    1.0581    0.0987  2.6305e-15  2.4549e-16  2.4860e-15
1410.2312   1593.94    0.8978    0.0900  2.2307e-15  2.2362e-16  2.4847e-15
1410.2611   1600.33    0.8536    0.0886  2.1198e-15  2.2007e-16  2.4834e-15
1410.2910   1606.72    1.0898    0.0983  2.7050e-15  2.4400e-16  2.4821e-15
1410.3209   1613.12    0.8734    0.0897  2.1668e-15  2.2258e-16  2.4809e-15
1410.3508   1619.51    0.9644    0.0924  2.3912e-15  2.2902e-16  2.4796e-15
1410.3807   1625.90    0.9974    0.0958  2.4717e-15  2.3752e-16  2.4783e-15
1410.4106   1632.29    0.9700    0.0952  2.4027e-15  2.3584e-16  2.4770e-15
1410.4406   1638.69    1.0546    0.0996  2.6110e-15  2.4652e-16  2.4757e-15
1410.4705   1645.08    0.9232    0.0932  2.2844e-15  2.3064e-16  2.4744e-15
1410.5004   1651.47    1.0068    0.0959  2.4899e-15  2.3720e-16  2.4731e-15
1410.5303   1657.86    0.9829    0.0963  2.4296e-15  2.3798e-16  2.4718e-15
1410.5602   1664.25    0.9133    0.0916  2.2564e-15  2.2634e-16  2.4706e-15
1410.5901   1670.65    0.7822    0.0842  1.9314e-15  2.0794e-16  2.4693e-15
1410.6200   1677.04    0.8670    0.0891  2.1397e-15  2.1997e-16  2.4680e-15
1410.6499   1683.43    0.9205    0.0921  2.2707e-15  2.2729e-16  2.4667e-15
1410.6798   1689.82    0.8024    0.0861  1.9783e-15  2.1231e-16  2.4654e-15
1410.7097   1696.22    0.8720    0.0890  2.1488e-15  2.1939e-16  2.4642e-15
1410.7397   1702.61    1.0318    0.0953  2.5412e-15  2.3478e-16  2.4629e-15
1410.7696   1709.00    1.1950    0.1064  2.9415e-15  2.6183e-16  2.4616e-15
1410.7995   1715.39    1.0094    0.0968  2.4834e-15  2.3807e-16  2.4603e-15
1410.8294   1721.78    1.0488    0.0982  2.5790e-15  2.4152e-16  2.4590e-15
1410.8593   1728.18    1.0590    0.0993  2.6027e-15  2.4401e-16  2.4578e-15
1410.8892   1734.57    0.9855    0.0971  2.4209e-15  2.3841e-16  2.4565e-15
1410.9191   1740.96    1.0533    0.0987  2.5860e-15  2.4235e-16  2.4552e-15
1410.9490   1747.35    1.1010    0.1007  2.7019e-15  2.4705e-16  2.4539e-15
1410.9789   1753.75    0.9625    0.0938  2.3606e-15  2.3013e-16  2.4527e-15
1411.0088   1760.14    0.9979    0.0963  2.4462e-15  2.3595e-16  2.4514e-15
1411.0388   1766.53    1.0098    0.0961  2.4740e-15  2.3552e-16  2.4501e-15
1411.0687   1772.92    0.9590    0.0927  2.3484e-15  2.2701e-16  2.4488e-15
1411.0986   1779.31    0.9613    0.1020  2.3528e-15  2.4969e-16  2.4476e-15
1411.1285   1785.71    0.8801    0.1055  2.1529e-15  2.5804e-16  2.4463e-15
1411.1584   1792.10    0.9879    0.1113  2.4154e-15  2.7204e-16  2.4450e-15
1411.1883   1798.49    1.0839    0.1165  2.6488e-15  2.8481e-16  2.4438e-15
1411.2182   1804.88    0.8749    0.1050  2.1370e-15  2.5652e-16  2.4425e-15
1411.2481   1811.27    0.8986    0.1049  2.1937e-15  2.5606e-16  2.4412e-15
1411.2780   1817.67    0.9691    0.1087  2.3646e-15  2.6515e-16  2.4400e-15
1411.3079   1824.06    0.9871    0.1079  2.4072e-15  2.6320e-16  2.4387e-15
1411.3379   1830.45    1.0538    0.1136  2.5685e-15  2.7693e-16  2.4374e-15
1411.3678   1836.84    0.9081    0.1047  2.2124e-15  2.5518e-16  2.4362e-15
1411.3977   1843.24    0.7924    0.0994  1.9295e-15  2.4206e-16  2.4349e-15
1411.4276   1849.63    0.9664    0.1103  2.3519e-15  2.6848e-16  2.4337e-15
1411.4575   1856.02    0.9831    0.1105  2.3912e-15  2.6867e-16  2.4324e-15
1411.4874   1862.41    0.9655    0.1118  2.3472e-15  2.7189e-16  2.4311e-15
1411.5173   1868.80    1.0359    0.1140  2.5172e-15  2.7707e-16  2.4299e-15
1411.5472   1875.20    0.8412    0.1066  2.0431e-15  2.5882e-16  2.4286e-15
1411.5771   1881.59    0.8676    0.1041  2.1060e-15  2.5258e-16  2.4274e-15
1411.6070   1887.98    0.9307    0.1067  2.2580e-15  2.5887e-16  2.4261e-15
1411.6370   1894.37    1.0035    0.1141  2.4334e-15  2.7664e-16  2.4249e-15
1411.6669   1900.77    0.9273    0.1099  2.2474e-15  2.6632e-16  2.4236e-15
1411.6968   1907.16    0.9368    0.1090  2.2693e-15  2.6403e-16  2.4224e-15
1411.7267   1913.55    1.1170    0.1210  2.7043e-15  2.9295e-16  2.4211e-15
1411.7566   1919.94    0.9661    0.1102  2.3378e-15  2.6659e-16  2.4199e-15
1411.7865   1926.33    1.0262    0.1162  2.4820e-15  2.8105e-16  2.4186e-15
1411.8164   1932.73    1.0620    0.1164  2.5673e-15  2.8132e-16  2.4174e-15
1411.8463   1939.12    0.9382    0.1123  2.2669e-15  2.7144e-16  2.4161e-15
1411.8762   1945.51    0.8244    0.1019  1.9909e-15  2.4614e-16  2.4149e-15
1411.9061   1951.90    0.9150    0.1082  2.2086e-15  2.6117e-16  2.4137e-15
1411.9361   1958.30    0.9695    0.1063  2.3389e-15  2.5643e-16  2.4124e-15
1411.9660   1964.69    0.9128    0.0921  2.2010e-15  2.2197e-16  2.4112e-15
1411.9959   1971.08    0.7968    0.0859  1.9203e-15  2.0701e-16  2.4099e-15
1412.0258   1977.47    0.8934    0.0928  2.1520e-15  2.2353e-16  2.4087e-15
1412.0557   1983.86    1.1058    0.1017  2.6622e-15  2.4481e-16  2.4075e-15
1412.0856   1990.26    1.0954    0.1029  2.6358e-15  2.4771e-16  2.4062e-15
1412.1155   1996.65    0.9391    0.0936  2.2586e-15  2.2521e-16  2.4050e-15
1412.1454   2003.04    0.8278    0.0885  1.9898e-15  2.1284e-16  2.4038e-15
1412.1753   2009.43    0.9954    0.0970  2.3914e-15  2.3305e-16  2.4026e-15
1412.2052   2015.82    0.9077    0.0939  2.1796e-15  2.2537e-16  2.4013e-15
1412.2352   2022.22    0.9505    0.0939  2.2813e-15  2.2528e-16  2.4001e-15
1412.2651   2028.61    0.9716    0.0965  2.3309e-15  2.3144e-16  2.3989e-15
1412.2950   2035.00    1.0451    0.1001  2.5057e-15  2.4006e-16  2.3977e-15
1412.3249   2041.39    0.9635    0.0956  2.3089e-15  2.2922e-16  2.3964e-15
1412.3548   2047.79    0.9569    0.0951  2.2920e-15  2.2767e-16  2.3952e-15
1412.3847   2054.18    1.0680    0.1010  2.5567e-15  2.4181e-16  2.3940e-15
1412.4146   2060.57    0.8408    0.0901  2.0119e-15  2.1558e-16  2.3928e-15
1412.4445   2066.96    0.9153    0.0938  2.1890e-15  2.2442e-16  2.3916e-15
1412.4744   2073.35    1.1037    0.1031  2.6382e-15  2.4636e-16  2.3903e-15
1412.5043   2079.75    1.0212    0.0996  2.4397e-15  2.3788e-16  2.3891e-15
1412.5343   2086.14    0.8202    0.0885  1.9586e-15  2.1140e-16  2.3879e-15
1412.5642   2092.53    1.0723    0.1021  2.5592e-15  2.4368e-16  2.3867e-15
1412.5941   2098.92    0.9502    0.0985  2.2666e-15  2.3497e-16  2.3855e-15
1412.6240   2105.32    0.9629    0.1058  2.2959e-15  2.5217e-16  2.3843e-15
1412.6539   2111.71    0.9094    0.0989  2.1672e-15  2.3575e-16  2.3831e-15
1412.6838   2118.10    1.2051    0.1187  2.8704e-15  2.8271e-16  2.3819e-15
1412.7137   2124.49    0.9388    0.1027  2.2351e-15  2.4462e-16  2.3807e-15
1412.7436   2130.88    0.8029    0.0947  1.9106e-15  2.2526e-16  2.3795e-15
1412.7735   2137.28    0.8333    0.0993  1.9818e-15  2.3619e-16  2.3783e-15
1412.8034   2143.67    0.9145    0.1061  2.1739e-15  2.5210e-16  2.3771e-15
1412.8334   2150.06    0.8418    0.1007  2.0000e-15  2.3918e-16  2.3759e-15
1412.8633   2156.45    0.9101    0.1040  2.1611e-15  2.4696e-16  2.3747e-15
1412.8932   2162.85    0.8801    0.1010  2.0890e-15  2.3979e-16  2.3735e-15
1412.9231   2169.24    0.9029    0.1041  2.1419e-15  2.4706e-16  2.3723e-15
1412.9530   2175.63    0.9315    0.1039  2.2086e-15  2.4630e-16  2.3712e-15
1412.9829   2182.02    1.0605    0.1114  2.5133e-15  2.6411e-16  2.3700e-15
1413.0128   2188.41    1.0819    0.1125  2.5628e-15  2.6648e-16  2.3688e-15
1413.0427   2194.81    0.9499    0.1069  2.2491e-15  2.5310e-16  2.3676e-15
1413.0726   2201.20    0.8658    0.1006  2.0489e-15  2.3801e-16  2.3664e-15
1413.1025   2207.59    1.0175    0.1097  2.4067e-15  2.5948e-16  2.3652e-15
1413.1325   2213.98    0.7916    0.0962  1.8713e-15  2.2750e-16  2.3641e-15
1413.1624   2220.38    1.0101    0.1101  2.3868e-15  2.6017e-16  2.3629e-15
1413.1923   2226.77    1.0430    0.1073  2.4632e-15  2.5353e-16  2.3617e-15
1413.2222   2233.16    0.9679    0.1021  2.2849e-15  2.4107e-16  2.3605e-15
1413.2521   2239.55    0.9586    0.1010  2.2616e-15  2.3837e-16  2.3594e-15
1413.2820   2245.94    0.9301    0.0952  2.1934e-15  2.2455e-16  2.3582e-15
1413.3119   2252.34    0.9913    0.0986  2.3366e-15  2.3250e-16  2.3570e-15
1413.3418   2258.73    0.9482    0.0954  2.2338e-15  2.2464e-16  2.3559e-15
1413.3717   2265.12    0.9355    0.0961  2.2029e-15  2.2632e-16  2.3547e-15
1413.4016   2271.51    0.9762    0.0969  2.2976e-15  2.2812e-16  2.3536e-15
1413.4316   2277.90    0.9918    0.0977  2.3330e-15  2.2986e-16  2.3524e-15
1413.4615   2284.30    1.0094    0.0993  2.3733e-15  2.3353e-16  2.3513e-15
