# Wave  Vhel  NormFlux  NormErr      Flux        Error       Continuum
1181.0309  -2363.49    1.0309    0.1141  3.0324e-15  3.3559e-16  2.9414e-15
1181.0608  -2355.96    0.9355    0.1088  2.7511e-15  3.1999e-16  2.9408e-15
1181.0907  -2348.43    1.0660    0.1160  3.1342e-15  3.4097e-16  2.9402e-15
1181.1206  -2340.89    0.9688    0.1107  2.8478e-15  3.2534e-16  2.9396e-15
1181.1505  -2333.36    1.0473    0.1150  3.0782e-15  3.3789e-16  2.9390e-15
1181.1804  -2325.83    0.9467    0.1094  2.7817e-15  3.2156e-16  2.9384e-15
1181.2103  -2318.30    0.9663    0.1105  2.8387e-15  3.2478e-16  2.9378e-15
1181.2402  -2310.76    0.8126    0.1017  2.3869e-15  2.9857e-16  2.9372e-15
1181.2701  -2303.23    0.9289    0.1084  2.7279e-15  3.1847e-16  2.9366e-15
1181.3000  -2295.70    1.0003    0.1124  2.9369e-15  3.3006e-16  2.9361e-15
1181.3300  -2288.17    0.8495    0.1038  2.4938e-15  3.0473e-16  2.9355e-15
1181.3599  -2280.63    0.9275    0.1083  2.7222e-15  3.1796e-16  2.9349e-15
1181.3898  -2273.10    0.9871    0.1117  2.8963e-15  3.2765e-16  2.9343e-15
1181.4197  -2265.57    1.0369    0.1143  3.0418e-15  3.3546e-16  2.9337e-15
1181.4496  -2258.04    0.9607    0.1101  2.8177e-15  3.2305e-16  2.9331e-15
1181.4795  -2250.50    1.0442    0.1147  3.0623e-15  3.3644e-16  2.9326e-15
1181.5094  -2242.97    1.0637    0.1158  3.1186e-15  3.3944e-16  2.9320e-15
1181.5393  -2235.44    0.9667    0.1105  2.8338e-15  3.2391e-16  2.9314e-15
1181.5692  -2227.91    0.8993    0.1067  2.6356e-15  3.1268e-16  2.9308e-15
1181.5991  -2220.37    0.9554    0.1099  2.7997e-15  3.2191e-16  2.9302e-15
1181.6291  -2212.84    0.9637    0.1103  2.8235e-15  3.2323e-16  2.9297e-15
1181.6590  -2205.31    0.9706    0.1107  2.8430e-15  3.2420e-16  2.9291e-15
1181.6889  -2197.78    0.9298    0.1084  2.7229e-15  3.1738e-16  2.9285e-15
1181.7188  -2190.24    0.9253    0.1081  2.7093e-15  3.1657e-16  2.9280e-15
1181.7487  -2182.71    0.7903    0.1001  2.3135e-15  2.9306e-16  2.9274e-15
1181.7786  -2175.18    1.0314    0.1139  3.0187e-15  3.3349e-16  2.9268e-15
1181.8085  -2167.65    0.9004    0.1066  2.6348e-15  3.1204e-16  2.9263e-15
1181.8384  -2160.11    1.0432    0.1146  3.0521e-15  3.3521e-16  2.9257e-15
1181.8683  -2152.58    1.0778    0.1164  3.1528e-15  3.4055e-16  2.9251e-15
1181.8982  -2145.05    0.8079    0.1011  2.3628e-15  2.9578e-16  2.9246e-15
1181.9282  -2137.52    0.8706    0.1049  2.5456e-15  3.0665e-16  2.9240e-15
1181.9581  -2129.98    0.9105    0.1072  2.6618e-15  3.1334e-16  2.9235e-15
1181.9880  -2122.45    0.7676    0.0986  2.2436e-15  2.8819e-16  2.9229e-15
1182.0179  -2114.92    0.8723    0.1049  2.5493e-15  3.0657e-16  2.9224e-15
1182.0478  -2107.39    1.0166    0.1130  2.9702e-15  3.3029e-16  2.9218e-15
1182.0777  -2099.85    0.9410    0.1089  2.7488e-15  3.1802e-16  2.9213e-15
1182.1076  -2092.32    0.8591    0.1041  2.5093e-15  3.0414e-16  2.9207e-15
1182.1375  -2084.79    0.9202    0.1077  2.6872e-15  3.1441e-16  2.9202e-15
1182.1674  -2077.26    0.8690    0.1047  2.5372e-15  3.0564e-16  2.9196e-15
1182.1973  -2069.72    1.1015    0.1175  3.2155e-15  3.4309e-16  2.9191e-15
1182.2273  -2062.19    0.9379    0.1086  2.7372e-15  3.1695e-16  2.9185e-15
1182.2572  -2054.66    0.9941    0.1117  2.9007e-15  3.2604e-16  2.9180e-15
1182.2871  -2047.13    0.9961    0.1118  2.9061e-15  3.2631e-16  2.9175e-15
1182.3170  -2039.59    1.0525    0.1149  3.0700e-15  3.3526e-16  2.9169e-15
1182.3469  -2032.06    0.9043    0.1067  2.6373e-15  3.1129e-16  2.9164e-15
1182.3768  -2024.53    0.8723    0.1048  2.5435e-15  3.0572e-16  2.9158e-15
1182.4067  -2017.00    1.0397    0.1142  3.0310e-15  3.3307e-16  2.9153e-15
1182.4366  -2009.46    0.9308    0.1083  2.7132e-15  3.1558e-16  2.9148e-15
1182.4665  -2001.93    0.9982    0.1120  2.9091e-15  3.2644e-16  2.9143e-15
1182.4964  -1994.40    1.0557    0.1151  3.0759e-15  3.3536e-16  2.9137e-15
1182.5264  -1986.87    0.9676    0.1103  2.8188e-15  3.2136e-16  2.9132e-15
1182.5563  -1979.33    0.9447    0.1090  2.7516e-15  3.1760e-16  2.9127e-15
1182.5862  -1971.80    1.1773    0.1214  3.4285e-15  3.5359e-16  2.9122e-15
1182.6161  -1964.27    0.9305    0.1083  2.7093e-15  3.1520e-16  2.9116e-15
1182.6460  -1956.74    0.7776    0.0992  2.2636e-15  2.8880e-16  2.9111e-15
1182.6759  -1949.20    0.9459    0.1091  2.7532e-15  3.1760e-16  2.9106e-15
1182.7058  -1941.67    0.9978    0.1120  2.9037e-15  3.2591e-16  2.9101e-15
1182.7357  -1934.14    1.0015    0.1122  2.9139e-15  3.2641e-16  2.9096e-15
1182.7656  -1926.61    0.9679    0.1103  2.8155e-15  3.2096e-16  2.9090e-15
1182.7955  -1919.07    1.1834    0.1217  3.4419e-15  3.5411e-16  2.9085e-15
1182.8255  -1911.54    0.8898    0.1059  2.5876e-15  3.0804e-16  2.9080e-15
1182.8554  -1904.01    0.9987    0.1121  2.9038e-15  3.2584e-16  2.9075e-15
1182.8853  -1896.48    1.1766    0.1214  3.4205e-15  3.5297e-16  2.9070e-15
1182.9152  -1888.94    1.1105    0.1180  3.2276e-15  3.4298e-16  2.9065e-15
1182.9451  -1881.41    1.0696    0.1159  3.1082e-15  3.3668e-16  2.9060e-15
1182.9750  -1873.88    1.0636    0.1155  3.0904e-15  3.3564e-16  2.9055e-15
1183.0049  -1866.35    0.9606    0.1099  2.7907e-15  3.1934e-16  2.9050e-15
1183.0348  -1858.81    0.8790    0.1053  2.5530e-15  3.0581e-16  2.9045e-15
1183.0647  -1851.28    1.0941    0.1171  3.1773e-15  3.4002e-16  2.9040e-15
1183.0946  -1843.75    0.9470    0.1091  2.7497e-15  3.1671e-16  2.9035e-15
1183.1246  -1836.22    0.9284    0.1080  2.6953e-15  3.1358e-16  2.9030e-15
1183.1545  -1828.68    0.9445    0.1089  2.7413e-15  3.1611e-16  2.9025e-15
1183.1844  -1821.15    1.0398    0.1141  3.0175e-15  3.3120e-16  2.9020e-15
1183.2143  -1813.62    0.8407    0.1029  2.4393e-15  2.9849e-16  2.9015e-15
1183.2442  -1806.09    0.9737    0.1105  2.8249e-15  3.2051e-16  2.9011e-15
1183.2741  -1798.55    1.0105    0.1124  2.9310e-15  3.2615e-16  2.9006e-15
1183.3040  -1791.02    1.1985    0.1222  3.4757e-15  3.5442e-16  2.9001e-15
1183.3339  -1783.49    1.0330    0.1136  2.9952e-15  3.2944e-16  2.8996e-15
1183.3638  -1775.96    0.9677    0.1100  2.8056e-15  3.1899e-16  2.8991e-15
1183.3937  -1768.42    1.0514    0.1145  3.0476e-15  3.3203e-16  2.8986e-15
1183.4237  -1760.89    1.1063    0.1174  3.2062e-15  3.4031e-16  2.8982e-15
1183.4536  -1753.36    1.0728    0.1156  3.1087e-15  3.3510e-16  2.8977e-15
1183.4835  -1745.83    1.0558    0.1147  3.0589e-15  3.3240e-16  2.8972e-15
1183.5134  -1738.29    0.9200    0.1073  2.6650e-15  3.1076e-16  2.8967e-15
1183.5433  -1730.76    1.1484    0.1195  3.3260e-15  3.4620e-16  2.8963e-15
1183.5732  -1723.23    0.9149    0.1070  2.6494e-15  3.0973e-16  2.8958e-15
1183.6031  -1715.70    1.0402    0.1139  3.0117e-15  3.2968e-16  2.8953e-15
1183.6330  -1708.16    0.8490    0.1031  2.4577e-15  2.9845e-16  2.8949e-15
1183.6629  -1700.63    0.8398    0.1025  2.4307e-15  2.9676e-16  2.8944e-15
1183.6928  -1693.10    1.0477    0.1142  3.0319e-15  3.3051e-16  2.8940e-15
1183.7228  -1685.57    0.9518    0.1090  2.7539e-15  3.1527e-16  2.8935e-15
1183.7527  -1678.03    0.9001    0.1060  2.6040e-15  3.0680e-16  2.8930e-15
1183.7826  -1670.50    0.9485    0.1088  2.7437e-15  3.1463e-16  2.8926e-15
1183.8125  -1662.97    0.9413    0.1084  2.7223e-15  3.1347e-16  2.8921e-15
1183.8424  -1655.44    1.0401    0.1138  3.0075e-15  3.2907e-16  2.8917e-15
1183.8723  -1647.90    1.0081    0.1121  2.9146e-15  3.2405e-16  2.8912e-15
1183.9022  -1640.37    1.0786    0.1158  3.1179e-15  3.3483e-16  2.8908e-15
1183.9321  -1632.84    0.9406    0.1083  2.7185e-15  3.1316e-16  2.8903e-15
1183.9620  -1625.31    0.9361    0.1081  2.7052e-15  3.1241e-16  2.8899e-15
1183.9919  -1617.77    0.9392    0.1083  2.7139e-15  3.1281e-16  2.8894e-15
1184.0219  -1610.24    1.0449    0.1140  3.0186e-15  3.2937e-16  2.8890e-15
1184.0518  -1602.71    1.0150    0.1124  2.9319e-15  3.2466e-16  2.8886e-15
1184.0817  -1595.18    0.8621    0.1038  2.4898e-15  2.9988e-16  2.8881e-15
1184.1116  -1587.64    0.9615    0.1095  2.7766e-15  3.1617e-16  2.8877e-15
1184.1415  -1580.11    0.9605    0.1094  2.7732e-15  3.1585e-16  2.8873e-15
1184.1714  -1572.58    1.1656    0.1202  3.3650e-15  3.4706e-16  2.8868e-15
1184.2013  -1565.05    0.9177    0.1070  2.6488e-15  3.0875e-16  2.8864e-15
1184.2312  -1557.51    1.0098    0.1120  2.9142e-15  3.2335e-16  2.8860e-15
1184.2611  -1549.98    0.9986    0.1114  2.8816e-15  3.2151e-16  2.8855e-15
1184.2910  -1542.45    1.0252    0.1129  2.9577e-15  3.2568e-16  2.8851e-15
1184.3210  -1534.92    1.0120    0.1121  2.9193e-15  3.2342e-16  2.8847e-15
1184.3509  -1527.38    1.0400    0.1136  2.9997e-15  3.2768e-16  2.8843e-15
1184.3808  -1519.85    1.0323    0.1132  2.9771e-15  3.2642e-16  2.8839e-15
1184.4107  -1512.32    1.0001    0.1115  2.8836e-15  3.2137e-16  2.8834e-15
1184.4406  -1504.79    1.0759    0.1155  3.1017e-15  3.3297e-16  2.8830e-15
1184.4705  -1497.25    0.9982    0.1114  2.8774e-15  3.2107e-16  2.8826e-15
1184.5004  -1489.72    0.9580    0.1091  2.7611e-15  3.1447e-16  2.8822e-15
1184.5303  -1482.19    0.8485    0.1028  2.4452e-15  2.9638e-16  2.8818e-15
1184.5602  -1474.66    1.0021    0.1115  2.8874e-15  3.2129e-16  2.8814e-15
1184.5901  -1467.12    1.1072    0.1170  3.1898e-15  3.3713e-16  2.8810e-15
1184.6201  -1459.59    0.9877    0.1107  2.8452e-15  3.1886e-16  2.8806e-15
1184.6500  -1452.06    0.7966    0.0997  2.2943e-15  2.8718e-16  2.8802e-15
1184.6799  -1444.53    1.0618    0.1147  3.0577e-15  3.3027e-16  2.8798e-15
1184.7098  -1437.00    0.9866    0.1106  2.8408e-15  3.1845e-16  2.8794e-15
1184.7397  -1429.46    0.9031    0.1059  2.6001e-15  3.0489e-16  2.8790e-15
1184.7696  -1421.93    0.8989    0.1148  2.5876e-15  3.3038e-16  2.8786e-15
1184.7995  -1414.40    1.1843    0.1454  3.4087e-15  4.1855e-16  2.8782e-15
1184.8294  -1406.87    1.0615    0.1571  3.0548e-15  4.5202e-16  2.8778e-15
1184.8593  -1399.33    1.0349    0.1560  2.9779e-15  4.4891e-16  2.8774e-15
1184.8892  -1391.80    0.9746    0.1482  2.8040e-15  4.2627e-16  2.8770e-15
1184.9192  -1384.27    1.0149    0.1517  2.9194e-15  4.3631e-16  2.8766e-15
1184.9491  -1376.74    0.8214    0.1356  2.3626e-15  3.8992e-16  2.8763e-15
1184.9790  -1369.20    1.0613    0.1531  3.0523e-15  4.4034e-16  2.8759e-15
1185.0089  -1361.67    0.8789    0.1457  2.5274e-15  4.1892e-16  2.8755e-15
1185.0388  -1354.14    0.9478    0.1426  2.7250e-15  4.0989e-16  2.8751e-15
1185.0687  -1346.61    1.0492    0.1479  3.0161e-15  4.2532e-16  2.8748e-15
1185.0986  -1339.07    1.1592    0.1601  3.3320e-15  4.6021e-16  2.8744e-15
1185.1285  -1331.54    1.1468    0.1620  3.2960e-15  4.6571e-16  2.8740e-15
1185.1584  -1324.01    0.9684    0.1488  2.7830e-15  4.2757e-16  2.8736e-15
1185.1883  -1316.48    1.2036    0.1644  3.4581e-15  4.7224e-16  2.8733e-15
1185.2183  -1308.94    1.0348    0.1536  2.9728e-15  4.4127e-16  2.8729e-15
1185.2482  -1301.41    0.9009    0.1435  2.5880e-15  4.1212e-16  2.8726e-15
1185.2781  -1293.88    1.1230    0.1567  3.2255e-15  4.5016e-16  2.8722e-15
1185.3080  -1286.35    0.9711    0.1464  2.7888e-15  4.2039e-16  2.8718e-15
1185.3379  -1278.81    1.0377    0.1427  2.9798e-15  4.0965e-16  2.8715e-15
1185.3678  -1271.28    1.0837    0.1231  3.1115e-15  3.5330e-16  2.8711e-15
1185.3977  -1263.75    1.0079    0.1113  2.8935e-15  3.1953e-16  2.8708e-15
1185.4276  -1256.22    0.9355    0.1073  2.6852e-15  3.0804e-16  2.8704e-15
1185.4575  -1248.68    0.8450    0.1021  2.4253e-15  2.9292e-16  2.8701e-15
1185.4874  -1241.15    0.9829    0.1098  2.8205e-15  3.1512e-16  2.8697e-15
1185.5174  -1233.62    1.0424    0.1130  2.9910e-15  3.2430e-16  2.8694e-15
1185.5473  -1226.09    0.9052    0.1055  2.5971e-15  3.0265e-16  2.8690e-15
1185.5772  -1218.55    1.0255    0.1121  2.9419e-15  3.2165e-16  2.8687e-15
1185.6071  -1211.02    1.0097    0.1113  2.8962e-15  3.1914e-16  2.8684e-15
1185.6370  -1203.49    1.0119    0.1113  2.9022e-15  3.1927e-16  2.8680e-15
1185.6669  -1195.96    0.9408    0.1074  2.6978e-15  3.0797e-16  2.8677e-15
1185.6968  -1188.42    0.9071    0.1055  2.6010e-15  3.0248e-16  2.8674e-15
1185.7267  -1180.89    0.8211    0.1005  2.3542e-15  2.8815e-16  2.8670e-15
1185.7566  -1173.36    0.9097    0.1056  2.6078e-15  3.0283e-16  2.8667e-15
1185.7865  -1165.83    1.0210    0.1117  2.9266e-15  3.2016e-16  2.8664e-15
1185.8165  -1158.29    1.1657    0.1192  3.3411e-15  3.4157e-16  2.8661e-15
1185.8464  -1150.76    0.9650    0.1086  2.7654e-15  3.1136e-16  2.8657e-15
1185.8763  -1143.23    1.1142    0.1166  3.1925e-15  3.3399e-16  2.8654e-15
1185.9062  -1135.70    1.0501    0.1132  3.0088e-15  3.2438e-16  2.8651e-15
1185.9361  -1128.16    0.9708    0.1089  2.7811e-15  3.1208e-16  2.8648e-15
1185.9660  -1120.63    1.0370    0.1125  2.9704e-15  3.2223e-16  2.8645e-15
1185.9959  -1113.10    1.0493    0.1131  3.0054e-15  3.2401e-16  2.8642e-15
1186.0258  -1105.57    0.9157    0.1058  2.6225e-15  3.0304e-16  2.8639e-15
1186.0557  -1098.03    1.1009    0.1157  3.1526e-15  3.3142e-16  2.8636e-15
1186.0856  -1090.50    0.9913    0.1099  2.8382e-15  3.1477e-16  2.8633e-15
1186.1156  -1082.97    0.9971    0.1103  2.8547e-15  3.1565e-16  2.8629e-15
1186.1455  -1075.44    0.9174    0.1058  2.6261e-15  3.0295e-16  2.8626e-15
1186.1754  -1067.90    0.9116    0.1055  2.6092e-15  3.0196e-16  2.8624e-15
1186.2053  -1060.37    0.8849    0.1040  2.5328e-15  2.9753e-16  2.8621e-15
1186.2352  -1052.84    0.8883    0.1042  2.5422e-15  2.9807e-16  2.8618e-15
1186.2651  -1045.31    1.1150    0.1164  3.1905e-15  3.3294e-16  2.8615e-15
1186.2950  -1037.77    1.0166    0.1112  2.9087e-15  3.1821e-16  2.8612e-15
1186.3249  -1030.24    0.9280    0.1064  2.6548e-15  3.0429e-16  2.8609e-15
1186.3548  -1022.71    0.9630    0.1083  2.7547e-15  3.0975e-16  2.8606e-15
1186.3847  -1015.18    0.8046    0.0992  2.3013e-15  2.8372e-16  2.8603e-15
1186.4147  -1007.64    0.8101    0.0995  2.3168e-15  2.8462e-16  2.8601e-15
1186.4446  -1000.11    1.0461    0.1127  2.9917e-15  3.2238e-16  2.8598e-15
1186.4745   -992.58    0.9499    0.1076  2.7162e-15  3.0757e-16  2.8595e-15
1186.5044   -985.05    1.0399    0.1124  2.9734e-15  3.2135e-16  2.8592e-15
1186.5343   -977.51    1.0437    0.1126  2.9839e-15  3.2185e-16  2.8590e-15
1186.5642   -969.98    1.0599    0.1134  3.0299e-15  3.2415e-16  2.8587e-15
1186.5941   -962.45    1.0310    0.1119  2.9469e-15  3.1979e-16  2.8584e-15
1186.6240   -954.92    0.9466    0.1073  2.7054e-15  3.0668e-16  2.8582e-15
1186.6539   -947.38    0.9753    0.1089  2.7874e-15  3.1110e-16  2.8579e-15
1186.6838   -939.85    1.0320    0.1119  2.9489e-15  3.1976e-16  2.8576e-15
1186.7138   -932.32    0.8599    0.1024  2.4570e-15  2.9253e-16  2.8574e-15
1186.7437   -924.79    0.9638    0.1082  2.7536e-15  3.0913e-16  2.8571e-15
1186.7736   -917.25    1.0456    0.1126  2.9870e-15  3.2168e-16  2.8569e-15
1186.8035   -909.72    0.9546    0.1077  2.7268e-15  3.0761e-16  2.8566e-15
1186.8334   -902.19    1.0477    0.1127  2.9925e-15  3.2180e-16  2.8564e-15
1186.8633   -894.66    1.0233    0.1114  2.9227e-15  3.1806e-16  2.8561e-15
1186.8932   -887.12    0.8423    0.1013  2.4054e-15  2.8920e-16  2.8559e-15
1186.9231   -879.59    0.9137    0.1053  2.6092e-15  3.0080e-16  2.8556e-15
1186.9530   -872.06    0.9118    0.1052  2.6035e-15  3.0045e-16  2.8554e-15
1186.9829   -864.53    0.9687    0.1083  2.7658e-15  3.0933e-16  2.8552e-15
1187.0129   -856.99    1.2317    0.1218  3.5165e-15  3.4778e-16  2.8549e-15
1187.0428   -849.46    1.0296    0.1116  2.9393e-15  3.1853e-16  2.8547e-15
1187.0727   -841.93    1.0694    0.1137  3.0526e-15  3.2443e-16  2.8545e-15
1187.1026   -834.40    0.9389    0.1067  2.6799e-15  3.0446e-16  2.8542e-15
1187.1325   -826.86    0.9219    0.1057  2.6310e-15  3.0166e-16  2.8540e-15
1187.1624   -819.33    0.9334    0.1063  2.6638e-15  3.0344e-16  2.8538e-15
1187.1923   -811.80    1.0878    0.1145  3.1040e-15  3.2687e-16  2.8536e-15
1187.2222   -804.27    1.0492    0.1125  2.9937e-15  3.2110e-16  2.8533e-15
1187.2521   -796.73    1.0164    0.1108  2.9000e-15  3.1609e-16  2.8531e-15
1187.2820   -789.20    0.9727    0.1085  2.7749e-15  3.0940e-16  2.8529e-15
1187.3120   -781.67    0.9671    0.1081  2.7588e-15  3.0846e-16  2.8527e-15
1187.3419   -774.14    1.1126    0.1158  3.1737e-15  3.3025e-16  2.8525e-15
1187.3718   -766.60    1.1208    0.1162  3.1967e-15  3.3153e-16  2.8523e-15
1187.4017   -759.07    0.9330    0.1063  2.6609e-15  3.0312e-16  2.8521e-15
1187.4316   -751.54    1.0405    0.1120  2.9674e-15  3.1942e-16  2.8519e-15
1187.4615   -744.01    0.9717    0.1083  2.7709e-15  3.0879e-16  2.8517e-15
1187.4914   -736.47    0.8799    0.1031  2.5090e-15  2.9411e-16  2.8515e-15
1187.5213   -728.94    0.8200    0.0997  2.3380e-15  2.8416e-16  2.8513e-15
1187.5512   -721.41    0.7243    0.0938  2.0651e-15  2.6746e-16  2.8511e-15
1187.5811   -713.88    0.9018    0.1043  2.5711e-15  2.9744e-16  2.8509e-15
1187.6111   -706.34    1.0734    0.1136  3.0600e-15  3.2378e-16  2.8507e-15
1187.6410   -698.81    1.0491    0.1123  2.9905e-15  3.2012e-16  2.8506e-15
1187.6709   -691.28    0.9607    0.1076  2.7383e-15  3.0666e-16  2.8504e-15
1187.7008   -683.75    0.9490    0.1069  2.7050e-15  3.0472e-16  2.8502e-15
1187.7307   -676.21    1.0035    0.1098  2.8601e-15  3.1304e-16  2.8500e-15
1187.7606   -668.68    0.9415    0.1065  2.6833e-15  3.0339e-16  2.8499e-15
1187.7905   -661.15    1.1939    0.1195  3.4022e-15  3.4059e-16  2.8497e-15
1187.8204   -653.62    0.9638    0.1076  2.7463e-15  3.0658e-16  2.8495e-15
1187.8503   -646.08    0.9333    0.1059  2.6593e-15  3.0186e-16  2.8494e-15
1187.8802   -638.55    1.0094    0.1101  2.8761e-15  3.1362e-16  2.8492e-15
1187.9102   -631.02    0.9449    0.1066  2.6920e-15  3.0358e-16  2.8491e-15
1187.9401   -623.49    1.1672    0.1182  3.3253e-15  3.3660e-16  2.8489e-15
1187.9700   -615.95    1.1443    0.1170  3.2599e-15  3.3333e-16  2.8488e-15
1187.9999   -608.42    0.9867    0.1088  2.8106e-15  3.1006e-16  2.8486e-15
1188.0298   -600.89    0.7881    0.0975  2.2449e-15  2.7783e-16  2.8485e-15
1188.0597   -593.36    1.0095    0.1100  2.8753e-15  3.1341e-16  2.8483e-15
1188.0896   -585.82    1.0065    0.1099  2.8667e-15  3.1290e-16  2.8482e-15
1188.1195   -578.29    0.9528    0.1069  2.7135e-15  3.0446e-16  2.8481e-15
1188.1494   -570.76    0.9492    0.1067  2.7032e-15  3.0394e-16  2.8479e-15
1188.1793   -563.23    1.0349    0.1113  2.9472e-15  3.1696e-16  2.8478e-15
1188.2093   -555.69    1.0310    0.1111  2.9359e-15  3.1629e-16  2.8477e-15
1188.2392   -548.16    0.8987    0.1039  2.5591e-15  2.9573e-16  2.8475e-15
1188.2691   -540.63    1.0294    0.1109  2.9312e-15  3.1583e-16  2.8474e-15
1188.2990   -533.10    1.0606    0.1126  3.0199e-15  3.2052e-16  2.8473e-15
1188.3289   -525.56    1.1506    0.1171  3.2760e-15  3.3349e-16  2.8472e-15
1188.3588   -518.03    0.7903    0.0975  2.2501e-15  2.7753e-16  2.8470e-15
1188.3887   -510.50    0.9733    0.1079  2.7710e-15  3.0707e-16  2.8469e-15
1188.4186   -502.97    1.0310    0.1109  2.9350e-15  3.1571e-16  2.8468e-15
1188.4485   -495.43    1.2552    0.1221  3.5731e-15  3.4764e-16  2.8467e-15
1188.4784   -487.90    0.8991    0.1037  2.5592e-15  2.9528e-16  2.8466e-15
1188.5084   -480.37    0.8302    0.0998  2.3632e-15  2.8396e-16  2.8465e-15
1188.5383   -472.84    1.0100    0.1098  2.8747e-15  3.1239e-16  2.8464e-15
1188.5682   -465.30    0.9537    0.1067  2.7145e-15  3.0379e-16  2.8463e-15
1188.5981   -457.77    1.0012    0.1175  2.8497e-15  3.3451e-16  2.8462e-15
1188.6280   -450.24    1.1374    0.1523  3.2372e-15  4.3336e-16  2.8461e-15
1188.6579   -442.71    0.8743    0.1352  2.4883e-15  3.8481e-16  2.8460e-15
1188.6878   -435.17    0.9935    0.1461  2.8273e-15  4.1574e-16  2.8459e-15
1188.7177   -427.64    1.0242    0.1467  2.9148e-15  4.1745e-16  2.8458e-15
1188.7476   -420.11    0.8850    0.1359  2.5185e-15  3.8665e-16  2.8457e-15
1188.7775   -412.58    1.0396    0.1477  2.9585e-15  4.2035e-16  2.8457e-15
1188.8075   -405.04    1.1093    0.1482  3.1566e-15  4.2171e-16  2.8456e-15
1188.8374   -397.51    0.9339    0.1398  2.6574e-15  3.9790e-16  2.8455e-15
1188.8673   -389.98    1.1068    0.1485  3.1494e-15  4.2255e-16  2.8454e-15
1188.8972   -382.45    1.1318    0.1553  3.2202e-15  4.4197e-16  2.8454e-15
1188.9271   -374.91    0.9688    0.1490  2.7566e-15  4.2386e-16  2.8453e-15
1188.9570   -367.38    1.0578    0.1512  3.0096e-15  4.3032e-16  2.8452e-15
1188.9869   -359.85    0.9852    0.1404  2.8031e-15  3.9951e-16  2.8451e-15
1189.0168   -352.32    1.2275    0.1543  3.4923e-15  4.3910e-16  2.8451e-15
1189.0467   -344.78    0.8963    0.1389  2.5501e-15  3.9525e-16  2.8450e-15
1189.0766   -337.25    0.9927    0.1443  2.8243e-15  4.1060e-16  2.8450e-15
1189.1066   -329.72    1.0243    0.1452  2.9141e-15  4.1314e-16  2.8449e-15
1189.1365   -322.19    1.0138    0.1450  2.8840e-15  4.1255e-16  2.8448e-15
1189.1664   -314.65    1.0372    0.1432  2.9506e-15  4.0729e-16  2.8448e-15
1189.1963   -307.12    1.0186    0.1128  2.8976e-15  3.2096e-16  2.8447e-15
1189.2262   -299.59    1.0582    0.1120  3.0103e-15  3.1849e-16  2.8447e-15
1189.2561   -292.06    1.0759    0.1129  3.0605e-15  3.2105e-16  2.8446e-15
1189.2860   -284.52    1.0846    0.1133  3.0852e-15  3.2224e-16  2.8446e-15
1189.3159   -276.99    0.9272    0.1049  2.6376e-15  2.9839e-16  2.8446e-15
1189.3458   -269.46    0.9997    0.1088  2.8435e-15  3.0949e-16  2.8445e-15
1189.3757   -261.93    0.8947    0.1031  2.5449e-15  2.9315e-16  2.8445e-15
1189.4057   -254.39    0.9949    0.1086  2.8300e-15  3.0877e-16  2.8444e-15
1189.4356   -246.86    0.9643    0.1069  2.7429e-15  3.0396e-16  2.8444e-15
1189.4655   -239.33    1.0127    0.1094  2.8805e-15  3.1123e-16  2.8444e-15
1189.4954   -231.80    0.9178    0.1043  2.6104e-15  2.9658e-16  2.8443e-15
1189.5253   -224.26    0.8932    0.1029  2.5405e-15  2.9270e-16  2.8443e-15
1189.5552   -216.73    0.9112    0.1039  2.5916e-15  2.9552e-16  2.8443e-15
1189.5851   -209.20    0.8466    0.1002  2.4079e-15  2.8502e-16  2.8443e-15
1189.6150   -201.67    1.1237    0.1150  3.1960e-15  3.2723e-16  2.8442e-15
1189.6449   -194.13    0.9915    0.1082  2.8201e-15  3.0770e-16  2.8442e-15
1189.6748   -186.60    1.1073    0.1142  3.1495e-15  3.2473e-16  2.8442e-15
1189.7048   -179.07    1.2700    0.1221  3.6120e-15  3.4725e-16  2.8442e-15
1189.7347   -171.54    0.8886    0.1025  2.5274e-15  2.9146e-16  2.8442e-15
1189.7646   -164.00    0.9354    0.1051  2.6605e-15  2.9887e-16  2.8442e-15
1189.7945   -156.47    0.9289    0.1047  2.6419e-15  2.9784e-16  2.8442e-15
1189.8244   -148.94    0.8884    0.1025  2.5268e-15  2.9146e-16  2.8442e-15
1189.8543   -141.41    0.9941    0.1083  2.8275e-15  3.0792e-16  2.8442e-15
1189.8842   -133.87    0.7260    0.0929  2.0649e-15  2.6422e-16  2.8441e-15
1189.9141   -126.34    0.7431    0.0939  2.1134e-15  2.6717e-16  2.8441e-15
1189.9440   -118.81    0.5836    0.0836  1.6599e-15  2.3772e-16  2.8441e-15
1189.9739   -111.28    0.4299    0.0722  1.2226e-15  2.0543e-16  2.8442e-15
1190.0039   -103.74    0.4753    0.0757  1.3518e-15  2.1536e-16  2.8442e-15
1190.0338    -96.21    0.3713    0.0673  1.0562e-15  1.9146e-16  2.8442e-15
1190.0637    -88.68    0.2459    0.0556  6.9931e-16  1.5804e-16  2.8442e-15
1190.0936    -81.15    0.1715    0.0472  4.8773e-16  1.3424e-16  2.8442e-15
1190.1235    -73.61    0.1869    0.0491  5.3168e-16  1.3957e-16  2.8442e-15
1190.1534    -66.08    0.1063    0.0385  3.0242e-16  1.0961e-16  2.8442e-15
1190.1833    -58.55    0.0980    0.0373  2.7878e-16  1.0620e-16  2.8442e-15
1190.2132    -51.02    0.0587    0.0307  1.6700e-16  8.7343e-17  2.8442e-15
1190.2431    -43.48    0.0862    0.0354  2.4523e-16  1.0082e-16  2.8443e-15
1190.2730    -35.95    0.1315    0.0421  3.7400e-16  1.1971e-16  2.8443e-15
1190.3030    -28.42    0.0747    0.0335  2.1250e-16  9.5285e-17  2.8443e-15
1190.3329    -20.89    0.1235    0.0410  3.5137e-16  1.1665e-16  2.8443e-15
1190.3628    -13.35    0.1571    0.0454  4.4677e-16  1.2912e-16  2.8444e-15
1190.3927     -5.82    0.2452    0.0554  6.9751e-16  1.5756e-16  2.8444e-15
1190.4226      1.71    0.3208    0.0628  9.1260e-16  1.7853e-16  2.8444e-15
1190.4525      9.24    0.5551    0.0814  1.5788e-15  2.3144e-16  2.8445e-15
1190.4824     16.78    0.7963    0.0968  2.2651e-15  2.7544e-16  2.8445e-15
1190.5123     24.31    0.8061    0.0974  2.2929e-15  2.7699e-16  2.8445e-15
1190.5422     31.84    0.9216    0.1039  2.6216e-15  2.9562e-16  2.8446e-15
1190.5721     39.37    0.8878    0.1020  2.5255e-15  2.9021e-16  2.8446e-15
1190.6021     46.91    0.8808    0.1016  2.5055e-15  2.8907e-16  2.8446e-15
1190.6320     54.44    0.8597    0.1004  2.4455e-15  2.8561e-16  2.8447e-15
1190.6619     61.97    0.7963    0.0967  2.2653e-15  2.7513e-16  2.8447e-15
1190.6918     69.50    0.8083    0.0974  2.2995e-15  2.7717e-16  2.8448e-15
1190.7217     77.04    0.9439    0.1050  2.6851e-15  2.9882e-16  2.8448e-15
1190.7516     84.57    0.9646    0.1062  2.7442e-15  3.0206e-16  2.8449e-15
1190.7815     92.10    1.0652    0.1114  3.0303e-15  3.1695e-16  2.8449e-15
1190.8114     99.63    1.0273    0.1094  2.9226e-15  3.1131e-16  2.8450e-15
1190.8413    107.16    0.8636    0.1005  2.4570e-15  2.8600e-16  2.8450e-15
1190.8712    114.70    1.0048    0.1082  2.8588e-15  3.0788e-16  2.8451e-15
1190.9012    122.23    0.7317    0.0927  2.0818e-15  2.6385e-16  2.8451e-15
1190.9311    129.76    0.9195    0.1036  2.6161e-15  2.9484e-16  2.8452e-15
1190.9610    137.29    0.9770    0.1067  2.7799e-15  3.0358e-16  2.8453e-15
1190.9909    144.83    0.9044    0.1027  2.5732e-15  2.9223e-16  2.8453e-15
1191.0208    152.36    0.8311    0.0986  2.3648e-15  2.8049e-16  2.8454e-15
1191.0507    159.89    0.8963    0.1022  2.5503e-15  2.9093e-16  2.8455e-15
1191.0806    167.42    0.9060    0.1028  2.5779e-15  2.9242e-16  2.8455e-15
1191.1105    174.96    0.9497    0.1051  2.7024e-15  2.9916e-16  2.8456e-15
1191.1404    182.49    0.8098    0.0972  2.3043e-15  2.7671e-16  2.8457e-15
1191.1703    190.02    1.0038    0.1080  2.8567e-15  3.0728e-16  2.8457e-15
1191.2003    197.55    1.1059    0.1132  3.1470e-15  3.2216e-16  2.8458e-15
1191.2302    205.09    1.0041    0.1080  2.8574e-15  3.0728e-16  2.8459e-15
1191.2601    212.62    0.8900    0.1018  2.5329e-15  2.8977e-16  2.8460e-15
1191.2900    220.15    1.0021    0.1078  2.8519e-15  3.0689e-16  2.8460e-15
1191.3199    227.68    0.9247    0.1037  2.6318e-15  2.9503e-16  2.8461e-15
1191.3498    235.22    0.8702    0.1006  2.4768e-15  2.8643e-16  2.8462e-15
1191.3797    242.75    1.0323    0.1094  2.9382e-15  3.1136e-16  2.8463e-15
1191.4096    250.28    0.9675    0.1060  2.7539e-15  3.0162e-16  2.8464e-15
1191.4395    257.81    1.0289    0.1092  2.9288e-15  3.1075e-16  2.8465e-15
1191.4694    265.35    0.9790    0.1065  2.7869e-15  3.0325e-16  2.8465e-15
1191.4994    272.88    1.0528    0.1104  2.9968e-15  3.1422e-16  2.8466e-15
1191.5293    280.41    0.9842    0.1068  2.8016e-15  3.0412e-16  2.8467e-15
1191.5592    287.94    0.9239    0.1036  2.6302e-15  2.9493e-16  2.8468e-15
1191.5891    295.48    0.8475    0.0993  2.4127e-15  2.8281e-16  2.8469e-15
1191.6190    303.01    0.9609    0.1056  2.7358e-15  3.0055e-16  2.8470e-15
1191.6489    310.54    0.9781    0.1065  2.7846e-15  3.0310e-16  2.8471e-15
1191.6788    318.07    1.0431    0.1098  2.9698e-15  3.1267e-16  2.8472e-15
1191.7087    325.61    0.9762    0.1063  2.7794e-15  3.0270e-16  2.8473e-15
1191.7386    333.14    0.9339    0.1040  2.6592e-15  2.9614e-16  2.8474e-15
1191.7685    340.67    1.0532    0.1102  2.9990e-15  3.1391e-16  2.8475e-15
1191.7985    348.20    1.0812    0.1117  3.0789e-15  3.1798e-16  2.8476e-15
1191.8284    355.74    0.8606    0.0999  2.4508e-15  2.8446e-16  2.8477e-15
1191.8583    363.27    1.0438    0.1097  2.9726e-15  3.1239e-16  2.8478e-15
1191.8882    370.80    0.8462    0.0990  2.4098e-15  2.8193e-16  2.8479e-15
1191.9181    378.33    1.1495    0.1149  3.2739e-15  3.2733e-16  2.8480e-15
1191.9480    385.87    1.0202    0.1084  2.9055e-15  3.0866e-16  2.8481e-15
1191.9779    393.40    1.0063    0.1077  2.8662e-15  3.0669e-16  2.8482e-15
1192.0078    400.93    0.9781    0.1062  2.7861e-15  3.0247e-16  2.8483e-15
1192.0377    408.46    0.9848    0.1065  2.8051e-15  3.0340e-16  2.8484e-15
1192.0676    416.00    1.0622    0.1105  3.0257e-15  3.1479e-16  2.8486e-15
1192.0976    423.53    1.0124    0.1079  2.8839e-15  3.0748e-16  2.8487e-15
1192.1275    431.06    0.9990    0.1072  2.8459e-15  3.0545e-16  2.8488e-15
1192.1574    438.59    1.1009    0.1124  3.1364e-15  3.2028e-16  2.8489e-15
1192.1873    446.13    1.0772    0.1112  3.0690e-15  3.1691e-16  2.8490e-15
1192.2172    453.66    1.1017    0.1124  3.1389e-15  3.2033e-16  2.8491e-15
1192.2471    461.19    1.0669    0.1106  3.0398e-15  3.1522e-16  2.8493e-15
1192.2770    468.72    1.0454    0.1095  2.9788e-15  3.1213e-16  2.8494e-15
1192.3069    476.26    1.0005    0.1072  2.8508e-15  3.0544e-16  2.8495e-15
1192.3368    483.79    1.0598    0.1102  3.0202e-15  3.1414e-16  2.8496e-15
1192.3667    491.32    1.0306    0.1087  2.9369e-15  3.0983e-16  2.8498e-15
1192.3967    498.85    0.9776    0.1059  2.7860e-15  3.0182e-16  2.8499e-15
1192.4266    506.39    0.8599    0.0995  2.4507e-15  2.8345e-16  2.8500e-15
1192.4565    513.92    1.0435    0.1093  2.9740e-15  3.1151e-16  2.8501e-15
1192.4864    521.45    1.0649    0.1103  3.0353e-15  3.1446e-16  2.8503e-15
1192.5163    528.98    1.0386    0.1090  2.9604e-15  3.1063e-16  2.8504e-15
1192.5462    536.52    0.9702    0.1054  2.7656e-15  3.0036e-16  2.8505e-15
1192.5761    544.05    0.9812    0.1059  2.7971e-15  3.0196e-16  2.8507e-15
1192.6060    551.58    1.0063    0.1072  2.8687e-15  3.0564e-16  2.8508e-15
1192.6359    559.11    1.1152    0.1127  3.1794e-15  3.2137e-16  2.8509e-15
1192.6658    566.65    1.0475    0.1093  2.9864e-15  3.1166e-16  2.8511e-15
1192.6958    574.18    0.8548    0.0990  2.4372e-15  2.8226e-16  2.8512e-15
1192.7257    581.71    0.8275    0.0975  2.3595e-15  2.7789e-16  2.8513e-15
1192.7556    589.24    0.8145    0.0967  2.3227e-15  2.7577e-16  2.8515e-15
1192.7855    596.78    0.8234    0.0972  2.3480e-15  2.7717e-16  2.8516e-15
1192.8154    604.31    0.5664    0.0811  1.6151e-15  2.3138e-16  2.8517e-15
1192.8453    611.84    0.5946    0.0830  1.6958e-15  2.3679e-16  2.8519e-15
1192.8752    619.37    0.4413    0.0720  1.2586e-15  2.0540e-16  2.8520e-15
1192.9051    626.91    0.3280    0.0627  9.3540e-16  1.7874e-16  2.8522e-15
1192.9350    634.44    0.2652    0.0568  7.5644e-16  1.6207e-16  2.8523e-15
1192.9649    641.97    0.1507    0.0442  4.2993e-16  1.2608e-16  2.8525e-15
1192.9949    649.50    0.0898    0.0357  2.5603e-16  1.0186e-16  2.8526e-15
1193.0248    657.04    0.1342    0.0420  3.8281e-16  1.1980e-16  2.8528e-15
1193.0547    664.57    0.0428    0.0274  1.2206e-16  7.8294e-17  2.8529e-15
1193.0846    672.10    0.0451    0.0280  1.2856e-16  7.9769e-17  2.8530e-15
1193.1145    679.63    0.0456    0.0288  1.2999e-16  8.2133e-17  2.8532e-15
1193.1444    687.17    0.0752    0.0371  2.1459e-16  1.0595e-16  2.8533e-15
1193.1743    694.70    0.0967    0.0488  2.7607e-16  1.3926e-16  2.8535e-15
1193.2042    702.23    0.1055    0.0523  3.0115e-16  1.4924e-16  2.8536e-15
1193.2341    709.76    0.1346    0.0603  3.8416e-16  1.7200e-16  2.8538e-15
1193.2640    717.30    0.2646    0.0832  7.5525e-16  2.3732e-16  2.8540e-15
1193.2940    724.83    0.3111    0.0853  8.8796e-16  2.4338e-16  2.8541e-15
1193.3239    732.36    0.5664    0.1139  1.6168e-15  3.2507e-16  2.8543e-15
1193.3538    739.89    0.8886    0.1336  2.5366e-15  3.8137e-16  2.8544e-15
1193.3837    747.43    0.7883    0.1313  2.2502e-15  3.7495e-16  2.8546e-15
1193.4136    754.96    0.7838    0.1311  2.2376e-15  3.7426e-16  2.8547e-15
1193.4435    762.49    0.7653    0.1289  2.1849e-15  3.6813e-16  2.8549e-15
1193.4734    770.02    0.9889    0.1418  2.8233e-15  4.0482e-16  2.8550e-15
1193.5033    777.56    0.9447    0.1374  2.6972e-15  3.9231e-16  2.8552e-15
1193.5332    785.09    1.0597    0.1459  3.0258e-15  4.1653e-16  2.8554e-15
1193.5631    792.62    0.9508    0.1372  2.7149e-15  3.9179e-16  2.8555e-15
1193.5931    800.15    0.9244    0.1366  2.6398e-15  3.9008e-16  2.8557e-15
1193.6230    807.69    0.9274    0.1340  2.6486e-15  3.8279e-16  2.8559e-15
1193.6529    815.22    1.0735    0.1483  3.0659e-15  4.2361e-16  2.8560e-15
1193.6828    822.75    1.0773    0.1492  3.0770e-15  4.2621e-16  2.8562e-15
1193.7127    830.28    1.0718    0.1428  3.0613e-15  4.0795e-16  2.8563e-15
1193.7426    837.82    1.0071    0.1197  2.8768e-15  3.4179e-16  2.8565e-15
1193.7725    845.35    0.8582    0.0986  2.4515e-15  2.8166e-16  2.8567e-15
1193.8024    852.88    0.7948    0.0950  2.2708e-15  2.7137e-16  2.8568e-15
1193.8323    860.41    1.0306    0.1078  2.9444e-15  3.0798e-16  2.8570e-15
1193.8622    867.95    1.1182    0.1122  3.1949e-15  3.2053e-16  2.8572e-15
1193.8922    875.48    0.8871    0.1002  2.5348e-15  2.8627e-16  2.8573e-15
1193.9221    883.01    0.9884    0.1056  2.8243e-15  3.0164e-16  2.8575e-15
1193.9520    890.54    1.0170    0.1070  2.9063e-15  3.0591e-16  2.8577e-15
1193.9819    898.08    1.0156    0.1070  2.9024e-15  3.0566e-16  2.8578e-15
1194.0118    905.61    1.0055    0.1064  2.8738e-15  3.0423e-16  2.8580e-15
1194.0417    913.14    0.9998    0.1061  2.8575e-15  3.0329e-16  2.8582e-15
1194.0716    920.67    1.1134    0.1118  3.1825e-15  3.1951e-16  2.8584e-15
1194.1015    928.21    1.1549    0.1138  3.3014e-15  3.2520e-16  2.8585e-15
1194.1314    935.74    1.0898    0.1106  3.1154e-15  3.1608e-16  2.8587e-15
1194.1613    943.27    0.9630    0.1041  2.7532e-15  2.9747e-16  2.8589e-15
1194.1913    950.80    1.0477    0.1084  2.9953e-15  3.0987e-16  2.8590e-15
1194.2212    958.34    0.8980    0.1005  2.5675e-15  2.8745e-16  2.8592e-15
1194.2511    965.87    0.9993    0.1059  2.8574e-15  3.0288e-16  2.8594e-15
1194.2810    973.40    1.0510    0.1085  3.0055e-15  3.1036e-16  2.8596e-15
1194.3109    980.93    1.1616    0.1140  3.3217e-15  3.2590e-16  2.8597e-15
1194.3408    988.47    0.9165    0.1015  2.6210e-15  2.9027e-16  2.8599e-15
1194.3707    996.00    1.0600    0.1089  3.0316e-15  3.1147e-16  2.8601e-15
1194.4006   1003.53    0.9683    0.1042  2.7696e-15  2.9800e-16  2.8603e-15
1194.4305   1011.06    1.0967    0.1107  3.1369e-15  3.1659e-16  2.8604e-15
1194.4604   1018.60    1.1260    0.1121  3.2212e-15  3.2074e-16  2.8606e-15
1194.4904   1026.13    1.0554    0.1086  3.0192e-15  3.1072e-16  2.8608e-15
1194.5203   1033.66    1.0870    0.1102  3.1099e-15  3.1514e-16  2.8610e-15
1194.5502   1041.19    1.0819    0.1099  3.0956e-15  3.1444e-16  2.8611e-15
1194.5801   1048.73    0.9735    0.1043  2.7854e-15  2.9857e-16  2.8613e-15
1194.6100   1056.26    1.1042    0.1110  3.1598e-15  3.1749e-16  2.8615e-15
1194.6399   1063.79    0.9110    0.1010  2.6070e-15  2.8902e-16  2.8617e-15
1194.6698   1071.32    0.8926    0.1000  2.5544e-15  2.8608e-16  2.8619e-15
1194.6997   1078.86    0.7923    0.0943  2.2675e-15  2.6995e-16  2.8620e-15
1194.7296   1086.39    0.9092    0.1008  2.6022e-15  2.8864e-16  2.8622e-15
1194.7595   1093.92    0.9442    0.1027  2.7028e-15  2.9397e-16  2.8624e-15
1194.7895   1101.45    1.0409    0.1077  2.9797e-15  3.0821e-16  2.8626e-15
1194.8194   1108.99    1.0618    0.1087  3.0396e-15  3.1119e-16  2.8628e-15
1194.8493   1116.52    1.0951    0.1103  3.1351e-15  3.1586e-16  2.8629e-15
1194.8792   1124.05    1.0655    0.1089  3.0505e-15  3.1168e-16  2.8631e-15
1194.9091   1131.58    1.0307    0.1071  2.9512e-15  3.0668e-16  2.8633e-15
1194.9390   1139.12    0.9094    0.1007  2.6041e-15  2.8847e-16  2.8635e-15
1194.9689   1146.65    0.9616    0.1035  2.7537e-15  2.9637e-16  2.8637e-15
1194.9988   1154.18    1.1045    0.1107  3.1630e-15  3.1702e-16  2.8638e-15
1195.0287   1161.71    1.0607    0.1085  3.0379e-15  3.1070e-16  2.8640e-15
1195.0586   1169.25    1.0096    0.1059  2.8917e-15  3.0332e-16  2.8642e-15
1195.0886   1176.78    0.9222    0.1013  2.6415e-15  2.9021e-16  2.8644e-15
1195.1185   1184.31    0.9782    0.1043  2.8022e-15  2.9865e-16  2.8646e-15
1195.1484   1191.84    1.0308    0.1069  2.9530e-15  3.0635e-16  2.8648e-15
1195.1783   1199.38    1.0168    0.1062  2.9131e-15  3.0436e-16  2.8649e-15
1195.2082   1206.91    1.0437    0.1076  2.9904e-15  3.0822e-16  2.8651e-15
1195.2381   1214.44    1.0847    0.1096  3.1080e-15  3.1396e-16  2.8653e-15
1195.2680   1221.97    1.0571    0.1081  3.0290e-15  3.0990e-16  2.8655e-15
1195.2979   1229.51    0.9653    0.1034  2.7663e-15  2.9641e-16  2.8657e-15
1195.3278   1237.04    1.1831    0.1142  3.3905e-15  3.2741e-16  2.8659e-15
1195.3577   1244.57    0.8841    0.0991  2.5338e-15  2.8394e-16  2.8660e-15
1195.3877   1252.10    1.0800    0.1093  3.0954e-15  3.1315e-16  2.8662e-15
1195.4176   1259.64    1.0094    0.1057  2.8932e-15  3.0290e-16  2.8664e-15
1195.4475   1267.17    0.9349    0.1018  2.6800e-15  2.9174e-16  2.8666e-15
1195.4774   1274.70    0.9754    0.1038  2.7962e-15  2.9771e-16  2.8668e-15
1195.5073   1282.23    0.9301    0.1015  2.6666e-15  2.9086e-16  2.8670e-15
1195.5372   1289.77    0.9380    0.1019  2.6895e-15  2.9208e-16  2.8671e-15
1195.5671   1297.30    1.0036    0.1053  2.8775e-15  3.0183e-16  2.8673e-15
1195.5970   1304.83    1.2000    0.1149  3.4410e-15  3.2946e-16  2.8675e-15
1195.6269   1312.36    1.0471    0.1075  3.0026e-15  3.0817e-16  2.8677e-15
1195.6568   1319.90    0.9301    0.1014  2.6675e-15  2.9081e-16  2.8679e-15
1195.6868   1327.43    1.0924    0.1097  3.1332e-15  3.1454e-16  2.8681e-15
1195.7167   1334.96    1.0720    0.1086  3.0746e-15  3.1158e-16  2.8682e-15
1195.7466   1342.49    0.9957    0.1048  2.8561e-15  3.0049e-16  2.8684e-15
1195.7765   1350.03    1.0139    0.1057  2.9085e-15  3.0312e-16  2.8686e-15
1195.8064   1357.56    1.0244    0.1062  2.9388e-15  3.0460e-16  2.8688e-15
1195.8363   1365.09    0.8553    0.0972  2.4537e-15  2.7889e-16  2.8690e-15
1195.8662   1372.62    1.0085    0.1053  2.8934e-15  3.0222e-16  2.8692e-15
1195.8961   1380.16    1.1851    0.1140  3.4004e-15  3.2702e-16  2.8693e-15
1195.9260   1387.69    1.0832    0.1091  3.1082e-15  3.1295e-16  2.8695e-15
1195.9559   1395.22    1.0500    0.1074  3.0132e-15  3.0824e-16  2.8697e-15
1195.9859   1402.75    0.9701    0.1033  2.7840e-15  2.9649e-16  2.8699e-15
1196.0158   1410.29    0.9355    0.1015  2.6850e-15  2.9131e-16  2.8701e-15
1196.0457   1417.82    0.9814    0.1039  2.8168e-15  2.9815e-16  2.8702e-15
1196.0756   1425.35    1.1032    0.1100  3.1667e-15  3.1563e-16  2.8704e-15
1196.1055   1432.88    1.0333    0.1065  2.9662e-15  3.0565e-16  2.8706e-15
1196.1354   1440.42    0.9372    0.1015  2.6904e-15  2.9139e-16  2.8708e-15
1196.1653   1447.95    1.1565    0.1125  3.3202e-15  3.2291e-16  2.8710e-15
1196.1952   1455.48    0.9978    0.1046  2.8649e-15  3.0034e-16  2.8712e-15
1196.2251   1463.01    0.8757    0.0981  2.5144e-15  2.8171e-16  2.8713e-15
1196.2550   1470.55    0.9452    0.1018  2.7141e-15  2.9239e-16  2.8715e-15
1196.2850   1478.08    0.9515    0.1021  2.7324e-15  2.9330e-16  2.8717e-15
1196.3149   1485.61    0.9610    0.1026  2.7600e-15  2.9471e-16  2.8719e-15
1196.3448   1493.14    1.0577    0.1075  3.0379e-15  3.0882e-16  2.8721e-15
1196.3747   1500.68    0.9828    0.1037  2.8229e-15  2.9789e-16  2.8722e-15
1196.4046   1508.21    0.9255    0.1007  2.6585e-15  2.8923e-16  2.8724e-15
1196.4345   1515.74    0.8880    0.0987  2.5509e-15  2.8344e-16  2.8726e-15
1196.4644   1523.27    0.9791    0.1035  2.8126e-15  2.9732e-16  2.8728e-15
1196.4943   1530.81    0.8895    0.0987  2.5555e-15  2.8370e-16  2.8729e-15
1196.5242   1538.34    0.8758    0.0980  2.5162e-15  2.8157e-16  2.8731e-15
1196.5541   1545.87    1.0317    0.1062  2.9645e-15  3.0508e-16  2.8733e-15
1196.5841   1553.40    1.0737    0.1082  3.0853e-15  3.1103e-16  2.8735e-15
1196.6140   1560.94    0.9397    0.1014  2.7003e-15  2.9134e-16  2.8737e-15
1196.6439   1568.47    0.8819    0.0983  2.5344e-15  2.8248e-16  2.8738e-15
1196.6738   1576.00    0.9518    0.1020  2.7354e-15  2.9310e-16  2.8740e-15
1196.7037   1583.53    0.9297    0.1008  2.6721e-15  2.8984e-16  2.8742e-15
1196.7336   1591.07    0.9575    0.1023  2.7521e-15  2.9391e-16  2.8744e-15
1196.7635   1598.60    1.0054    0.1047  2.8902e-15  3.0096e-16  2.8745e-15
1196.7934   1606.13    0.8292    0.0953  2.3836e-15  2.7401e-16  2.8747e-15
1196.8233   1613.66    0.9629    0.1025  2.7681e-15  2.9472e-16  2.8749e-15
1196.8532   1621.20    0.9899    0.1039  2.8461e-15  2.9872e-16  2.8751e-15
1196.8832   1628.73    0.8836    0.0983  2.5406e-15  2.8259e-16  2.8752e-15
1196.9131   1636.26    1.0153    0.1052  2.9193e-15  3.0240e-16  2.8754e-15
1196.9430   1643.79    0.9296    0.1021  2.6732e-15  2.9364e-16  2.8756e-15
1196.9729   1651.32    0.9849    0.1313  2.8323e-15  3.7761e-16  2.8757e-15
1197.0028   1658.86    1.0805    0.1452  3.1075e-15  4.1763e-16  2.8759e-15
1197.0327   1666.39    1.0023    0.1393  2.8827e-15  4.0053e-16  2.8761e-15
1197.0626   1673.92    0.8888    0.1307  2.5563e-15  3.7600e-16  2.8763e-15
1197.0925   1681.45    1.0062    0.1386  2.8942e-15  3.9868e-16  2.8764e-15
1197.1224   1688.99    1.1768    0.1514  3.3852e-15  4.3565e-16  2.8766e-15
1197.1523   1696.52    0.7925    0.1255  2.2799e-15  3.6090e-16  2.8768e-15
1197.1823   1704.05    1.0905    0.1453  3.1374e-15  4.1790e-16  2.8769e-15
1197.2122   1711.58    1.0111    0.1379  2.9092e-15  3.9668e-16  2.8771e-15
1197.2421   1719.12    0.8654    0.1289  2.4899e-15  3.7083e-16  2.8773e-15
1197.2720   1726.65    0.9852    0.1372  2.8348e-15  3.9482e-16  2.8774e-15
1197.3019   1734.18    0.9677    0.1343  2.7847e-15  3.8635e-16  2.8776e-15
1197.3318   1741.71    0.9848    0.1375  2.8339e-15  3.9579e-16  2.8778e-15
1197.3617   1749.25    1.0592    0.1394  3.0482e-15  4.0129e-16  2.8779e-15
1197.3916   1756.78    1.1342    0.1466  3.2642e-15  4.2186e-16  2.8781e-15
1197.4215   1764.31    0.9295    0.1321  2.6754e-15  3.8026e-16  2.8783e-15
1197.4514   1771.84    1.0216    0.1411  2.9404e-15  4.0604e-16  2.8784e-15
1197.4814   1779.38    1.2451    0.1568  3.5842e-15  4.5145e-16  2.8786e-15
1197.5113   1786.91    1.0590    0.1389  3.0486e-15  3.9990e-16  2.8787e-15
1197.5412   1794.44    0.8753    0.1318  2.5199e-15  3.7954e-16  2.8789e-15
1197.5711   1801.97    0.8799    0.1089  2.5332e-15  3.1345e-16  2.8791e-15
1197.6010   1809.51    1.0215    0.1051  2.9411e-15  3.0269e-16  2.8792e-15
1197.6309   1817.04    0.9604    0.1020  2.7654e-15  2.9375e-16  2.8794e-15
1197.6608   1824.57    1.0453    0.1063  3.0099e-15  3.0613e-16  2.8795e-15
1197.6907   1832.10    0.8775    0.0976  2.5271e-15  2.8104e-16  2.8797e-15
1197.7206   1839.64    0.8297    0.0950  2.3893e-15  2.7346e-16  2.8798e-15
1197.7505   1847.17    1.0216    0.1051  2.9421e-15  3.0261e-16  2.8800e-15
1197.7805   1854.70    1.0482    0.1063  3.0190e-15  3.0630e-16  2.8802e-15
1197.8104   1862.23    1.0188    0.1049  2.9345e-15  3.0207e-16  2.8803e-15
1197.8403   1869.77    1.1220    0.1099  3.2318e-15  3.1656e-16  2.8805e-15
1197.8702   1877.30    1.0918    0.1084  3.1449e-15  3.1225e-16  2.8806e-15
1197.9001   1884.83    1.0950    0.1085  3.1545e-15  3.1268e-16  2.8808e-15
1197.9300   1892.36    0.9712    0.1024  2.7979e-15  2.9491e-16  2.8809e-15
1197.9599   1899.90    1.1514    0.1112  3.3173e-15  3.2048e-16  2.8811e-15
1197.9898   1907.43    1.0261    0.1052  2.9564e-15  3.0299e-16  2.8812e-15
1198.0197   1914.96    1.0204    0.1049  2.9402e-15  3.0219e-16  2.8814e-15
1198.0496   1922.49    1.0915    0.1084  3.1452e-15  3.1230e-16  2.8815e-15
1198.0796   1930.03    1.0234    0.1050  2.9491e-15  3.0254e-16  2.8817e-15
1198.1095   1937.56    0.9158    0.0994  2.6392e-15  2.8654e-16  2.8818e-15
1198.1394   1945.09    0.9585    0.1016  2.7624e-15  2.9290e-16  2.8819e-15
1198.1693   1952.62    0.9057    0.0989  2.6104e-15  2.8497e-16  2.8821e-15
1198.1992   1960.16    1.0397    0.1057  2.9967e-15  3.0477e-16  2.8822e-15
1198.2291   1967.69    1.0134    0.1044  2.9211e-15  3.0098e-16  2.8824e-15
1198.2590   1975.22    0.9846    0.1029  2.8380e-15  2.9670e-16  2.8825e-15
1198.2889   1982.75    1.1171    0.1094  3.2203e-15  3.1544e-16  2.8827e-15
1198.3188   1990.29    1.0210    0.1047  2.9434e-15  3.0182e-16  2.8828e-15
1198.3487   1997.82    0.9331    0.1002  2.6900e-15  2.8879e-16  2.8829e-15
1198.3787   2005.35    1.3056    0.1180  3.7640e-15  3.4030e-16  2.8831e-15
1198.4086   2012.88    1.0149    0.1043  2.9263e-15  3.0071e-16  2.8832e-15
1198.4385   2020.42    0.9158    0.0992  2.6406e-15  2.8604e-16  2.8833e-15
1198.4684   2027.95    1.0271    0.1049  2.9615e-15  3.0251e-16  2.8835e-15
1198.4983   2035.48    0.9424    0.1006  2.7174e-15  2.9000e-16  2.8836e-15
1198.5282   2043.01    1.0287    0.1050  2.9664e-15  3.0266e-16  2.8837e-15
1198.5581   2050.55    1.0394    0.1055  2.9976e-15  3.0423e-16  2.8839e-15
1198.5880   2058.08    1.1198    0.1094  3.2296e-15  3.1543e-16  2.8840e-15
1198.6179   2065.61    0.9116    0.0989  2.6293e-15  2.8530e-16  2.8841e-15
1198.6478   2073.14    0.8229    0.0941  2.3733e-15  2.7137e-16  2.8842e-15
1198.6778   2080.68    0.8442    0.0953  2.4350e-15  2.7478e-16  2.8844e-15
1198.7077   2088.21    0.9342    0.1001  2.6947e-15  2.8865e-16  2.8845e-15
1198.7376   2095.74    1.0238    0.1046  2.9534e-15  3.0180e-16  2.8846e-15
1198.7675   2103.27    1.0407    0.1054  3.0022e-15  3.0413e-16  2.8847e-15
1198.7974   2110.81    0.8445    0.0952  2.4364e-15  2.7465e-16  2.8849e-15
1198.8273   2118.34    0.9676    0.1017  2.7915e-15  2.9342e-16  2.8850e-15
1198.8572   2125.87    1.0789    0.1073  3.1126e-15  3.0943e-16  2.8851e-15
1198.8871   2133.40    0.9671    0.1017  2.7903e-15  2.9334e-16  2.8852e-15
1198.9170   2140.94    1.0521    0.1059  3.0357e-15  3.0558e-16  2.8853e-15
1198.9469   2148.47    1.2304    0.1143  3.5502e-15  3.2991e-16  2.8855e-15
1198.9769   2156.00    0.8438    0.0951  2.4348e-15  2.7437e-16  2.8856e-15
1199.0068   2163.53    1.0328    0.1049  2.9802e-15  3.0263e-16  2.8857e-15
1199.0367   2171.07    1.0759    0.1070  3.1048e-15  3.0877e-16  2.8858e-15
1199.0666   2178.60    1.0606    0.1063  3.0608e-15  3.0665e-16  2.8859e-15
1199.0965   2186.13    1.1191    0.1091  3.2298e-15  3.1482e-16  2.8860e-15
1199.1264   2193.66    1.0578    0.1061  3.0528e-15  3.0624e-16  2.8861e-15
1199.1563   2201.20    1.0207    0.1042  2.9459e-15  3.0088e-16  2.8862e-15
1199.1862   2208.73    0.9841    0.1024  2.8406e-15  2.9557e-16  2.8863e-15
1199.2161   2216.26    0.8700    0.0964  2.5113e-15  2.7827e-16  2.8865e-15
1199.2460   2223.79    0.7612    0.0903  2.1973e-15  2.6076e-16  2.8866e-15
1199.2760   2231.33    0.5599    0.0779  1.6163e-15  2.2490e-16  2.8867e-15
1199.3059   2238.86    0.4699    0.0717  1.3564e-15  2.0692e-16  2.8868e-15
1199.3358   2246.39    0.3025    0.0583  8.7325e-16  1.6835e-16  2.8869e-15
1199.3657   2253.92    0.2313    0.0515  6.6768e-16  1.4878e-16  2.8870e-15
1199.3956   2261.46    0.2867    0.0568  8.2776e-16  1.6411e-16  2.8871e-15
1199.4255   2268.99    0.2497    0.0534  7.2089e-16  1.5404e-16  2.8872e-15
1199.4554   2276.52    0.2580    0.0542  7.4477e-16  1.5639e-16  2.8872e-15
1199.4853   2284.05    0.2004    0.0484  5.7863e-16  1.3961e-16  2.8873e-15
1199.5152   2291.59    0.3127    0.0592  9.0278e-16  1.7079e-16  2.8874e-15
1199.5451   2299.12    0.4821    0.0725  1.3920e-15  2.0926e-16  2.8875e-15
1199.5751   2306.65    0.6178    0.0816  1.7841e-15  2.3567e-16  2.8876e-15
1199.6050   2314.18    0.7698    0.0907  2.2228e-15  2.6202e-16  2.8877e-15
1199.6349   2321.72    0.8870    0.0972  2.5616e-15  2.8064e-16  2.8878e-15
1199.6648   2329.25    1.1252    0.1091  3.2496e-15  3.1506e-16  2.8879e-15
1199.6947   2336.78    0.9814    0.1020  2.8341e-15  2.9467e-16  2.8880e-15
1199.7246   2344.31    1.1183    0.1087  3.2295e-15  3.1403e-16  2.8880e-15
1199.7545   2351.85    1.1333    0.1095  3.2732e-15  3.1613e-16  2.8881e-15
1199.7844   2359.38    0.9075    0.0982  2.6209e-15  2.8361e-16  2.8882e-15
1199.8143   2366.91    0.8020    0.0925  2.3163e-15  2.6702e-16  2.8883e-15
1199.8442   2374.44    0.9945    0.1026  2.8724e-15  2.9646e-16  2.8883e-15
1199.8742   2381.98    0.9183    0.0987  2.6524e-15  2.8511e-16  2.8884e-15
1199.9041   2389.51    0.7973    0.0921  2.3029e-15  2.6609e-16  2.8885e-15
1199.9340   2397.04    0.9189    0.0987  2.6544e-15  2.8505e-16  2.8886e-15
1199.9639   2404.57    0.7482    0.0893  2.1613e-15  2.5797e-16  2.8886e-15
1199.9938   2412.11    0.4817    0.0722  1.3916e-15  2.0867e-16  2.8887e-15
1200.0237   2419.64    0.3445    0.0616  9.9506e-16  1.7801e-16  2.8888e-15
1200.0536   2427.17    0.3050    0.0582  8.8117e-16  1.6808e-16  2.8888e-15
1200.0835   2434.70    0.3243    0.0598  9.3698e-16  1.7288e-16  2.8889e-15
1200.1134   2442.24    0.1790    0.0456  5.1713e-16  1.3186e-16  2.8890e-15
1200.1433   2449.77    0.2495    0.0530  7.2078e-16  1.5318e-16  2.8890e-15
1200.1733   2457.30    0.2466    0.0527  7.1253e-16  1.5234e-16  2.8891e-15
1200.2032   2464.83    0.3426    0.0614  9.8975e-16  1.7731e-16  2.8891e-15
1200.2331   2472.37    0.4618    0.0706  1.3344e-15  2.0409e-16  2.8892e-15
1200.2630   2479.90    0.6809    0.0851  1.9673e-15  2.4597e-16  2.8892e-15
1200.2929   2487.43    0.7983    0.0919  2.3066e-15  2.6565e-16  2.8893e-15
1200.3228   2494.96    0.8988    0.0974  2.5970e-15  2.8142e-16  2.8894e-15
1200.3527   2502.50    0.8804    0.0964  2.5438e-15  2.7862e-16  2.8894e-15
1200.3826   2510.03    0.8976    0.0973  2.5937e-15  2.8120e-16  2.8894e-15
1200.4125   2517.56    0.7231    0.0876  2.0893e-15  2.5308e-16  2.8895e-15
1200.4424   2525.09    0.6966    0.0860  2.0128e-15  2.4848e-16  2.8895e-15
1200.4724   2532.63    0.5180    0.0745  1.4968e-15  2.1537e-16  2.8896e-15
1200.5023   2540.16    0.4665    0.0709  1.3481e-15  2.0486e-16  2.8896e-15
1200.5322   2547.69    0.3111    0.0585  8.9903e-16  1.6916e-16  2.8897e-15
1200.5621   2555.22    0.2120    0.0491  6.1273e-16  1.4186e-16  2.8897e-15
1200.5920   2562.76    0.2907    0.0567  8.3998e-16  1.6392e-16  2.8897e-15
1200.6219   2570.29    0.2981    0.0573  8.6131e-16  1.6570e-16  2.8898e-15
1200.6518   2577.82    0.2674    0.0546  7.7270e-16  1.5773e-16  2.8898e-15
1200.6817   2585.35    0.3550    0.0623  1.0258e-15  1.7994e-16  2.8898e-15
1200.7116   2592.89    0.4771    0.0716  1.3788e-15  2.0697e-16  2.8899e-15
1200.7415   2600.42    0.6408    0.0825  1.8518e-15  2.3835e-16  2.8899e-15
1200.7715   2607.95    0.7189    0.0872  2.0775e-15  2.5197e-16  2.8899e-15
1200.8014   2615.48    0.9096    0.0978  2.6288e-15  2.8251e-16  2.8899e-15
1200.8313   2623.02    1.0934    0.1070  3.1600e-15  3.0913e-16  2.8899e-15
1200.8612   2630.55    1.0259    0.1037  2.9649e-15  2.9956e-16  2.8900e-15
1200.8911   2638.08    1.0072    0.1027  2.9109e-15  2.9690e-16  2.8900e-15
1200.9210   2645.61    1.0933    0.1070  3.1597e-15  3.0909e-16  2.8900e-15
1200.9509   2653.15    1.0170    0.1032  2.9392e-15  2.9833e-16  2.8900e-15
1200.9808   2660.68    1.0710    0.1059  3.0952e-15  3.0592e-16  2.8900e-15
1201.0107   2668.21    0.9624    0.1005  2.7815e-15  2.9038e-16  2.8900e-15
