# Wave  Vhel  NormFlux  NormErr      Flux        Error       Continuum
1661.6564  -1638.60    0.9720    0.0669  2.2641e-14  1.5589e-15  2.3294e-14
1661.6931  -1632.02    1.0738    0.0704  2.5049e-14  1.6424e-15  2.3326e-14
1661.7298  -1625.43    1.0696    0.0702  2.4984e-14  1.6390e-15  2.3358e-14
1661.7665  -1618.85    0.9946    0.0676  2.3262e-14  1.5807e-15  2.3389e-14
1661.8032  -1612.27    0.9731    0.0668  2.2789e-14  1.5642e-15  2.3419e-14
1661.8399  -1605.68    0.9818    0.0671  2.3020e-14  1.5732e-15  2.3448e-14
1661.8766  -1599.10    1.1386    0.0722  2.6731e-14  1.6955e-15  2.3476e-14
1661.9133  -1592.52    1.0424    0.0690  2.4501e-14  1.6213e-15  2.3504e-14
1661.9500  -1585.93    0.9946    0.0675  2.3404e-14  1.5881e-15  2.3530e-14
1661.9867  -1579.35    0.9366    0.0657  2.2062e-14  1.5466e-15  2.3556e-14
1662.0233  -1572.77    0.9232    0.0650  2.1770e-14  1.5316e-15  2.3580e-14
1662.0600  -1566.18    0.8579    0.0627  2.0251e-14  1.4794e-15  2.3604e-14
1662.0967  -1559.60    0.8982    0.0640  2.1221e-14  1.5116e-15  2.3627e-14
1662.1334  -1553.02    0.8362    0.0618  1.9777e-14  1.4607e-15  2.3650e-14
1662.1701  -1546.43    0.8553    0.0624  2.0247e-14  1.4768e-15  2.3671e-14
1662.2068  -1539.85    0.7303    0.0577  1.7301e-14  1.3682e-15  2.3692e-14
1662.2435  -1533.27    0.6759    0.0556  1.6027e-14  1.3188e-15  2.3711e-14
1662.2802  -1526.68    0.6803    0.0556  1.6144e-14  1.3192e-15  2.3730e-14
1662.3169  -1520.10    0.6041    0.0525  1.4347e-14  1.2463e-15  2.3748e-14
1662.3536  -1513.52    0.6217    0.0532  1.4774e-14  1.2644e-15  2.3766e-14
1662.3902  -1506.93    0.5593    0.0505  1.3301e-14  1.2012e-15  2.3782e-14
1662.4269  -1500.35    0.5878    0.0520  1.3989e-14  1.2371e-15  2.3798e-14
1662.4636  -1493.77    0.4856    0.0472  1.1563e-14  1.1237e-15  2.3812e-14
1662.5003  -1487.18    0.3332    0.0395  7.9387e-15  9.4052e-16  2.3826e-14
1662.5370  -1480.60    0.1988    0.0310  4.7392e-15  7.3812e-16  2.3840e-14
1662.5737  -1474.02    0.1027    0.0231  2.4490e-15  5.5120e-16  2.3852e-14
1662.6104  -1467.43    0.0970    0.0223  2.3142e-15  5.3233e-16  2.3864e-14
1662.6471  -1460.85    0.0737    0.0201  1.7595e-15  4.7948e-16  2.3875e-14
1662.6838  -1454.27    0.0675    0.0194  1.6114e-15  4.6301e-16  2.3885e-14
1662.7205  -1447.68    0.0575    0.0182  1.3746e-15  4.3404e-16  2.3894e-14
1662.7571  -1441.10    0.0504    0.0175  1.2048e-15  4.1778e-16  2.3903e-14
1662.7938  -1434.52    0.0219    0.0132  5.2327e-16  3.1475e-16  2.3911e-14
1662.8305  -1427.93    0.0298    0.0145  7.1343e-16  3.4710e-16  2.3918e-14
1662.8672  -1421.35    0.0335    0.0150  8.0151e-16  3.5889e-16  2.3924e-14
1662.9039  -1414.77    0.0425    0.0164  1.0167e-15  3.9260e-16  2.3930e-14
1662.9406  -1408.18    0.0242    0.0139  5.7858e-16  3.3185e-16  2.3934e-14
1662.9773  -1401.60    0.0270    0.0141  6.4535e-16  3.3747e-16  2.3939e-14
1663.0140  -1395.02    0.0352    0.0151  8.4306e-16  3.6201e-16  2.3942e-14
1663.0507  -1388.43    0.0243    0.0132  5.8121e-16  3.1582e-16  2.3945e-14
1663.0874  -1381.85    0.0336    0.0148  8.0549e-16  3.5533e-16  2.3947e-14
1663.1240  -1375.26    0.0428    0.0164  1.0241e-15  3.9163e-16  2.3948e-14
1663.1607  -1368.68    0.0499    0.0172  1.1946e-15  4.1200e-16  2.3948e-14
1663.1974  -1362.10    0.0687    0.0196  1.6445e-15  4.6898e-16  2.3948e-14
1663.2341  -1355.51    0.0944    0.0223  2.2610e-15  5.3336e-16  2.3947e-14
1663.2708  -1348.93    0.1657    0.0285  3.9678e-15  6.8257e-16  2.3945e-14
1663.3075  -1342.35    0.2498    0.0344  5.9803e-15  8.2271e-16  2.3943e-14
1663.3442  -1335.76    0.1787    0.0292  4.2785e-15  7.0016e-16  2.3940e-14
1663.3809  -1329.18    0.0907    0.0223  2.1703e-15  5.3398e-16  2.3937e-14
1663.4176  -1322.60    0.0897    0.0234  2.1472e-15  5.6020e-16  2.3932e-14
1663.4543  -1316.01    0.0564    0.0189  1.3487e-15  4.5152e-16  2.3927e-14
1663.4909  -1309.43    0.0621    0.0198  1.4860e-15  4.7463e-16  2.3921e-14
1663.5276  -1302.85    0.0689    0.0204  1.6468e-15  4.8834e-16  2.3915e-14
1663.5643  -1296.26    0.0852    0.0232  2.0361e-15  5.5470e-16  2.3908e-14
1663.6010  -1289.68    0.1556    0.0298  3.7183e-15  7.1130e-16  2.3900e-14
1663.6377  -1283.10    0.2071    0.0334  4.9488e-15  7.9689e-16  2.3892e-14
1663.6744  -1276.51    0.1299    0.0272  3.1031e-15  6.4950e-16  2.3883e-14
1663.7111  -1269.93    0.1224    0.0262  2.9221e-15  6.2480e-16  2.3874e-14
1663.7478  -1263.35    0.0933    0.0234  2.2268e-15  5.5803e-16  2.3863e-14
1663.7845  -1256.76    0.0489    0.0177  1.1652e-15  4.2138e-16  2.3852e-14
1663.8212  -1250.18    0.0224    0.0140  5.3319e-16  3.3438e-16  2.3841e-14
1663.8578  -1243.60    0.0095    0.0130  2.2563e-16  3.1055e-16  2.3829e-14
1663.8945  -1237.01    0.0275    0.0174  6.5521e-16  4.1478e-16  2.3816e-14
1663.9312  -1230.43    0.0215    0.0146  5.1111e-16  3.4818e-16  2.3803e-14
1663.9679  -1223.85    0.0051    0.0122  1.2133e-16  2.9040e-16  2.3789e-14
1664.0046  -1217.26    0.0238    0.0156  5.6523e-16  3.7141e-16  2.3774e-14
1664.0413  -1210.68    0.0216    0.0151  5.1334e-16  3.5933e-16  2.3759e-14
1664.0780  -1204.10    0.0198    0.0139  4.6946e-16  3.2898e-16  2.3743e-14
1664.1147  -1197.51    0.0245    0.0150  5.8208e-16  3.5519e-16  2.3727e-14
1664.1514  -1190.93    0.0200    0.0139  4.7339e-16  3.2915e-16  2.3710e-14
1664.1881  -1184.35    0.0278    0.0157  6.5841e-16  3.7238e-16  2.3693e-14
1664.2247  -1177.76    0.0578    0.0195  1.3677e-15  4.6177e-16  2.3675e-14
1664.2614  -1171.18    0.0677    0.0211  1.6021e-15  4.9996e-16  2.3656e-14
1664.2981  -1164.60    0.0712    0.0213  1.6831e-15  5.0248e-16  2.3637e-14
1664.3348  -1158.01    0.1126    0.0260  2.6594e-15  6.1397e-16  2.3617e-14
1664.3715  -1151.43    0.1845    0.0329  4.3525e-15  7.7702e-16  2.3597e-14
1664.4082  -1144.85    0.2961    0.0400  6.9818e-15  9.4399e-16  2.3576e-14
1664.4449  -1138.26    0.4652    0.0476  1.0957e-14  1.1215e-15  2.3554e-14
1664.4816  -1131.68    0.6995    0.0569  1.6461e-14  1.3379e-15  2.3532e-14
1664.5183  -1125.10    0.8884    0.0640  2.0886e-14  1.5042e-15  2.3510e-14
1664.5550  -1118.51    0.9963    0.0677  2.3401e-14  1.5899e-15  2.3487e-14
1664.5916  -1111.93    1.1077    0.0713  2.5990e-14  1.6740e-15  2.3463e-14
1664.6283  -1105.35    1.0016    0.0680  2.3477e-14  1.5948e-15  2.3439e-14
1664.6650  -1098.76    0.9828    0.0672  2.3013e-14  1.5743e-15  2.3415e-14
1664.7017  -1092.18    1.0041    0.0681  2.3485e-14  1.5935e-15  2.3390e-14
1664.7384  -1085.60    1.0714    0.0705  2.5033e-14  1.6471e-15  2.3364e-14
1664.7751  -1079.01    1.0671    0.0705  2.4905e-14  1.6445e-15  2.3338e-14
1664.8118  -1072.43    1.0096    0.0685  2.3536e-14  1.5964e-15  2.3311e-14
1664.8485  -1065.85    0.9156    0.0653  2.1318e-14  1.5215e-15  2.3284e-14
1664.8852  -1059.26    0.9852    0.0680  2.2912e-14  1.5813e-15  2.3257e-14
1664.9219  -1052.68    0.9379    0.0663  2.1785e-14  1.5395e-15  2.3229e-14
1664.9585  -1046.10    0.9274    0.0659  2.1516e-14  1.5287e-15  2.3200e-14
1664.9952  -1039.51    0.9513    0.0666  2.2043e-14  1.5436e-15  2.3171e-14
1665.0319  -1032.93    0.6736    0.0564  1.5589e-14  1.3041e-15  2.3142e-14
1665.0686  -1026.35    0.7827    0.0606  1.8089e-14  1.3996e-15  2.3112e-14
1665.1053  -1019.76    0.7435    0.0591  1.7162e-14  1.3646e-15  2.3081e-14
1665.1420  -1013.18    0.7105    0.0579  1.6378e-14  1.3339e-15  2.3050e-14
1665.1787  -1006.60    0.7501    0.0594  1.7267e-14  1.3664e-15  2.3019e-14
1665.2154  -1000.01    0.6411    0.0551  1.4737e-14  1.2674e-15  2.2987e-14
1665.2521   -993.43    0.4661    0.0473  1.0699e-14  1.0864e-15  2.2955e-14
1665.2888   -986.85    0.2797    0.0371  6.4106e-15  8.5056e-16  2.2923e-14
1665.3254   -980.26    0.1806    0.0302  4.1346e-15  6.9044e-16  2.2890e-14
1665.3621   -973.68    0.1169    0.0249  2.6724e-15  5.6952e-16  2.2856e-14
1665.3988   -967.10    0.1039    0.0238  2.3701e-15  5.4402e-16  2.2822e-14
1665.4355   -960.51    0.1161    0.0250  2.6457e-15  5.7006e-16  2.2788e-14
1665.4722   -953.93    0.0648    0.0194  1.4736e-15  4.4109e-16  2.2753e-14
1665.5089   -947.35    0.0292    0.0147  6.6248e-16  3.3387e-16  2.2718e-14
1665.5456   -940.76    0.0416    0.0164  9.4256e-16  3.7172e-16  2.2682e-14
1665.5823   -934.18    0.0439    0.0168  9.9330e-16  3.8116e-16  2.2646e-14
1665.6190   -927.60    0.0283    0.0142  6.3942e-16  3.2153e-16  2.2610e-14
1665.6557   -921.01    0.0262    0.0141  5.9059e-16  3.1937e-16  2.2573e-14
1665.6923   -914.43    0.0388    0.0161  8.7424e-16  3.6273e-16  2.2536e-14
1665.7290   -907.85    0.0338    0.0150  7.6011e-16  3.3695e-16  2.2499e-14
1665.7657   -901.26    0.0550    0.0186  1.2361e-15  4.1813e-16  2.2461e-14
1665.8024   -894.68    0.0475    0.0175  1.0651e-15  3.9165e-16  2.2423e-14
1665.8391   -888.10    0.0382    0.0166  8.5545e-16  3.7131e-16  2.2384e-14
1665.8758   -881.51    0.0405    0.0165  9.0572e-16  3.6867e-16  2.2345e-14
1665.9125   -874.93    0.1060    0.0239  2.3644e-15  5.3218e-16  2.2306e-14
1665.9492   -868.35    0.1059    0.0242  2.3581e-15  5.3988e-16  2.2266e-14
1665.9859   -861.76    0.1031    0.0241  2.2922e-15  5.3491e-16  2.2226e-14
1666.0226   -855.18    0.2674    0.0367  5.9335e-15  8.1441e-16  2.2186e-14
1666.0592   -848.60    0.3438    0.0417  7.6141e-15  9.2388e-16  2.2145e-14
1666.0959   -842.01    0.2640    0.0370  5.8362e-15  8.1775e-16  2.2104e-14
1666.1326   -835.43    0.2038    0.0329  4.4962e-15  7.2662e-16  2.2063e-14
1666.1693   -828.85    0.1840    0.0316  4.0527e-15  6.9558e-16  2.2021e-14
1666.2060   -822.26    0.1525    0.0288  3.3518e-15  6.3371e-16  2.1979e-14
1666.2427   -815.68    0.1291    0.0268  2.8311e-15  5.8734e-16  2.1937e-14
1666.2794   -809.10    0.1663    0.0298  3.6403e-15  6.5282e-16  2.1894e-14
1666.3161   -802.51    0.2444    0.0358  5.3400e-15  7.8146e-16  2.1851e-14
1666.3528   -795.93    0.2467    0.0358  5.3805e-15  7.7976e-16  2.1808e-14
1666.3895   -789.35    0.3758    0.0441  8.1784e-15  9.6077e-16  2.1765e-14
1666.4261   -782.76    0.3595    0.0431  7.8091e-15  9.3602e-16  2.1721e-14
1666.4628   -776.18    0.2848    0.0388  6.1736e-15  8.4150e-16  2.1677e-14
1666.4995   -769.60    0.2001    0.0328  4.3291e-15  7.1049e-16  2.1633e-14
1666.5362   -763.01    0.1204    0.0262  2.5998e-15  5.6518e-16  2.1588e-14
1666.5729   -756.43    0.0895    0.0245  1.9287e-15  5.2728e-16  2.1543e-14
1666.6096   -749.85    0.0528    0.0198  1.1355e-15  4.2662e-16  2.1498e-14
1666.6463   -743.26    0.0405    0.0185  8.6825e-16  3.9619e-16  2.1453e-14
1666.6830   -736.68    0.0338    0.0175  7.2458e-16  3.7412e-16  2.1407e-14
1666.7197   -730.10    0.0305    0.0167  6.5256e-16  3.5721e-16  2.1361e-14
1666.7564   -723.51    0.0228    0.0165  4.8547e-16  3.5221e-16  2.1315e-14
1666.7930   -716.93    0.0261    0.0179  5.5603e-16  3.7978e-16  2.1268e-14
1666.8297   -710.35    0.0117    0.0122  2.4882e-16  2.5959e-16  2.1222e-14
1666.8664   -703.76    0.0100    0.0123  2.1073e-16  2.6051e-16  2.1175e-14
1666.9031   -697.18    0.0389    0.0194  8.2234e-16  4.1063e-16  2.1128e-14
1666.9398   -690.60    0.0346    0.0169  7.2931e-16  3.5549e-16  2.1081e-14
1666.9765   -684.01    0.0345    0.0171  7.2600e-16  3.5959e-16  2.1033e-14
1667.0132   -677.43    0.0526    0.0219  1.1033e-15  4.5931e-16  2.0985e-14
1667.0499   -670.85    0.0878    0.0251  1.8376e-15  5.2508e-16  2.0937e-14
1667.0866   -664.26    0.0756    0.0233  1.5801e-15  4.8776e-16  2.0889e-14
1667.1233   -657.68    0.1581    0.0329  3.2957e-15  6.8626e-16  2.0841e-14
1667.1599   -651.10    0.1810    0.0361  3.7644e-15  7.4985e-16  2.0792e-14
1667.1966   -644.51    0.3147    0.0467  6.5272e-15  9.6864e-16  2.0744e-14
1667.2333   -637.93    0.4676    0.0529  9.6761e-15  1.0950e-15  2.0695e-14
1667.2700   -631.35    0.8031    0.0690  1.6581e-14  1.4248e-15  2.0646e-14
1667.3067   -624.76    0.9260    0.0740  1.9072e-14  1.5237e-15  2.0596e-14
1667.3434   -618.18    0.9424    0.0750  1.9363e-14  1.5403e-15  2.0547e-14
1667.3801   -611.60    0.9248    0.0749  1.8957e-14  1.5350e-15  2.0497e-14
1667.4168   -605.01    1.0296    0.0787  2.1052e-14  1.6092e-15  2.0448e-14
1667.4535   -598.43    1.0700    0.0796  2.1826e-14  1.6247e-15  2.0398e-14
1667.4902   -591.85    1.0168    0.0802  2.0690e-14  1.6316e-15  2.0348e-14
1667.5268   -585.26    1.0173    0.0829  2.0648e-14  1.6833e-15  2.0297e-14
1667.5635   -578.68    0.9907    0.0824  2.0058e-14  1.6691e-15  2.0247e-14
1667.6002   -572.10    0.8056    0.0754  1.6271e-14  1.5238e-15  2.0196e-14
1667.6369   -565.51    1.0641    0.0868  2.1436e-14  1.7492e-15  2.0146e-14
1667.6736   -558.93    1.0232    0.0848  2.0562e-14  1.7046e-15  2.0095e-14
1667.7103   -552.35    1.0260    0.0841  2.0566e-14  1.6856e-15  2.0044e-14
1667.7470   -545.76    1.1721    0.0898  2.3434e-14  1.7963e-15  1.9993e-14
1667.7837   -539.18    1.0927    0.0886  2.1791e-14  1.7660e-15  1.9942e-14
1667.8204   -532.60    0.9548    0.0824  1.8992e-14  1.6399e-15  1.9891e-14
1667.8571   -526.01    0.9039    0.0766  1.7932e-14  1.5196e-15  1.9840e-14
1667.8937   -519.43    1.0521    0.0811  2.0820e-14  1.6054e-15  1.9788e-14
1667.9304   -512.85    1.0121    0.0798  1.9976e-14  1.5753e-15  1.9737e-14
1667.9671   -506.26    1.0165    0.0802  2.0009e-14  1.5778e-15  1.9685e-14
1668.0038   -499.68    1.0241    0.0803  2.0107e-14  1.5775e-15  1.9634e-14
1668.0405   -493.10    1.0510    0.0812  2.0580e-14  1.5898e-15  1.9582e-14
1668.0772   -486.51    1.0422    0.0801  2.0354e-14  1.5645e-15  1.9530e-14
1668.1139   -479.93    0.9628    0.0782  1.8754e-14  1.5229e-15  1.9478e-14
1668.1506   -473.35    0.9544    0.0767  1.8540e-14  1.4908e-15  1.9426e-14
1668.1873   -466.76    0.9582    0.0738  1.8563e-14  1.4289e-15  1.9373e-14
1668.2240   -460.18    0.9546    0.0736  1.8444e-14  1.4222e-15  1.9321e-14
1668.2606   -453.60    0.9168    0.0724  1.7665e-14  1.3955e-15  1.9268e-14
1668.2973   -447.01    1.0790    0.0786  2.0733e-14  1.5095e-15  1.9215e-14
1668.3340   -440.43    0.8415    0.0696  1.6124e-14  1.3332e-15  1.9161e-14
1668.3707   -433.85    0.8684    0.0707  1.6593e-14  1.3517e-15  1.9108e-14
1668.4074   -427.26    0.8883    0.0716  1.6925e-14  1.3646e-15  1.9054e-14
1668.4441   -420.68    0.9337    0.0735  1.7740e-14  1.3967e-15  1.9000e-14
1668.4808   -414.10    1.1247    0.0809  2.1308e-14  1.5327e-15  1.8946e-14
1668.5175   -407.51    0.8693    0.0712  1.6422e-14  1.3451e-15  1.8891e-14
1668.5542   -400.93    1.1274    0.0813  2.1236e-14  1.5306e-15  1.8837e-14
1668.5909   -394.35    0.8533    0.0708  1.6027e-14  1.3294e-15  1.8782e-14
1668.6275   -387.76    0.9654    0.0755  1.8079e-14  1.4145e-15  1.8727e-14
1668.6642   -381.18    0.9592    0.0753  1.7910e-14  1.4054e-15  1.8671e-14
1668.7009   -374.60    0.9773    0.0760  1.8193e-14  1.4148e-15  1.8616e-14
1668.7376   -368.01    0.9946    0.0768  1.8461e-14  1.4248e-15  1.8561e-14
1668.7743   -361.43    0.9654    0.0758  1.7864e-14  1.4019e-15  1.8505e-14
1668.8110   -354.85    0.9981    0.0773  1.8415e-14  1.4263e-15  1.8449e-14
1668.8477   -348.26    0.9784    0.0765  1.7995e-14  1.4079e-15  1.8393e-14
1668.8844   -341.68    1.0670    0.0800  1.9565e-14  1.4668e-15  1.8337e-14
1668.9211   -335.10    1.0752    0.0802  1.9655e-14  1.4652e-15  1.8281e-14
1668.9578   -328.51    1.0179    0.0782  1.8550e-14  1.4253e-15  1.8224e-14
1668.9944   -321.93    0.9765    0.0769  1.7741e-14  1.3969e-15  1.8168e-14
1669.0311   -315.35    0.9903    0.0776  1.7936e-14  1.4057e-15  1.8111e-14
1669.0678   -308.76    1.0148    0.0787  1.8322e-14  1.4212e-15  1.8054e-14
1669.1045   -302.18    0.9332    0.0756  1.6795e-14  1.3603e-15  1.7997e-14
1669.1412   -295.60    0.9698    0.0772  1.7399e-14  1.3856e-15  1.7940e-14
1669.1779   -289.01    0.8487    0.0725  1.5178e-14  1.2969e-15  1.7883e-14
1669.2146   -282.43    1.0041    0.0788  1.7899e-14  1.4047e-15  1.7826e-14
1669.2513   -275.85    0.8390    0.0725  1.4908e-14  1.2874e-15  1.7769e-14
1669.2880   -269.26    0.9231    0.0760  1.6350e-14  1.3468e-15  1.7711e-14
1669.3247   -262.68    1.0236    0.0799  1.8071e-14  1.4114e-15  1.7654e-14
1669.3613   -256.10    1.0134    0.0799  1.7833e-14  1.4054e-15  1.7596e-14
1669.3980   -249.51    0.9049    0.0754  1.5870e-14  1.3219e-15  1.7539e-14
1669.4347   -242.93    0.8975    0.0752  1.5689e-14  1.3143e-15  1.7481e-14
1669.4714   -236.35    0.9530    0.0778  1.6605e-14  1.3555e-15  1.7423e-14
1669.5081   -229.76    0.9444    0.0778  1.6401e-14  1.3509e-15  1.7366e-14
1669.5448   -223.18    0.8700    0.0745  1.5058e-14  1.2891e-15  1.7308e-14
1669.5815   -216.60    0.8678    0.0748  1.4969e-14  1.2902e-15  1.7250e-14
1669.6182   -210.01    0.8784    0.0754  1.5102e-14  1.2969e-15  1.7192e-14
1669.6549   -203.43    0.9741    0.0794  1.6691e-14  1.3599e-15  1.7134e-14
1669.6916   -196.85    0.9910    0.0800  1.6922e-14  1.3666e-15  1.7076e-14
1669.7282   -190.26    1.0643    0.0829  1.8112e-14  1.4110e-15  1.7018e-14
1669.7649   -183.68    0.9271    0.0781  1.5725e-14  1.3241e-15  1.6960e-14
1669.8016   -177.10    0.8522    0.0747  1.4404e-14  1.2618e-15  1.6902e-14
1669.8383   -170.51    0.7683    0.0711  1.2942e-14  1.1983e-15  1.6844e-14
1669.8750   -163.93    0.9962    0.0810  1.6723e-14  1.3597e-15  1.6787e-14
1669.9117   -157.35    0.9296    0.0786  1.5551e-14  1.3150e-15  1.6729e-14
1669.9484   -150.76    1.0292    0.0827  1.7157e-14  1.3794e-15  1.6671e-14
1669.9851   -144.18    1.0371    0.0831  1.7228e-14  1.3805e-15  1.6613e-14
1670.0218   -137.60    0.9409    0.0794  1.5576e-14  1.3141e-15  1.6555e-14
1670.0585   -131.01    0.8793    0.0768  1.4506e-14  1.2668e-15  1.6497e-14
1670.0951   -124.43    0.9012    0.0782  1.4814e-14  1.2853e-15  1.6439e-14
1670.1318   -117.85    0.8687    0.0767  1.4230e-14  1.2569e-15  1.6381e-14
1670.1685   -111.26    0.8568    0.0766  1.3986e-14  1.2501e-15  1.6324e-14
1670.2052   -104.68    0.7023    0.0693  1.1423e-14  1.1268e-15  1.6266e-14
1670.2419    -98.10    0.5681    0.0625  9.2086e-15  1.0129e-15  1.6208e-14
1670.2786    -91.51    0.5728    0.0632  9.2509e-15  1.0209e-15  1.6151e-14
1670.3153    -84.93    0.4295    0.0552  6.9115e-15  8.8820e-16  1.6093e-14
1670.3520    -78.35    0.3009    0.0469  4.8258e-15  7.5221e-16  1.6036e-14
1670.3887    -71.76    0.1849    0.0377  2.9541e-15  6.0192e-16  1.5979e-14
1670.4254    -65.18    0.1973    0.0390  3.1416e-15  6.2033e-16  1.5921e-14
1670.4620    -58.60    0.1245    0.0318  1.9756e-15  5.0463e-16  1.5864e-14
1670.4987    -52.01    0.1836    0.0379  2.9018e-15  5.9864e-16  1.5807e-14
1670.5354    -45.43    0.0701    0.0264  1.1036e-15  4.1502e-16  1.5750e-14
1670.5721    -38.85    0.0482    0.0253  7.5594e-16  3.9670e-16  1.5693e-14
1670.6088    -32.26    0.1138    0.0347  1.7796e-15  5.4215e-16  1.5637e-14
1670.6455    -25.68    0.0903    0.0315  1.4073e-15  4.9115e-16  1.5580e-14
1670.6822    -19.10    0.1395    0.0382  2.1657e-15  5.9247e-16  1.5524e-14
1670.7189    -12.51    0.1379    0.0380  2.1333e-15  5.8830e-16  1.5467e-14
1670.7556     -5.93    0.3685    0.0571  5.6787e-15  8.8069e-16  1.5411e-14
1670.7923      0.66    0.3071    0.0527  4.7151e-15  8.0878e-16  1.5355e-14
1670.8289      7.24    0.4948    0.0681  7.5704e-15  1.0416e-15  1.5299e-14
1670.8656     13.82    0.6909    0.0798  1.0531e-14  1.2170e-15  1.5243e-14
1670.9023     20.41    0.8223    0.0869  1.2489e-14  1.3201e-15  1.5188e-14
1670.9390     26.99    0.7312    0.0822  1.1065e-14  1.2432e-15  1.5132e-14
1670.9757     33.57    0.8213    0.0871  1.2383e-14  1.3131e-15  1.5077e-14
1671.0124     40.16    0.9803    0.0984  1.4726e-14  1.4776e-15  1.5022e-14
1671.0491     46.74    0.7700    0.0934  1.1524e-14  1.3974e-15  1.4967e-14
1671.0858     53.32    0.7998    0.0983  1.1926e-14  1.4659e-15  1.4912e-14
1671.1225     59.91    1.0531    0.1132  1.5646e-14  1.6813e-15  1.4858e-14
1671.1592     66.49    1.0117    0.1126  1.4977e-14  1.6675e-15  1.4803e-14
1671.1958     73.07    0.9351    0.1074  1.3792e-14  1.5836e-15  1.4749e-14
1671.2325     79.66    0.9234    0.1021  1.3569e-14  1.5010e-15  1.4695e-14
1671.2692     86.24    0.9251    0.0985  1.3545e-14  1.4415e-15  1.4642e-14
1671.3059     92.82    0.9502    0.0966  1.3861e-14  1.4088e-15  1.4588e-14
1671.3426     99.41    0.9569    0.0995  1.3908e-14  1.4464e-15  1.4535e-14
1671.3793    105.99    0.9611    0.0981  1.3918e-14  1.4213e-15  1.4482e-14
1671.4160    112.57    0.8669    0.0923  1.2509e-14  1.3321e-15  1.4429e-14
1671.4527    119.16    0.8591    0.0942  1.2351e-14  1.3545e-15  1.4376e-14
1671.4894    125.74    0.9405    0.0963  1.3472e-14  1.3791e-15  1.4324e-14
1671.5261    132.32    1.1312    0.1068  1.6144e-14  1.5245e-15  1.4272e-14
1671.5627    138.91    1.0391    0.1001  1.4776e-14  1.4236e-15  1.4220e-14
1671.5994    145.49    1.0449    0.1022  1.4806e-14  1.4481e-15  1.4169e-14
1671.6361    152.07    0.9994    0.0989  1.4108e-14  1.3969e-15  1.4117e-14
1671.6728    158.66    0.9497    0.0977  1.3358e-14  1.3739e-15  1.4066e-14
1671.7095    165.24    0.8819    0.0880  1.2361e-14  1.2339e-15  1.4016e-14
1671.7462    171.82    0.9433    0.0867  1.3174e-14  1.2108e-15  1.3965e-14
1671.7829    178.41    0.9504    0.0875  1.3225e-14  1.2175e-15  1.3915e-14
1671.8196    184.99    0.9106    0.0856  1.2626e-14  1.1862e-15  1.3865e-14
1671.8563    191.57    1.1319    0.0953  1.5638e-14  1.3166e-15  1.3816e-14
1671.8930    198.16    1.0413    0.0919  1.4336e-14  1.2652e-15  1.3767e-14
1671.9296    204.74    0.9285    0.0869  1.2737e-14  1.1927e-15  1.3718e-14
1671.9663    211.32    0.9771    0.0894  1.3356e-14  1.2219e-15  1.3669e-14
1672.0030    217.91    0.9103    0.0866  1.2398e-14  1.1792e-15  1.3621e-14
1672.0397    224.49    1.0723    0.0940  1.4554e-14  1.2761e-15  1.3572e-14
1672.0764    231.07    0.9974    0.0909  1.3488e-14  1.2288e-15  1.3524e-14
1672.1131    237.66    1.1060    0.0959  1.4904e-14  1.2928e-15  1.3476e-14
1672.1498    244.24    0.9883    0.0906  1.3270e-14  1.2171e-15  1.3427e-14
1672.1865    250.82    0.8024    0.0821  1.0735e-14  1.0981e-15  1.3379e-14
1672.2232    257.41    1.0178    0.0919  1.3567e-14  1.2254e-15  1.3331e-14
1672.2599    263.99    0.9587    0.0895  1.2734e-14  1.1891e-15  1.3282e-14
1672.2965    270.57    0.9845    0.0911  1.3028e-14  1.2061e-15  1.3234e-14
1672.3332    277.16    0.9990    0.0919  1.3172e-14  1.2124e-15  1.3186e-14
1672.3699    283.74    1.0794    0.0953  1.4180e-14  1.2522e-15  1.3137e-14
1672.4066    290.32    1.0560    0.0948  1.3822e-14  1.2414e-15  1.3089e-14
1672.4433    296.91    0.9126    0.0886  1.1901e-14  1.1552e-15  1.3041e-14
1672.4800    303.49    1.0208    0.0935  1.3263e-14  1.2147e-15  1.2993e-14
1672.5167    310.07    0.9354    0.0898  1.2108e-14  1.1627e-15  1.2945e-14
1672.5534    316.66    0.9537    0.0906  1.2299e-14  1.1680e-15  1.2897e-14
1672.5901    323.24    1.0056    0.0937  1.2921e-14  1.2039e-15  1.2849e-14
1672.6268    329.82    0.9274    0.0902  1.1872e-14  1.1546e-15  1.2801e-14
1672.6634    336.41    0.9676    0.0919  1.2340e-14  1.1715e-15  1.2753e-14
1672.7001    342.99    0.8423    0.0862  1.0702e-14  1.0956e-15  1.2705e-14
1672.7368    349.57    0.9302    0.0908  1.1774e-14  1.1496e-15  1.2658e-14
1672.7735    356.16    0.9385    0.0912  1.1834e-14  1.1498e-15  1.2610e-14
1672.8102    362.74    1.1033    0.0989  1.3860e-14  1.2422e-15  1.2563e-14
1672.8469    369.32    0.9848    0.0941  1.2325e-14  1.1773e-15  1.2515e-14
1672.8836    375.91    0.9748    0.0940  1.2153e-14  1.1716e-15  1.2468e-14
1672.9203    382.49    1.1077    0.0999  1.3759e-14  1.2407e-15  1.2421e-14
1672.9570    389.07    0.8046    0.0858  9.9560e-15  1.0616e-15  1.2374e-14
1672.9937    395.66    0.8820    0.0899  1.0873e-14  1.1087e-15  1.2327e-14
1673.0303    402.24    0.9108    0.0911  1.1185e-14  1.1193e-15  1.2280e-14
1673.0670    408.82    0.9602    0.0939  1.1746e-14  1.1492e-15  1.2233e-14
1673.1037    415.41    1.0794    0.0994  1.3154e-14  1.2115e-15  1.2187e-14
1673.1404    421.99    0.9128    0.0918  1.1081e-14  1.1139e-15  1.2140e-14
1673.1771    428.57    1.0780    0.0996  1.3037e-14  1.2046e-15  1.2094e-14
1673.2138    435.16    1.1524    0.1033  1.3884e-14  1.2449e-15  1.2048e-14
1673.2505    441.74    0.9947    0.0967  1.1938e-14  1.1604e-15  1.2002e-14
1673.2872    448.32    0.9617    0.0949  1.1498e-14  1.1349e-15  1.1956e-14
1673.3239    454.91    0.8763    0.0910  1.0437e-14  1.0837e-15  1.1910e-14
1673.3606    461.49    0.8460    0.0900  1.0037e-14  1.0676e-15  1.1865e-14
1673.3972    468.07    1.0104    0.0980  1.1942e-14  1.1583e-15  1.1820e-14
1673.4339    474.66    0.9489    0.0952  1.1173e-14  1.1214e-15  1.1774e-14
1673.4706    481.24    1.0902    0.1020  1.2787e-14  1.1959e-15  1.1729e-14
1673.5073    487.82    1.0719    0.1016  1.2525e-14  1.1877e-15  1.1685e-14
1673.5440    494.41    0.9704    0.0966  1.1296e-14  1.1247e-15  1.1640e-14
1673.5807    500.99    0.7980    0.0883  9.2537e-15  1.0236e-15  1.1596e-14
1673.6174    507.57    1.0577    0.1039  1.2218e-14  1.1999e-15  1.1552e-14
1673.6541    514.16    1.1481    0.1120  1.3212e-14  1.2889e-15  1.1508e-14
1673.6908    520.74    1.1412    0.1117  1.3082e-14  1.2808e-15  1.1464e-14
1673.7275    527.32    0.9687    0.1027  1.1063e-14  1.1726e-15  1.1420e-14
1673.7641    533.91    1.0409    0.1072  1.1843e-14  1.2196e-15  1.1377e-14
1673.8008    540.49    1.0431    0.1081  1.1822e-14  1.2249e-15  1.1334e-14
1673.8375    547.07    1.0083    0.1058  1.1384e-14  1.1951e-15  1.1291e-14
1673.8742    553.66    1.0159    0.1075  1.1427e-14  1.2090e-15  1.1248e-14
1673.9109    560.24    1.1097    0.1112  1.2435e-14  1.2458e-15  1.1206e-14
1673.9476    566.82    1.0692    0.1106  1.1936e-14  1.2346e-15  1.1164e-14
1673.9843    573.41    0.9646    0.1064  1.0728e-14  1.1829e-15  1.1122e-14
1674.0210    579.99    0.8475    0.0984  9.3901e-15  1.0905e-15  1.1080e-14
1674.0577    586.57    0.7023    0.0901  7.7521e-15  9.9500e-16  1.1039e-14
1674.0944    593.16    0.8695    0.1062  9.5627e-15  1.1682e-15  1.0998e-14
1674.1310    599.74    0.9866    0.1131  1.0810e-14  1.2392e-15  1.0957e-14
1674.1677    606.32    1.0323    0.1174  1.1269e-14  1.2813e-15  1.0916e-14
1674.2044    612.91    1.1349    0.1212  1.2343e-14  1.3185e-15  1.0876e-14
1674.2411    619.49    1.1057    0.1186  1.1982e-14  1.2853e-15  1.0836e-14
1674.2778    626.07    0.9057    0.1093  9.7785e-15  1.1805e-15  1.0796e-14
1674.3145    632.66    0.8905    0.1025  9.5791e-15  1.1022e-15  1.0757e-14
1674.3512    639.24    0.9692    0.1069  1.0388e-14  1.1462e-15  1.0718e-14
1674.3879    645.82    0.9824    0.1065  1.0492e-14  1.1376e-15  1.0679e-14
1674.4246    652.41    0.8120    0.0988  8.6403e-15  1.0509e-15  1.0641e-14
1674.4613    658.99    0.9204    0.1055  9.7587e-15  1.1188e-15  1.0602e-14
1674.4979    665.57    0.8242    0.0991  8.7075e-15  1.0470e-15  1.0565e-14
1674.5346    672.16    1.0244    0.1111  1.0784e-14  1.1697e-15  1.0527e-14
1674.5713    678.74    0.7928    0.0989  8.3160e-15  1.0378e-15  1.0490e-14
1674.6080    685.32    0.8873    0.1045  9.2748e-15  1.0919e-15  1.0453e-14
1674.6447    691.91    0.8536    0.1024  8.8914e-15  1.0668e-15  1.0417e-14
1674.6814    698.49    1.0013    0.1105  1.0394e-14  1.1471e-15  1.0380e-14
1674.7181    705.07    1.0610    0.1136  1.0976e-14  1.1750e-15  1.0345e-14
1674.7548    711.66    1.0044    0.1094  1.0354e-14  1.1278e-15  1.0309e-14
1674.7915    718.24    0.8060    0.1011  8.2807e-15  1.0384e-15  1.0274e-14
1674.8282    724.82    0.9833    0.1066  1.0068e-14  1.0911e-15  1.0239e-14
1674.8648    731.41    1.0440    0.1073  1.0654e-14  1.0945e-15  1.0205e-14
1674.9015    737.99    0.9288    0.1019  9.4465e-15  1.0364e-15  1.0171e-14
1674.9382    744.57    0.8753    0.0992  8.8730e-15  1.0052e-15  1.0137e-14
1674.9749    751.16    0.9197    0.1017  9.2919e-15  1.0272e-15  1.0104e-14
1675.0116    757.74    0.9299    0.1025  9.3639e-15  1.0322e-15  1.0070e-14
1675.0483    764.32    1.0758    0.1103  1.0798e-14  1.1071e-15  1.0037e-14
1675.0850    770.91    1.2057    0.1167  1.2061e-14  1.1678e-15  1.0003e-14
1675.1217    777.49    1.1161    0.1126  1.1128e-14  1.1224e-15  9.9703e-15
1675.1584    784.07    1.0219    0.1084  1.0154e-14  1.0769e-15  9.9372e-15
1675.1951    790.66    1.0531    0.1098  1.0431e-14  1.0872e-15  9.9042e-15
1675.2317    797.24    1.1134    0.1132  1.0991e-14  1.1173e-15  9.8713e-15
1675.2684    803.82    0.9587    0.1052  9.4318e-15  1.0350e-15  9.8386e-15
1675.3051    810.41    0.9826    0.1069  9.6352e-15  1.0479e-15  9.8059e-15
1675.3418    816.99    1.0273    0.1091  1.0040e-14  1.0659e-15  9.7733e-15
1675.3785    823.57    0.9376    0.1052  9.1326e-15  1.0249e-15  9.7409e-15
1675.4152    830.16    0.9655    0.1065  9.3737e-15  1.0340e-15  9.7085e-15
1675.4519    836.74    0.7677    0.0951  7.4288e-15  9.2053e-16  9.6763e-15
1675.4886    843.32    1.1126    0.1139  1.0730e-14  1.0987e-15  9.6441e-15
1675.5253    849.91    0.9207    0.1043  8.8502e-15  1.0022e-15  9.6121e-15
1675.5620    856.49    0.9409    0.1059  9.0138e-15  1.0148e-15  9.5802e-15
1675.5986    863.07    1.0090    0.1099  9.6345e-15  1.0495e-15  9.5483e-15
1675.6353    869.66    0.8447    0.1009  8.0392e-15  9.6032e-16  9.5166e-15
1675.6720    876.24    0.9030    0.1042  8.5646e-15  9.8880e-16  9.4850e-15
1675.7087    882.82    1.1325    0.1168  1.0706e-14  1.1045e-15  9.4535e-15
1675.7454    889.41    0.9687    0.1084  9.1270e-15  1.0217e-15  9.4221e-15
1675.7821    895.99    0.9733    0.1088  9.1400e-15  1.0216e-15  9.3908e-15
1675.8188    902.57    0.8544    0.1023  7.9973e-15  9.5773e-16  9.3596e-15
1675.8555    909.16    1.0087    0.1112  9.4101e-15  1.0378e-15  9.3286e-15
1675.8922    915.74    0.9531    0.1084  8.8612e-15  1.0077e-15  9.2976e-15
1675.9289    922.32    0.9498    0.1083  8.8015e-15  1.0036e-15  9.2667e-15
1675.9655    928.91    0.8345    0.1019  7.7072e-15  9.4128e-16  9.2360e-15
1676.0022    935.49    1.0168    0.1121  9.3597e-15  1.0317e-15  9.2053e-15
1676.0389    942.07    1.1184    0.1178  1.0262e-14  1.0809e-15  9.1748e-15
1676.0756    948.66    0.8893    0.1055  8.1319e-15  9.6511e-16  9.1443e-15
1676.1123    955.24    0.9386    0.1092  8.5543e-15  9.9482e-16  9.1140e-15
1676.1490    961.82    1.0179    0.1134  9.2465e-15  1.0297e-15  9.0838e-15
1676.1857    968.41    0.8708    0.1056  7.8842e-15  9.5575e-16  9.0537e-15
1676.2224    974.99    0.9926    0.1116  8.9573e-15  1.0066e-15  9.0237e-15
1676.2591    981.57    0.9358    0.1092  8.4163e-15  9.8203e-16  8.9938e-15
1676.2958    988.16    1.0512    0.1154  9.4228e-15  1.0342e-15  8.9640e-15
1676.3324    994.74    0.9135    0.1084  8.1618e-15  9.6810e-16  8.9343e-15
1676.3691   1001.32    0.9004    0.1080  8.0180e-15  9.6155e-16  8.9047e-15
1676.4058   1007.91    1.0148    0.1140  9.0066e-15  1.0117e-15  8.8752e-15
1676.4425   1014.49    1.0876    0.1184  9.6210e-15  1.0478e-15  8.8459e-15
1676.4792   1021.07    0.9630    0.1124  8.4907e-15  9.9119e-16  8.8166e-15
1676.5159   1027.66    1.0989    0.1194  9.6567e-15  1.0494e-15  8.7875e-15
1676.5526   1034.24    0.9201    0.1099  8.0586e-15  9.6252e-16  8.7585e-15
1676.5893   1040.82    0.9146    0.1093  7.9836e-15  9.5437e-16  8.7296e-15
1676.6260   1047.41    0.9952    0.1150  8.6594e-15  1.0008e-15  8.7007e-15
1676.6627   1053.99    0.8797    0.1082  7.6292e-15  9.3869e-16  8.6720e-15
1676.6993   1060.57    0.9452    0.1124  8.1696e-15  9.7179e-16  8.6434e-15
1676.7360   1067.16    0.9507    0.1127  8.1898e-15  9.7118e-16  8.6150e-15
1676.7727   1073.74    1.0401    0.1178  8.9312e-15  1.0118e-15  8.5866e-15
1676.8094   1080.32    1.0053    0.1161  8.6041e-15  9.9352e-16  8.5583e-15
1676.8461   1086.91    0.9355    0.1169  7.9796e-15  9.9712e-16  8.5302e-15
1676.8828   1093.49    0.8402    0.1159  7.1434e-15  9.8499e-16  8.5021e-15
1676.9195   1100.07    0.7457    0.1074  6.3192e-15  9.1052e-16  8.4742e-15
1676.9562   1106.66    0.7918    0.1094  6.6876e-15  9.2405e-16  8.4464e-15
1676.9929   1113.24    0.8635    0.1145  7.2692e-15  9.6389e-16  8.4187e-15
1677.0296   1119.82    0.8631    0.1158  7.2425e-15  9.7204e-16  8.3910e-15
1677.0662   1126.41    0.9469    0.1205  7.9196e-15  1.0074e-15  8.3636e-15
1677.1029   1132.99    0.9656    0.1206  8.0497e-15  1.0057e-15  8.3362e-15
1677.1396   1139.57    0.8509    0.1167  7.0701e-15  9.6958e-16  8.3089e-15
1677.1763   1146.16    1.0120    0.1246  8.3808e-15  1.0317e-15  8.2817e-15
1677.2130   1152.74    1.0336    0.1267  8.5320e-15  1.0460e-15  8.2547e-15
1677.2497   1159.32    0.9372    0.1216  7.7109e-15  1.0002e-15  8.2278e-15
1677.2864   1165.91    0.9449    0.1224  7.7490e-15  1.0038e-15  8.2009e-15
1677.3231   1172.49    0.7969    0.1142  6.5137e-15  9.3345e-16  8.1742e-15
1677.3598   1179.07    0.8628    0.1227  7.0294e-15  9.9988e-16  8.1476e-15
1677.3965   1185.66    0.6863    0.1124  5.5738e-15  9.1287e-16  8.1211e-15
1677.4331   1192.24    0.9158    0.1289  7.4131e-15  1.0436e-15  8.0947e-15
1677.4698   1198.82    0.8501    0.1231  6.8589e-15  9.9328e-16  8.0685e-15
1677.5065   1205.41    0.8203    0.1227  6.5967e-15  9.8685e-16  8.0423e-15
1677.5432   1211.99    0.9975    0.1340  7.9965e-15  1.0742e-15  8.0162e-15
1677.5799   1218.57    0.9059    0.1253  7.2384e-15  1.0009e-15  7.9903e-15
1677.6166   1225.16    0.9874    0.1273  7.8640e-15  1.0137e-15  7.9645e-15
1677.6533   1231.74    0.8786    0.1209  6.9752e-15  9.6004e-16  7.9388e-15
1677.6900   1238.32    0.6894    0.1084  5.4553e-15  8.5818e-16  7.9132e-15
1677.7267   1244.91    0.9074    0.1219  7.1570e-15  9.6170e-16  7.8877e-15
1677.7634   1251.49    0.8154    0.1159  6.4112e-15  9.1143e-16  7.8623e-15
1677.8000   1258.07    0.9137    0.1264  7.1605e-15  9.9070e-16  7.8371e-15
1677.8367   1264.66    0.9688    0.1365  7.5680e-15  1.0663e-15  7.8119e-15
1677.8734   1271.24    0.9555    0.1327  7.4400e-15  1.0334e-15  7.7869e-15
1677.9101   1277.82    0.8922    0.1306  6.9251e-15  1.0139e-15  7.7620e-15
1677.9468   1284.41    0.8427    0.1279  6.5203e-15  9.8929e-16  7.7372e-15
1677.9835   1290.99    1.0519    0.1408  8.1130e-15  1.0857e-15  7.7125e-15
1678.0202   1297.57    1.0154    0.1339  7.8063e-15  1.0296e-15  7.6879e-15
1678.0569   1304.16    0.9698    0.1297  7.4319e-15  9.9380e-16  7.6634e-15
1678.0936   1310.74    0.8530    0.1216  6.5159e-15  9.2916e-16  7.6391e-15
1678.1303   1317.32    0.9629    0.1293  7.3320e-15  9.8472e-16  7.6148e-15
1678.1669   1323.91    0.9983    0.1333  7.5777e-15  1.0116e-15  7.5907e-15
1678.2036   1330.49    1.0164    0.1302  7.6911e-15  9.8553e-16  7.5667e-15
1678.2403   1337.07    0.9141    0.1260  6.8946e-15  9.5025e-16  7.5428e-15
1678.2770   1343.66    1.1210    0.1397  8.4284e-15  1.0501e-15  7.5190e-15
1678.3137   1350.24    0.8870    0.1260  6.6482e-15  9.4436e-16  7.4953e-15
1678.3504   1356.83    1.2202    0.1440  9.1168e-15  1.0760e-15  7.4718e-15
1678.3871   1363.41    0.9049    0.1292  6.7396e-15  9.6219e-16  7.4483e-15
1678.4238   1369.99    1.0624    0.1342  7.8884e-15  9.9679e-16  7.4250e-15
1678.4605   1376.58    0.7835    0.1117  5.7995e-15  8.2705e-16  7.4018e-15
1678.4972   1383.16    0.9427    0.1219  6.9558e-15  8.9977e-16  7.3787e-15
1678.5338   1389.74    1.0795    0.1302  7.9407e-15  9.5791e-16  7.3557e-15
1678.5705   1396.33    1.1020    0.1320  8.0805e-15  9.6826e-16  7.3329e-15
1678.6072   1402.91    1.1312    0.1337  8.2693e-15  9.7770e-16  7.3101e-15
1678.6439   1409.49    0.9821    0.1258  7.1568e-15  9.1644e-16  7.2875e-15
1678.6806   1416.08    1.0285    0.1283  7.4717e-15  9.3236e-16  7.2650e-15
1678.7173   1422.66    0.9766    0.1247  7.0733e-15  9.0327e-16  7.2426e-15
1678.7540   1429.24    0.9285    0.1223  6.7037e-15  8.8318e-16  7.2203e-15
1678.7907   1435.83    1.0641    0.1313  7.6594e-15  9.4506e-16  7.1981e-15
1678.8274   1442.41    0.9551    0.1244  6.8535e-15  8.9242e-16  7.1760e-15
1678.8641   1448.99    0.8308    0.1166  5.9439e-15  8.3444e-16  7.1541e-15
1678.9007   1455.58    1.0157    0.1285  7.2444e-15  9.1615e-16  7.1323e-15
1678.9374   1462.16    1.0130    0.1293  7.2030e-15  9.1919e-16  7.1106e-15
1678.9741   1468.74    0.8994    0.1216  6.3759e-15  8.6170e-16  7.0890e-15
1679.0108   1475.33    0.7962    0.1151  5.6273e-15  8.1337e-16  7.0675e-15
1679.0475   1481.91    0.8727    0.1199  6.1494e-15  8.4450e-16  7.0461e-15
1679.0842   1488.49    0.8491    0.1187  5.9651e-15  8.3388e-16  7.0249e-15
1679.1209   1495.08    1.0694    0.1335  7.4900e-15  9.3514e-16  7.0038e-15
1679.1576   1501.66    0.9511    0.1269  6.6414e-15  8.8577e-16  6.9828e-15
1679.1943   1508.24    0.9617    0.1276  6.6954e-15  8.8836e-16  6.9619e-15
1679.2310   1514.83    0.8651    0.1210  6.0047e-15  8.3985e-16  6.9411e-15
1679.2676   1521.41    0.9915    0.1289  6.8613e-15  8.9221e-16  6.9204e-15
1679.3043   1527.99    0.8997    0.1234  6.2076e-15  8.5178e-16  6.8999e-15
1679.3410   1534.58    0.8307    0.1193  5.7149e-15  8.2039e-16  6.8795e-15
1679.3777   1541.16    0.9201    0.1261  6.3112e-15  8.6501e-16  6.8592e-15
1679.4144   1547.74    0.9860    0.1295  6.7434e-15  8.8533e-16  6.8390e-15
1679.4511   1554.33    0.6552    0.1071  4.4679e-15  7.3030e-16  6.8189e-15
1679.4878   1560.91    0.9989    0.1308  6.7912e-15  8.8899e-16  6.7990e-15
1679.5245   1567.49    0.9511    0.1281  6.4473e-15  8.6868e-16  6.7791e-15
1679.5612   1574.08    1.1901    0.1425  8.0445e-15  9.6346e-16  6.7594e-15
1679.5979   1580.66    1.1454    0.1404  7.7200e-15  9.4653e-16  6.7398e-15
1679.6345   1587.24    0.9782    0.1305  6.5739e-15  8.7732e-16  6.7204e-15
1679.6712   1593.83    1.0884    0.1376  7.2932e-15  9.2184e-16  6.7010e-15
1679.7079   1600.41    1.0231    0.1337  6.8361e-15  8.9338e-16  6.6818e-15
1679.7446   1606.99    0.8391    0.1219  5.5906e-15  8.1222e-16  6.6626e-15
1679.7813   1613.58    1.0201    0.1346  6.7770e-15  8.9428e-16  6.6436e-15
1679.8180   1620.16    0.9012    0.1271  5.9702e-15  8.4220e-16  6.6248e-15
1679.8547   1626.74    0.9193    0.1285  6.0730e-15  8.4886e-16  6.6060e-15
1679.8914   1633.33    0.8553    0.1237  5.6341e-15  8.1512e-16  6.5873e-15
1679.9281   1639.91    0.9906    0.1329  6.5070e-15  8.7298e-16  6.5688e-15
1679.9648   1646.49    0.9200    0.1285  6.0266e-15  8.4163e-16  6.5504e-15
1680.0014   1653.08    0.7800    0.1188  5.0953e-15  7.7627e-16  6.5321e-15
1680.0381   1659.66    1.0260    0.1366  6.6832e-15  8.9002e-16  6.5140e-15
1680.0748   1666.24    0.9686    0.1331  6.2919e-15  8.6439e-16  6.4959e-15
1680.1115   1672.83    0.8537    0.1254  5.5302e-15  8.1266e-16  6.4780e-15
1680.1482   1679.41    0.7580    0.1193  4.8966e-15  7.7100e-16  6.4602e-15
1680.1849   1685.99    1.0892    0.1412  7.0169e-15  9.0972e-16  6.4425e-15
1680.2216   1692.58    0.8257    0.1237  5.3049e-15  7.9505e-16  6.4249e-15
1680.2583   1699.16    0.7874    0.1209  5.0449e-15  7.7475e-16  6.4075e-15
1680.2950   1705.74    1.0012    0.1359  6.3976e-15  8.6823e-16  6.3901e-15
1680.3317   1712.33    0.8502    0.1259  5.4186e-15  8.0209e-16  6.3729e-15
1680.3683   1718.91    0.8548    0.1269  5.4331e-15  8.0627e-16  6.3559e-15
1680.4050   1725.49    0.9898    0.1353  6.2741e-15  8.5789e-16  6.3389e-15
1680.4417   1732.08    1.0018    0.1371  6.3337e-15  8.6659e-16  6.3221e-15
1680.4784   1738.66    1.0274    0.1389  6.4780e-15  8.7573e-16  6.3053e-15
1680.5151   1745.24    1.0826    0.1423  6.8082e-15  8.9497e-16  6.2887e-15
1680.5518   1751.83    1.0004    0.1366  6.2749e-15  8.5692e-16  6.2722e-15
1680.5885   1758.41    0.7959    0.1231  4.9792e-15  7.7029e-16  6.2559e-15
1680.6252   1764.99    1.0005    0.1383  6.2428e-15  8.6320e-16  6.2397e-15
1680.6619   1771.58    0.9982    0.1377  6.2124e-15  8.5676e-16  6.2235e-15
1680.6986   1778.16    0.9707    0.1356  6.0255e-15  8.4183e-16  6.2075e-15
1680.7352   1784.74    0.9463    0.1438  5.8594e-15  8.9036e-16  6.1917e-15
1680.7719   1791.33    0.9745    0.1455  6.0186e-15  8.9837e-16  6.1759e-15
1680.8086   1797.91    0.9979    0.1521  6.1474e-15  9.3714e-16  6.1603e-15
1680.8453   1804.49    0.9727    0.1569  5.9769e-15  9.6400e-16  6.1448e-15
1680.8820   1811.08    0.9210    0.1496  5.6453e-15  9.1692e-16  6.1294e-15
1680.9187   1817.66    1.1653    0.1652  7.1247e-15  1.0099e-15  6.1141e-15
1680.9554   1824.24    1.2088    0.1712  7.3723e-15  1.0439e-15  6.0990e-15
1680.9921   1830.83    0.8738    0.1465  5.3162e-15  8.9110e-16  6.0840e-15
1681.0288   1837.41    0.8750    0.1436  5.3103e-15  8.7150e-16  6.0691e-15
1681.0655   1843.99    1.0790    0.1610  6.5325e-15  9.7480e-16  6.0543e-15
1681.1021   1850.58    1.0123    0.1555  6.1137e-15  9.3900e-16  6.0397e-15
1681.1388   1857.16    1.0870    0.1654  6.5492e-15  9.9677e-16  6.0252e-15
1681.1755   1863.74    1.2367    0.1686  7.4335e-15  1.0132e-15  6.0108e-15
1681.2122   1870.33    0.8987    0.1523  5.3892e-15  9.1299e-16  5.9965e-15
1681.2489   1876.91    1.0976    0.1666  6.5661e-15  9.9641e-16  5.9823e-15
1681.2856   1883.49    1.0326    0.1579  6.1630e-15  9.4256e-16  5.9683e-15
1681.3223   1890.08    1.0433    0.1751  6.2122e-15  1.0429e-15  5.9544e-15
1681.3590   1896.66    0.9768    0.1832  5.8025e-15  1.0882e-15  5.9406e-15
1681.3957   1903.24    0.8576    0.1655  5.0830e-15  9.8096e-16  5.9270e-15
1681.4324   1909.83    0.8104    0.1736  4.7922e-15  1.0265e-15  5.9134e-15
1681.4690   1916.41    0.8341    0.1593  4.9210e-15  9.3986e-16  5.9000e-15
1681.5057   1922.99    0.9530    0.1665  5.6102e-15  9.7989e-16  5.8867e-15
1681.5424   1929.58    1.0188    0.1711  5.9841e-15  1.0048e-15  5.8736e-15
1681.5791   1936.16    0.9228    0.1596  5.4078e-15  9.3517e-16  5.8605e-15
1681.6158   1942.74    1.0034    0.1649  5.8676e-15  9.6440e-16  5.8476e-15
