# Wave  Vhel  NormFlux  NormErr      Flux        Error       Continuum
1539.0018  -1781.91    0.9316    0.1399  2.0936e-15  3.1452e-16  2.2474e-15
1539.0385  -1774.80    1.0781    0.1508  2.4221e-15  3.3882e-16  2.2467e-15
1539.0752  -1767.70    0.9807    0.1444  2.2027e-15  3.2423e-16  2.2460e-15
1539.1118  -1760.60    1.0176    0.1566  2.2848e-15  3.5164e-16  2.2453e-15
1539.1485  -1753.49    1.1092    0.1638  2.4897e-15  3.6762e-16  2.2446e-15
1539.1852  -1746.39    1.0103    0.1566  2.2671e-15  3.5132e-16  2.2439e-15
1539.2219  -1739.28    0.9082    0.1474  2.0372e-15  3.3076e-16  2.2432e-15
1539.2586  -1732.18    1.1586    0.1651  2.5981e-15  3.7031e-16  2.2425e-15
1539.2953  -1725.07    1.0384    0.1554  2.3280e-15  3.4833e-16  2.2418e-15
1539.3320  -1717.97    0.8716    0.1538  1.9534e-15  3.4477e-16  2.2411e-15
1539.3687  -1710.86    1.0568    0.1651  2.3677e-15  3.6994e-16  2.2404e-15
1539.4054  -1703.76    1.0849    0.1715  2.4299e-15  3.8413e-16  2.2398e-15
1539.4421  -1696.65    0.9343    0.1619  2.0920e-15  3.6252e-16  2.2391e-15
1539.4787  -1689.55    0.8008    0.1499  1.7925e-15  3.3545e-16  2.2384e-15
1539.5154  -1682.44    1.1473    0.1723  2.5673e-15  3.8551e-16  2.2377e-15
1539.5521  -1675.34    1.1798    0.1743  2.6394e-15  3.8997e-16  2.2370e-15
1539.5888  -1668.24    1.0055    0.1674  2.2486e-15  3.7445e-16  2.2364e-15
1539.6255  -1661.13    1.1251    0.1741  2.5153e-15  3.8918e-16  2.2357e-15
1539.6622  -1654.03    0.9555    0.1587  2.1355e-15  3.5478e-16  2.2350e-15
1539.6989  -1646.92    0.9468    0.1593  2.1154e-15  3.5585e-16  2.2344e-15
1539.7356  -1639.82    1.1016    0.1622  2.4607e-15  3.6222e-16  2.2337e-15
1539.7723  -1632.71    0.9832    0.1535  2.1956e-15  3.4275e-16  2.2330e-15
1539.8090  -1625.61    1.2001    0.1695  2.6790e-15  3.7840e-16  2.2324e-15
1539.8456  -1618.50    1.1127    0.1635  2.4833e-15  3.6486e-16  2.2317e-15
1539.8823  -1611.40    0.9931    0.1529  2.2157e-15  3.4122e-16  2.2311e-15
1539.9190  -1604.29    0.9760    0.1517  2.1768e-15  3.3827e-16  2.2304e-15
1539.9557  -1597.19    0.8285    0.1463  1.8474e-15  3.2624e-16  2.2298e-15
1539.9924  -1590.08    1.1549    0.1637  2.5743e-15  3.6499e-16  2.2291e-15
1540.0291  -1582.98    1.1695    0.1584  2.6062e-15  3.5290e-16  2.2285e-15
1540.0658  -1575.88    0.9132    0.1403  2.0344e-15  3.1264e-16  2.2278e-15
1540.1025  -1568.77    0.8274    0.1337  1.8429e-15  2.9787e-16  2.2272e-15
1540.1392  -1561.67    1.1040    0.1535  2.4581e-15  3.4171e-16  2.2265e-15
1540.1759  -1554.56    0.8736    0.1377  1.9445e-15  3.0661e-16  2.2259e-15
1540.2125  -1547.46    1.0103    0.1472  2.2481e-15  3.2763e-16  2.2253e-15
1540.2492  -1540.35    0.9675    0.1450  2.1523e-15  3.2248e-16  2.2246e-15
1540.2859  -1533.25    0.8780    0.1380  1.9528e-15  3.0693e-16  2.2240e-15
1540.3226  -1526.14    1.0285    0.1481  2.2867e-15  3.2931e-16  2.2234e-15
1540.3593  -1519.04    0.8137    0.1335  1.8087e-15  2.9664e-16  2.2228e-15
1540.3960  -1511.93    0.9674    0.1447  2.1497e-15  3.2145e-16  2.2221e-15
1540.4327  -1504.83    1.2547    0.1631  2.7873e-15  3.6244e-16  2.2215e-15
1540.4694  -1497.72    0.8788    0.1384  1.9518e-15  3.0728e-16  2.2209e-15
1540.5061  -1490.62    0.8774    0.1384  1.9481e-15  3.0736e-16  2.2203e-15
1540.5428  -1483.52    1.1107    0.1551  2.4654e-15  3.4436e-16  2.2197e-15
1540.5794  -1476.41    0.9238    0.1421  2.0499e-15  3.1543e-16  2.2191e-15
1540.6161  -1469.31    1.1389    0.1563  2.5266e-15  3.4670e-16  2.2185e-15
1540.6528  -1462.20    0.8506    0.1368  1.8865e-15  3.0330e-16  2.2179e-15
1540.6895  -1455.10    1.2452    0.1628  2.7608e-15  3.6092e-16  2.2172e-15
1540.7262  -1447.99    0.8167    0.1335  1.8104e-15  2.9585e-16  2.2166e-15
1540.7629  -1440.89    1.1817    0.1592  2.6188e-15  3.5276e-16  2.2160e-15
1540.7996  -1433.78    1.0658    0.1519  2.3611e-15  3.3658e-16  2.2154e-15
1540.8363  -1426.68    1.2070    0.1607  2.6733e-15  3.5596e-16  2.2149e-15
1540.8730  -1419.57    1.0806    0.1518  2.3928e-15  3.3614e-16  2.2143e-15
1540.9097  -1412.47    0.9947    0.1472  2.2019e-15  3.2579e-16  2.2137e-15
1540.9463  -1405.36    0.9269    0.1421  2.0513e-15  3.1440e-16  2.2131e-15
1540.9830  -1398.26    1.0021    0.1474  2.2172e-15  3.2617e-16  2.2125e-15
1541.0197  -1391.16    1.1537    0.1574  2.5518e-15  3.4806e-16  2.2119e-15
1541.0564  -1384.05    1.1426    0.1572  2.5267e-15  3.4760e-16  2.2113e-15
1541.0931  -1376.95    0.8455    0.1357  1.8692e-15  2.9994e-16  2.2108e-15
1541.1298  -1369.84    1.0630    0.1500  2.3494e-15  3.3161e-16  2.2102e-15
1541.1665  -1362.74    1.1596    0.1569  2.5623e-15  3.4671e-16  2.2096e-15
1541.2032  -1355.63    1.1863    0.1594  2.6206e-15  3.5209e-16  2.2090e-15
1541.2399  -1348.53    0.9895    0.1468  2.1853e-15  3.2430e-16  2.2085e-15
1541.2766  -1341.42    1.1083    0.1540  2.4470e-15  3.4000e-16  2.2079e-15
1541.3132  -1334.32    0.8693    0.1382  1.9189e-15  3.0503e-16  2.2073e-15
1541.3499  -1327.21    1.0995    0.1539  2.4264e-15  3.3952e-16  2.2068e-15
1541.3866  -1320.11    1.1251    0.1568  2.4822e-15  3.4592e-16  2.2062e-15
1541.4233  -1313.00    1.1123    0.1553  2.4534e-15  3.4254e-16  2.2056e-15
1541.4600  -1305.90    1.2528    0.1633  2.7626e-15  3.6001e-16  2.2051e-15
1541.4967  -1298.80    0.7785    0.1316  1.7162e-15  2.9003e-16  2.2045e-15
1541.5334  -1291.69    1.1661    0.1590  2.5700e-15  3.5044e-16  2.2040e-15
1541.5701  -1284.59    0.8535    0.1373  1.8806e-15  3.0243e-16  2.2034e-15
1541.6068  -1277.48    1.0433    0.1512  2.2983e-15  3.3310e-16  2.2029e-15
1541.6435  -1270.38    0.7495    0.1288  1.6508e-15  2.8358e-16  2.2023e-15
1541.6801  -1263.27    0.8656    0.1375  1.9058e-15  3.0282e-16  2.2018e-15
1541.7168  -1256.17    1.1487    0.1573  2.5286e-15  3.4633e-16  2.2013e-15
1541.7535  -1249.06    0.8339    0.1364  1.8352e-15  3.0016e-16  2.2007e-15
1541.7902  -1241.96    1.0561    0.1524  2.3237e-15  3.3533e-16  2.2002e-15
1541.8269  -1234.85    1.0463    0.1513  2.3016e-15  3.3281e-16  2.1996e-15
1541.8636  -1227.75    0.9860    0.1471  2.1683e-15  3.2348e-16  2.1991e-15
1541.9003  -1220.65    0.8932    0.1402  1.9637e-15  3.0825e-16  2.1985e-15
1541.9370  -1213.54    0.9969    0.1475  2.1911e-15  3.2414e-16  2.1980e-15
1541.9737  -1206.44    0.7652    0.1404  1.6815e-15  3.0860e-16  2.1974e-15
1542.0104  -1199.33    1.0311    0.1604  2.2653e-15  3.5228e-16  2.1969e-15
1542.0470  -1192.23    1.0378    0.1601  2.2794e-15  3.5162e-16  2.1963e-15
1542.0837  -1185.12    0.7914    0.1423  1.7378e-15  3.1252e-16  2.1958e-15
1542.1204  -1178.02    1.1177    0.1631  2.4535e-15  3.5801e-16  2.1952e-15
1542.1571  -1170.91    1.1868    0.1729  2.6047e-15  3.7941e-16  2.1947e-15
1542.1938  -1163.81    1.2261    0.1750  2.6903e-15  3.8407e-16  2.1941e-15
1542.2305  -1156.70    0.8291    0.1450  1.8187e-15  3.1815e-16  2.1936e-15
1542.2672  -1149.60    0.9997    0.1598  2.1923e-15  3.5048e-16  2.1930e-15
1542.3039  -1142.49    0.8761    0.1463  1.9207e-15  3.2085e-16  2.1925e-15
1542.3406  -1135.39    1.0034    0.1564  2.1994e-15  3.4275e-16  2.1919e-15
1542.3773  -1128.29    0.8405    0.1460  1.8419e-15  3.1997e-16  2.1914e-15
1542.4139  -1121.18    1.2406    0.1737  2.7179e-15  3.8047e-16  2.1908e-15
1542.4506  -1114.08    1.1047    0.1674  2.4196e-15  3.6671e-16  2.1903e-15
1542.4873  -1106.97    0.8610    0.1450  1.8853e-15  3.1754e-16  2.1897e-15
1542.5240  -1099.87    0.8628    0.1500  1.8889e-15  3.2846e-16  2.1892e-15
1542.5607  -1092.76    0.9075    0.1519  1.9863e-15  3.3242e-16  2.1886e-15
1542.5974  -1085.66    1.1343    0.1672  2.4818e-15  3.6593e-16  2.1880e-15
1542.6341  -1078.55    0.8715    0.1486  1.9063e-15  3.2506e-16  2.1875e-15
1542.6708  -1071.45    0.9829    0.1481  2.1495e-15  3.2381e-16  2.1869e-15
1542.7075  -1064.34    0.9431    0.1437  2.0620e-15  3.1425e-16  2.1864e-15
1542.7442  -1057.24    0.9529    0.1445  2.0829e-15  3.1591e-16  2.1858e-15
1542.7808  -1050.13    1.0449    0.1515  2.2834e-15  3.3106e-16  2.1853e-15
1542.8175  -1043.03    1.1320    0.1621  2.4731e-15  3.5415e-16  2.1847e-15
1542.8542  -1035.93    0.8312    0.1441  1.8154e-15  3.1463e-16  2.1841e-15
1542.8909  -1028.82    0.9555    0.1559  2.0864e-15  3.4052e-16  2.1836e-15
1542.9276  -1021.72    1.1893    0.1719  2.5963e-15  3.7517e-16  2.1830e-15
1542.9643  -1014.61    1.1344    0.1670  2.4758e-15  3.6446e-16  2.1825e-15
1543.0010  -1007.51    0.8764    0.1493  1.9123e-15  3.2573e-16  2.1819e-15
1543.0377  -1000.40    1.1500    0.1677  2.5085e-15  3.6580e-16  2.1813e-15
1543.0744   -993.30    0.9640    0.1548  2.1023e-15  3.3753e-16  2.1808e-15
1543.1111   -986.19    1.0715    0.1642  2.3362e-15  3.5790e-16  2.1802e-15
1543.1477   -979.09    0.9871    0.1561  2.1515e-15  3.4034e-16  2.1796e-15
1543.1844   -971.98    1.0688    0.1630  2.3291e-15  3.5510e-16  2.1791e-15
1543.2211   -964.88    1.0185    0.1578  2.2189e-15  3.4368e-16  2.1785e-15
1543.2578   -957.77    1.0522    0.1743  2.2917e-15  3.7960e-16  2.1780e-15
1543.2945   -950.67    1.1630    0.1786  2.5322e-15  3.8897e-16  2.1774e-15
1543.3312   -943.57    1.0135    0.1646  2.2063e-15  3.5837e-16  2.1768e-15
1543.3679   -936.46    1.1715    0.1816  2.5496e-15  3.9529e-16  2.1763e-15
1543.4046   -929.36    1.1162    0.1793  2.4286e-15  3.9007e-16  2.1757e-15
1543.4413   -922.25    1.1195    0.1676  2.4352e-15  3.6458e-16  2.1751e-15
1543.4780   -915.15    0.8534    0.1460  1.8557e-15  3.1754e-16  2.1746e-15
1543.5146   -908.04    1.2593    0.1754  2.7376e-15  3.8142e-16  2.1740e-15
1543.5513   -900.94    0.9831    0.1577  2.1366e-15  3.4279e-16  2.1734e-15
1543.5880   -893.83    1.0116    0.1593  2.1980e-15  3.4614e-16  2.1729e-15
1543.6247   -886.73    1.0494    0.1615  2.2797e-15  3.5080e-16  2.1723e-15
1543.6614   -879.62    0.8545    0.1513  1.8558e-15  3.2857e-16  2.1717e-15
1543.6981   -872.52    1.1849    0.1753  2.5725e-15  3.8065e-16  2.1712e-15
1543.7348   -865.41    0.9085    0.1516  1.9719e-15  3.2908e-16  2.1706e-15
1543.7715   -858.31    0.6761    0.1307  1.4671e-15  2.8356e-16  2.1700e-15
1543.8082   -851.21    0.6949    0.1314  1.5075e-15  2.8507e-16  2.1695e-15
1543.8449   -844.10    0.9532    0.1584  2.0674e-15  3.4350e-16  2.1689e-15
1543.8815   -837.00    0.8574    0.1431  1.8590e-15  3.1026e-16  2.1683e-15
1543.9182   -829.89    1.0305    0.1525  2.2338e-15  3.3048e-16  2.1678e-15
1543.9549   -822.79    0.9453    0.1458  2.0486e-15  3.1596e-16  2.1672e-15
1543.9916   -815.68    1.0272    0.1524  2.2256e-15  3.3009e-16  2.1666e-15
1544.0283   -808.58    1.0331    0.1514  2.2378e-15  3.2794e-16  2.1661e-15
1544.0650   -801.47    0.9475    0.1462  2.0519e-15  3.1649e-16  2.1655e-15
1544.1017   -794.37    1.2126    0.1641  2.6253e-15  3.5529e-16  2.1649e-15
1544.1384   -787.26    0.8894    0.1422  1.9249e-15  3.0780e-16  2.1643e-15
1544.1751   -780.16    0.7886    0.1343  1.7063e-15  2.9052e-16  2.1638e-15
1544.2118   -773.05    0.8500    0.1390  1.8388e-15  3.0060e-16  2.1632e-15
1544.2484   -765.95    0.9953    0.1501  2.1525e-15  3.2458e-16  2.1626e-15
1544.2851   -758.85    0.8611    0.1396  1.8618e-15  3.0175e-16  2.1621e-15
1544.3218   -751.74    0.9006    0.1432  1.9467e-15  3.0959e-16  2.1615e-15
1544.3585   -744.64    1.0029    0.1494  2.1673e-15  3.2276e-16  2.1609e-15
1544.3952   -737.53    0.9036    0.1427  1.9521e-15  3.0837e-16  2.1604e-15
1544.4319   -730.43    0.8787    0.1418  1.8978e-15  3.0635e-16  2.1598e-15
1544.4686   -723.32    1.0350    0.1529  2.2347e-15  3.3010e-16  2.1592e-15
1544.5053   -716.22    1.0206    0.1511  2.2030e-15  3.2608e-16  2.1586e-15
1544.5420   -709.11    0.9056    0.1427  1.9544e-15  3.0791e-16  2.1581e-15
1544.5787   -702.01    1.1779    0.1620  2.5413e-15  3.4962e-16  2.1575e-15
1544.6153   -694.90    0.8967    0.1423  1.9342e-15  3.0700e-16  2.1569e-15
1544.6520   -687.80    0.7140    0.1288  1.5397e-15  2.7775e-16  2.1563e-15
1544.6887   -680.69    1.0073    0.1505  2.1716e-15  3.2448e-16  2.1558e-15
1544.7254   -673.59    1.1822    0.1632  2.5479e-15  3.5164e-16  2.1552e-15
1544.7621   -666.49    0.9776    0.1488  2.1063e-15  3.2051e-16  2.1546e-15
1544.7988   -659.38    1.0003    0.1501  2.1548e-15  3.2323e-16  2.1541e-15
1544.8355   -652.28    0.9995    0.1512  2.1524e-15  3.2552e-16  2.1535e-15
1544.8722   -645.17    0.9989    0.1505  2.1506e-15  3.2400e-16  2.1529e-15
1544.9089   -638.07    0.9085    0.1428  1.9553e-15  3.0726e-16  2.1523e-15
1544.9456   -630.96    0.9841    0.1494  2.1177e-15  3.2155e-16  2.1518e-15
1544.9822   -623.86    0.9801    0.1486  2.1084e-15  3.1969e-16  2.1512e-15
1545.0189   -616.75    1.1799    0.1623  2.5375e-15  3.4908e-16  2.1506e-15
1545.0556   -609.65    1.0067    0.1516  2.1645e-15  3.2586e-16  2.1500e-15
1545.0923   -602.54    0.9366    0.1456  2.0132e-15  3.1292e-16  2.1495e-15
1545.1290   -595.44    1.1722    0.1627  2.5190e-15  3.4973e-16  2.1489e-15
1545.1657   -588.33    1.0411    0.1536  2.2365e-15  3.3003e-16  2.1483e-15
1545.2024   -581.23    1.3482    0.1736  2.8955e-15  3.7292e-16  2.1477e-15
1545.2391   -574.13    1.0447    0.1535  2.2431e-15  3.2953e-16  2.1472e-15
1545.2758   -567.02    0.9566    0.1478  2.0534e-15  3.1730e-16  2.1466e-15
1545.3125   -559.92    0.9896    0.1497  2.1238e-15  3.2115e-16  2.1460e-15
1545.3491   -552.81    0.9042    0.1440  1.9399e-15  3.0901e-16  2.1455e-15
1545.3858   -545.71    1.0487    0.1543  2.2494e-15  3.3095e-16  2.1449e-15
1545.4225   -538.60    0.8334    0.1387  1.7872e-15  2.9740e-16  2.1443e-15
1545.4592   -531.50    1.0551    0.1552  2.2619e-15  3.3278e-16  2.1437e-15
1545.4959   -524.39    0.9645    0.1484  2.0671e-15  3.1806e-16  2.1432e-15
1545.5326   -517.29    1.0607    0.1559  2.2726e-15  3.3392e-16  2.1426e-15
1545.5693   -510.18    1.0634    0.1549  2.2779e-15  3.3187e-16  2.1420e-15
1545.6060   -503.08    0.9743    0.1497  2.0864e-15  3.2047e-16  2.1414e-15
1545.6427   -495.97    1.2428    0.1675  2.6606e-15  3.5855e-16  2.1409e-15
1545.6794   -488.87    1.4117    0.1779  3.0214e-15  3.8082e-16  2.1403e-15
1545.7160   -481.77    0.8885    0.1433  1.9012e-15  3.0667e-16  2.1397e-15
1545.7527   -474.66    0.9601    0.1552  2.0538e-15  3.3199e-16  2.1391e-15
1545.7894   -467.56    0.8787    0.1510  1.8791e-15  3.2294e-16  2.1386e-15
1545.8261   -460.45    0.9812    0.1569  2.0977e-15  3.3540e-16  2.1380e-15
1545.8628   -453.35    1.1990    0.1766  2.5629e-15  3.7738e-16  2.1374e-15
1545.8995   -446.24    0.8956    0.1515  1.9139e-15  3.2364e-16  2.1368e-15
1545.9362   -439.14    0.7302    0.1385  1.5599e-15  2.9581e-16  2.1363e-15
1545.9729   -432.03    0.8938    0.1575  1.9090e-15  3.3630e-16  2.1357e-15
1546.0096   -424.93    0.9236    0.1564  1.9720e-15  3.3392e-16  2.1351e-15
1546.0463   -417.82    1.1085    0.1682  2.3662e-15  3.5907e-16  2.1346e-15
1546.0829   -410.72    0.8967    0.1670  1.9135e-15  3.5638e-16  2.1340e-15
1546.1196   -403.61    0.7349    0.1489  1.5678e-15  3.1760e-16  2.1334e-15
1546.1563   -396.51    1.0425    0.1761  2.2235e-15  3.7565e-16  2.1328e-15
1546.1930   -389.41    1.0545    0.1786  2.2485e-15  3.8080e-16  2.1323e-15
1546.2297   -382.30    1.1194    0.1777  2.3862e-15  3.7879e-16  2.1317e-15
1546.2664   -375.20    0.9465    0.1682  2.0170e-15  3.5845e-16  2.1311e-15
1546.3031   -368.09    1.0397    0.1712  2.2151e-15  3.6479e-16  2.1305e-15
1546.3398   -360.99    1.1365    0.1799  2.4207e-15  3.8323e-16  2.1300e-15
1546.3765   -353.88    0.8693    0.1571  1.8510e-15  3.3453e-16  2.1294e-15
1546.4132   -346.78    1.0020    0.1679  2.1331e-15  3.5743e-16  2.1288e-15
1546.4498   -339.67    0.8186    0.1527  1.7423e-15  3.2508e-16  2.1283e-15
1546.4865   -332.57    1.2548    0.1786  2.6698e-15  3.8001e-16  2.1277e-15
1546.5232   -325.46    1.0146    0.1636  2.1581e-15  3.4797e-16  2.1271e-15
1546.5599   -318.36    1.0151    0.1616  2.1587e-15  3.4369e-16  2.1265e-15
1546.5966   -311.25    0.9409    0.1573  2.0004e-15  3.3438e-16  2.1260e-15
1546.6333   -304.15    0.9183    0.1464  1.9518e-15  3.1110e-16  2.1254e-15
1546.6700   -297.05    1.0293    0.1548  2.1872e-15  3.2888e-16  2.1248e-15
1546.7067   -289.94    0.9603    0.1492  2.0399e-15  3.1693e-16  2.1243e-15
1546.7434   -282.84    0.8356    0.1397  1.7746e-15  2.9657e-16  2.1237e-15
1546.7801   -275.73    0.9893    0.1638  2.1005e-15  3.4770e-16  2.1231e-15
1546.8167   -268.63    1.2468    0.1925  2.6465e-15  4.0868e-16  2.1225e-15
1546.8534   -261.52    1.1665    0.1907  2.4753e-15  4.0461e-16  2.1220e-15
1546.8901   -254.42    0.9651    0.1725  2.0475e-15  3.6602e-16  2.1214e-15
1546.9268   -247.31    0.9837    0.1725  2.0862e-15  3.6584e-16  2.1208e-15
1546.9635   -240.21    1.1013    0.1801  2.3351e-15  3.8189e-16  2.1203e-15
1547.0002   -233.10    1.0537    0.1778  2.2335e-15  3.7685e-16  2.1197e-15
1547.0369   -226.00    1.0920    0.1823  2.3140e-15  3.8626e-16  2.1191e-15
1547.0736   -218.90    0.7840    0.1564  1.6609e-15  3.3134e-16  2.1186e-15
1547.1103   -211.79    1.1665    0.1895  2.4707e-15  4.0139e-16  2.1180e-15
1547.1470   -204.69    1.0807    0.1825  2.2884e-15  3.8652e-16  2.1174e-15
1547.1836   -197.58    1.2780    0.1940  2.7054e-15  4.1058e-16  2.1169e-15
1547.2203   -190.48    0.8907    0.1605  1.8851e-15  3.3959e-16  2.1163e-15
1547.2570   -183.37    0.9733    0.1686  2.0593e-15  3.5678e-16  2.1157e-15
1547.2937   -176.27    0.9151    0.1657  1.9355e-15  3.5046e-16  2.1152e-15
1547.3304   -169.16    0.8176    0.1639  1.7288e-15  3.4661e-16  2.1146e-15
1547.3671   -162.06    0.9804    0.1714  2.0725e-15  3.6232e-16  2.1140e-15
1547.4038   -154.95    0.9271    0.1616  1.9594e-15  3.4163e-16  2.1135e-15
1547.4405   -147.85    0.7598    0.1372  1.6054e-15  2.8982e-16  2.1129e-15
1547.4772   -140.74    0.8436    0.1406  1.7820e-15  2.9694e-16  2.1123e-15
1547.5139   -133.64    1.1003    0.1592  2.3235e-15  3.3622e-16  2.1118e-15
1547.5505   -126.54    0.7218    0.1310  1.5239e-15  2.7649e-16  2.1112e-15
1547.5872   -119.43    0.7238    0.1323  1.5277e-15  2.7930e-16  2.1106e-15
1547.6239   -112.33    0.5087    0.1134  1.0733e-15  2.3921e-16  2.1101e-15
1547.6606   -105.22    0.7325    0.1322  1.5452e-15  2.7893e-16  2.1095e-15
1547.6973    -98.12    0.6535    0.1265  1.3783e-15  2.6686e-16  2.1089e-15
1547.7340    -91.01    0.4065    0.1030  8.5705e-16  2.1722e-16  2.1084e-15
1547.7707    -83.91    0.2822    0.0889  5.9475e-16  1.8740e-16  2.1078e-15
1547.8074    -76.80    0.3363    0.0940  7.0876e-16  1.9815e-16  2.1073e-15
1547.8441    -69.70    0.3252    0.0930  6.8509e-16  1.9587e-16  2.1067e-15
1547.8808    -62.59    0.3841    0.1021  8.0888e-16  2.1506e-16  2.1061e-15
1547.9174    -55.49    0.5642    0.1189  1.1879e-15  2.5046e-16  2.1056e-15
1547.9541    -48.38    0.3612    0.0979  7.6037e-16  2.0602e-16  2.1050e-15
1547.9908    -41.28    0.3175    0.0941  6.6807e-16  1.9796e-16  2.1045e-15
1548.0275    -34.18    0.3191    0.0928  6.7145e-16  1.9520e-16  2.1039e-15
1548.0642    -27.07    0.6681    0.1289  1.4052e-15  2.7112e-16  2.1033e-15
1548.1009    -19.97    0.8620    0.1433  1.8126e-15  3.0130e-16  2.1028e-15
1548.1376    -12.86    0.5995    0.1215  1.2603e-15  2.5547e-16  2.1022e-15
1548.1743     -5.76    0.7386    0.1343  1.5522e-15  2.8219e-16  2.1017e-15
1548.2110      1.35    0.7873    0.1387  1.6542e-15  2.9143e-16  2.1011e-15
1548.2477      8.45    0.9353    0.1492  1.9647e-15  3.1347e-16  2.1005e-15
1548.2843     15.56    0.9846    0.1540  2.0677e-15  3.2340e-16  2.1000e-15
1548.3210     22.66    0.9928    0.1545  2.0842e-15  3.2445e-16  2.0994e-15
1548.3577     29.77    1.0839    0.1597  2.2749e-15  3.3522e-16  2.0989e-15
1548.3944     36.87    1.1035    0.1613  2.3154e-15  3.3841e-16  2.0983e-15
1548.4311     43.98    1.1097    0.1624  2.3279e-15  3.4063e-16  2.0978e-15
1548.4678     51.08    0.6628    0.1275  1.3901e-15  2.6749e-16  2.0972e-15
1548.5045     58.18    0.9407    0.1501  1.9723e-15  3.1470e-16  2.0967e-15
1548.5412     65.29    0.9125    0.1483  1.9127e-15  3.1088e-16  2.0961e-15
1548.5779     72.39    1.0470    0.1575  2.1940e-15  3.3002e-16  2.0955e-15
1548.6146     79.50    1.1367    0.1638  2.3814e-15  3.4312e-16  2.0950e-15
1548.6512     86.60    1.2140    0.1692  2.5427e-15  3.5439e-16  2.0944e-15
1548.6879     93.71    1.0032    0.1550  2.1006e-15  3.2458e-16  2.0939e-15
1548.7246    100.81    0.8011    0.1391  1.6770e-15  2.9123e-16  2.0933e-15
1548.7613    107.92    0.8556    0.1445  1.7905e-15  3.0243e-16  2.0928e-15
1548.7980    115.02    1.1798    0.1662  2.4684e-15  3.4767e-16  2.0922e-15
1548.8347    122.13    1.0366    0.1571  2.1682e-15  3.2869e-16  2.0917e-15
1548.8714    129.23    1.0211    0.1554  2.1352e-15  3.2492e-16  2.0911e-15
1548.9081    136.34    0.8771    0.1454  1.8336e-15  3.0401e-16  2.0906e-15
1548.9448    143.44    0.9188    0.1495  1.9203e-15  3.1242e-16  2.0900e-15
1548.9815    150.54    1.1388    0.1645  2.3795e-15  3.4370e-16  2.0895e-15
1549.0181    157.65    0.9114    0.1472  1.9039e-15  3.0752e-16  2.0889e-15
1549.0548    164.75    0.8835    0.1448  1.8451e-15  3.0232e-16  2.0884e-15
1549.0915    171.86    0.9196    0.1497  1.9199e-15  3.1250e-16  2.0879e-15
1549.1282    178.96    1.0637    0.1597  2.2203e-15  3.3328e-16  2.0873e-15
1549.1649    186.07    1.1051    0.1635  2.3061e-15  3.4110e-16  2.0868e-15
1549.2016    193.17    1.0262    0.1573  2.1409e-15  3.2824e-16  2.0862e-15
1549.2383    200.28    0.9837    0.1535  2.0517e-15  3.2015e-16  2.0857e-15
1549.2750    207.38    1.0528    0.1588  2.1952e-15  3.3118e-16  2.0851e-15
1549.3117    214.49    1.2195    0.1699  2.5421e-15  3.5424e-16  2.0846e-15
1549.3484    221.59    1.0976    0.1621  2.2875e-15  3.3781e-16  2.0840e-15
1549.3850    228.70    0.8491    0.1431  1.7692e-15  2.9806e-16  2.0835e-15
1549.4217    235.80    0.9316    0.1588  1.9405e-15  3.3074e-16  2.0830e-15
1549.4584    242.90    0.7806    0.1477  1.6256e-15  3.0754e-16  2.0824e-15
1549.4951    250.01    1.0262    0.1717  2.1363e-15  3.5736e-16  2.0819e-15
1549.5318    257.11    1.0135    0.1678  2.1095e-15  3.4918e-16  2.0813e-15
1549.5685    264.22    0.7474    0.1438  1.5553e-15  2.9929e-16  2.0808e-15
1549.6052    271.32    0.8499    0.1548  1.7680e-15  3.2210e-16  2.0803e-15
1549.6419    278.43    0.8487    0.1523  1.7650e-15  3.1674e-16  2.0797e-15
1549.6786    285.53    1.0035    0.1632  2.0865e-15  3.3938e-16  2.0792e-15
1549.7153    292.64    1.0392    0.1713  2.1602e-15  3.5600e-16  2.0787e-15
1549.7519    299.74    0.8449    0.1543  1.7557e-15  3.2057e-16  2.0781e-15
1549.7886    306.85    0.9327    0.1653  1.9377e-15  3.4353e-16  2.0776e-15
1549.8253    313.95    1.0783    0.1815  2.2397e-15  3.7693e-16  2.0771e-15
1549.8620    321.06    1.1555    0.1880  2.3994e-15  3.9042e-16  2.0765e-15
1549.8987    328.16    1.2183    0.1933  2.5292e-15  4.0122e-16  2.0760e-15
1549.9354    335.26    0.8386    0.1603  1.7404e-15  3.3266e-16  2.0755e-15
1549.9721    342.37    0.9925    0.1794  2.0595e-15  3.7226e-16  2.0749e-15
1550.0088    349.47    0.8164    0.1603  1.6936e-15  3.3243e-16  2.0744e-15
1550.0455    356.58    0.7228    0.1485  1.4990e-15  3.0794e-16  2.0739e-15
1550.0822    363.68    1.0279    0.1668  2.1312e-15  3.4580e-16  2.0734e-15
1550.1188    370.79    0.8709    0.1580  1.8052e-15  3.2748e-16  2.0728e-15
1550.1555    377.89    1.0039    0.1679  2.0804e-15  3.4796e-16  2.0723e-15
1550.1922    385.00    0.7996    0.1483  1.6565e-15  3.0723e-16  2.0718e-15
1550.2289    392.10    0.6748    0.1391  1.3977e-15  2.8820e-16  2.0712e-15
1550.2656    399.21    0.6215    0.1385  1.2869e-15  2.8671e-16  2.0707e-15
1550.3023    406.31    0.5028    0.1207  1.0410e-15  2.4986e-16  2.0702e-15
1550.3390    413.42    0.5025    0.1144  1.0401e-15  2.3687e-16  2.0697e-15
1550.3757    420.52    0.4028    0.1045  8.3345e-16  2.1621e-16  2.0692e-15
1550.4124    427.62    0.5921    0.1239  1.2248e-15  2.5636e-16  2.0686e-15
1550.4491    434.73    0.6395    0.1270  1.3225e-15  2.6260e-16  2.0681e-15
1550.4857    441.83    0.5930    0.1248  1.2261e-15  2.5813e-16  2.0676e-15
1550.5224    448.94    0.6431    0.1274  1.3294e-15  2.6342e-16  2.0671e-15
1550.5591    456.04    0.7471    0.1373  1.5440e-15  2.8365e-16  2.0666e-15
1550.5958    463.15    0.7082    0.1330  1.4632e-15  2.7484e-16  2.0660e-15
1550.6325    470.25    0.6162    0.1258  1.2728e-15  2.5990e-16  2.0655e-15
1550.6692    477.36    0.9351    0.1517  1.9310e-15  3.1327e-16  2.0650e-15
1550.7059    484.46    0.7647    0.1386  1.5787e-15  2.8605e-16  2.0645e-15
1550.7426    491.57    1.0200    0.1583  2.1053e-15  3.2679e-16  2.0640e-15
1550.7793    498.67    0.9226    0.1512  1.9038e-15  3.1197e-16  2.0635e-15
1550.8160    505.78    0.9378    0.1517  1.9346e-15  3.1301e-16  2.0629e-15
1550.8526    512.88    0.8985    0.1491  1.8532e-15  3.0742e-16  2.0624e-15
1550.8893    519.98    0.8058    0.1426  1.6615e-15  2.9400e-16  2.0619e-15
1550.9260    527.09    1.1011    0.1643  2.2699e-15  3.3871e-16  2.0614e-15
1550.9627    534.19    0.9239    0.1508  1.9040e-15  3.1077e-16  2.0609e-15
1550.9994    541.30    0.9707    0.1538  2.0001e-15  3.1687e-16  2.0604e-15
1551.0361    548.40    1.0703    0.1608  2.2047e-15  3.3130e-16  2.0599e-15
1551.0728    555.51    1.1301    0.1660  2.3274e-15  3.4194e-16  2.0594e-15
1551.1095    562.61    1.2903    0.1760  2.6566e-15  3.6227e-16  2.0589e-15
1551.1462    569.72    1.1782    0.1698  2.4252e-15  3.4958e-16  2.0584e-15
1551.1829    576.82    1.3816    0.1832  2.8432e-15  3.7702e-16  2.0579e-15
1551.2195    583.93    0.8456    0.1451  1.7396e-15  2.9848e-16  2.0574e-15
1551.2562    591.03    0.9594    0.1531  1.9734e-15  3.1493e-16  2.0569e-15
1551.2929    598.14    1.1397    0.1672  2.3437e-15  3.4390e-16  2.0564e-15
1551.3296    605.24    0.9688    0.1547  1.9917e-15  3.1811e-16  2.0559e-15
1551.3663    612.34    1.0864    0.1631  2.2329e-15  3.3517e-16  2.0554e-15
1551.4030    619.45    0.8880    0.1488  1.8246e-15  3.0569e-16  2.0549e-15
1551.4397    626.55    1.1198    0.1645  2.3006e-15  3.3794e-16  2.0544e-15
1551.4764    633.66    1.0994    0.1640  2.2579e-15  3.3686e-16  2.0539e-15
1551.5131    640.76    1.0706    0.1623  2.1983e-15  3.3336e-16  2.0534e-15
1551.5498    647.87    0.8306    0.1438  1.7050e-15  2.9517e-16  2.0529e-15
1551.5864    654.97    0.7624    0.1391  1.5647e-15  2.8551e-16  2.0524e-15
1551.6231    662.08    1.1797    0.1692  2.4206e-15  3.4715e-16  2.0519e-15
1551.6598    669.18    1.0623    0.1609  2.1792e-15  3.3015e-16  2.0514e-15
1551.6965    676.29    0.9847    0.1551  2.0195e-15  3.1804e-16  2.0509e-15
1551.7332    683.39    0.7723    0.1387  1.5836e-15  2.8449e-16  2.0504e-15
1551.7699    690.50    0.8479    0.1445  1.7381e-15  2.9630e-16  2.0499e-15
1551.8066    697.60    0.8959    0.1486  1.8361e-15  3.0454e-16  2.0494e-15
1551.8433    704.70    0.8324    0.1441  1.7056e-15  2.9524e-16  2.0489e-15
1551.8800    711.81    1.0006    0.1570  2.0496e-15  3.2164e-16  2.0485e-15
1551.9167    718.91    1.2649    0.1748  2.5905e-15  3.5803e-16  2.0480e-15
1551.9533    726.02    1.0312    0.1588  2.1113e-15  3.2520e-16  2.0475e-15
1551.9900    733.12    0.8888    0.1489  1.8194e-15  3.0475e-16  2.0470e-15
1552.0267    740.23    1.1949    0.1709  2.4454e-15  3.4978e-16  2.0465e-15
1552.0634    747.33    0.9221    0.1508  1.8866e-15  3.0853e-16  2.0460e-15
1552.1001    754.44    1.3936    0.1835  2.8508e-15  3.7534e-16  2.0456e-15
1552.1368    761.54    0.9267    0.1520  1.8953e-15  3.1085e-16  2.0451e-15
1552.1735    768.65    0.8950    0.1490  1.8299e-15  3.0461e-16  2.0446e-15
1552.2102    775.75    1.1634    0.1686  2.3781e-15  3.4454e-16  2.0441e-15
1552.2469    782.85    0.9868    0.1575  2.0167e-15  3.2193e-16  2.0437e-15
1552.2836    789.96    0.8737    0.1483  1.7851e-15  3.0292e-16  2.0432e-15
1552.3202    797.06    0.7794    0.1416  1.5922e-15  2.8918e-16  2.0427e-15
1552.3569    804.17    0.8220    0.1439  1.6787e-15  2.9391e-16  2.0422e-15
1552.3936    811.27    0.7583    0.1436  1.5482e-15  2.9315e-16  2.0418e-15
1552.4303    818.38    0.9270    0.1642  1.8922e-15  3.3517e-16  2.0413e-15
1552.4670    825.48    0.8461    0.1546  1.7267e-15  3.1543e-16  2.0408e-15
1552.5037    832.59    1.0470    0.1742  2.1363e-15  3.5541e-16  2.0404e-15
1552.5404    839.69    0.9630    0.1681  1.9644e-15  3.4294e-16  2.0399e-15
1552.5771    846.80    0.8914    0.1618  1.8179e-15  3.2999e-16  2.0394e-15
1552.6138    853.90    0.9789    0.1636  1.9960e-15  3.3351e-16  2.0390e-15
1552.6505    861.01    1.0224    0.1726  2.0841e-15  3.5183e-16  2.0385e-15
1552.6871    868.11    1.5035    0.2022  3.0641e-15  4.1206e-16  2.0380e-15
1552.7238    875.21    0.7893    0.1532  1.6083e-15  3.1208e-16  2.0376e-15
1552.7605    882.32    1.0389    0.1725  2.1163e-15  3.5147e-16  2.0371e-15
1552.7972    889.42    0.9544    0.1671  1.9438e-15  3.4023e-16  2.0367e-15
1552.8339    896.53    0.8689    0.1573  1.7693e-15  3.2033e-16  2.0362e-15
1552.8706    903.63    0.9209    0.1626  1.8747e-15  3.3109e-16  2.0357e-15
1552.9073    910.74    1.1171    0.1790  2.2736e-15  3.6425e-16  2.0353e-15
1552.9440    917.84    1.0055    0.1657  2.0461e-15  3.3708e-16  2.0348e-15
1552.9807    924.95    1.0705    0.1643  2.1779e-15  3.3419e-16  2.0344e-15
1553.0174    932.05    1.4070    0.1856  2.8618e-15  3.7746e-16  2.0339e-15
1553.0540    939.16    1.4141    0.1861  2.8755e-15  3.7841e-16  2.0335e-15
1553.0907    946.26    1.0599    0.1637  2.1547e-15  3.3277e-16  2.0330e-15
1553.1274    953.37    0.9677    0.1654  1.9670e-15  3.3621e-16  2.0326e-15
1553.1641    960.47    0.8434    0.1563  1.7138e-15  3.1765e-16  2.0321e-15
1553.2008    967.57    1.0665    0.1756  2.1667e-15  3.5686e-16  2.0317e-15
1553.2375    974.68    1.1103    0.1764  2.2553e-15  3.5830e-16  2.0312e-15
1553.2742    981.78    0.6374    0.1366  1.2944e-15  2.7733e-16  2.0308e-15
1553.3109    988.89    0.9224    0.1662  1.8729e-15  3.3751e-16  2.0304e-15
1553.3476    995.99    1.0560    0.1707  2.1435e-15  3.4647e-16  2.0299e-15
1553.3843   1003.10    0.9117    0.1604  1.8502e-15  3.2558e-16  2.0295e-15
1553.4209   1010.20    1.0686    0.1755  2.1682e-15  3.5610e-16  2.0290e-15
1553.4576   1017.31    1.1635    0.1759  2.3604e-15  3.5681e-16  2.0286e-15
1553.4943   1024.41    0.7536    0.1446  1.5284e-15  2.9323e-16  2.0282e-15
1553.5310   1031.52    1.2966    0.1866  2.6292e-15  3.7845e-16  2.0277e-15
1553.5677   1038.62    1.1199    0.1741  2.2704e-15  3.5298e-16  2.0273e-15
1553.6044   1045.73    0.9420    0.1630  1.9093e-15  3.3031e-16  2.0269e-15
1553.6411   1052.83    0.9897    0.1664  2.0056e-15  3.3728e-16  2.0264e-15
1553.6778   1059.93    0.9212    0.1749  1.8663e-15  3.5427e-16  2.0260e-15
1553.7145   1067.04    0.9363    0.1747  1.8966e-15  3.5379e-16  2.0256e-15
1553.7512   1074.14    1.1185    0.1913  2.2652e-15  3.8742e-16  2.0251e-15
1553.7878   1081.25    1.1076    0.1803  2.2426e-15  3.6497e-16  2.0247e-15
1553.8245   1088.35    1.1625    0.1836  2.3531e-15  3.7157e-16  2.0243e-15
1553.8612   1095.46    0.9306    0.1629  1.8834e-15  3.2975e-16  2.0239e-15
1553.8979   1102.56    1.0593    0.1743  2.1435e-15  3.5270e-16  2.0234e-15
1553.9346   1109.67    1.0016    0.1711  2.0263e-15  3.4610e-16  2.0230e-15
1553.9713   1116.77    0.9654    0.1671  1.9527e-15  3.3798e-16  2.0226e-15
1554.0080   1123.88    1.2968    0.1891  2.6224e-15  3.8237e-16  2.0222e-15
1554.0447   1130.98    1.0339    0.1759  2.0903e-15  3.5567e-16  2.0218e-15
1554.0814   1138.09    0.6821    0.1430  1.3787e-15  2.8913e-16  2.0214e-15
1554.1181   1145.19    1.0435    0.1742  2.1089e-15  3.5200e-16  2.0209e-15
1554.1547   1152.29    1.0686    0.1761  2.1592e-15  3.5574e-16  2.0205e-15
1554.1914   1159.40    1.0989    0.1767  2.2200e-15  3.5704e-16  2.0201e-15
1554.2281   1166.50    1.0383    0.1669  2.0970e-15  3.3717e-16  2.0197e-15
1554.2648   1173.61    0.9831    0.1585  1.9853e-15  3.2002e-16  2.0193e-15
1554.3015   1180.71    0.8998    0.1528  1.8166e-15  3.0841e-16  2.0189e-15
1554.3382   1187.82    1.0851    0.1668  2.1902e-15  3.3676e-16  2.0185e-15
1554.3749   1194.92    0.7333    0.1382  1.4798e-15  2.7900e-16  2.0181e-15
1554.4116   1202.03    1.1653    0.1709  2.3513e-15  3.4480e-16  2.0177e-15
1554.4483   1209.13    0.8879    0.1513  1.7912e-15  3.0523e-16  2.0173e-15
1554.4850   1216.24    1.0924    0.1665  2.2033e-15  3.3590e-16  2.0169e-15
1554.5216   1223.34    0.9623    0.1564  1.9405e-15  3.1545e-16  2.0165e-15
1554.5583   1230.45    0.7891    0.1426  1.5909e-15  2.8743e-16  2.0161e-15
1554.5950   1237.55    0.9627    0.1565  1.9404e-15  3.1541e-16  2.0157e-15
1554.6317   1244.65    0.9348    0.1554  1.8838e-15  3.1318e-16  2.0153e-15
1554.6684   1251.76    0.8522    0.1484  1.7172e-15  2.9896e-16  2.0149e-15
1554.7051   1258.86    0.8077    0.1455  1.6271e-15  2.9312e-16  2.0145e-15
1554.7418   1265.97    1.0968    0.1662  2.2090e-15  3.3477e-16  2.0141e-15
1554.7785   1273.07    1.0828    0.1657  2.1805e-15  3.3365e-16  2.0137e-15
1554.8152   1280.18    0.9644    0.1582  1.9417e-15  3.1854e-16  2.0133e-15
1554.8519   1287.28    1.0675    0.1641  2.1488e-15  3.3030e-16  2.0130e-15
1554.8885   1294.39    0.9662    0.1576  1.9445e-15  3.1708e-16  2.0126e-15
1554.9252   1301.49    1.2301    0.1760  2.4752e-15  3.5421e-16  2.0122e-15
1554.9619   1308.60    1.2014    0.1736  2.4170e-15  3.4917e-16  2.0118e-15
1554.9986   1315.70    1.1925    0.1742  2.3986e-15  3.5039e-16  2.0114e-15
1555.0353   1322.81    1.0406    0.1632  2.0927e-15  3.2817e-16  2.0111e-15
1555.0720   1329.91    0.8221    0.1461  1.6529e-15  2.9374e-16  2.0107e-15
1555.1087   1337.01    0.9636    0.1577  1.9370e-15  3.1709e-16  2.0103e-15
1555.1454   1344.12    0.9220    0.1536  1.8531e-15  3.0876e-16  2.0099e-15
1555.1821   1351.22    0.8679    0.1497  1.7441e-15  3.0087e-16  2.0096e-15
1555.2188   1358.33    1.0447    0.1636  2.0989e-15  3.2879e-16  2.0092e-15
1555.2554   1365.43    0.9023    0.1526  1.8126e-15  3.0662e-16  2.0088e-15
1555.2921   1372.54    1.0878    0.1667  2.1848e-15  3.3484e-16  2.0084e-15
1555.3288   1379.64    0.9431    0.1558  1.8937e-15  3.1290e-16  2.0081e-15
1555.3655   1386.75    1.0678    0.1652  2.1439e-15  3.3168e-16  2.0077e-15
1555.4022   1393.85    0.9245    0.1543  1.8558e-15  3.0977e-16  2.0074e-15
1555.4389   1400.96    0.9365    0.1548  1.8796e-15  3.1069e-16  2.0070e-15
1555.4756   1408.06    0.9016    0.1518  1.8092e-15  3.0467e-16  2.0066e-15
1555.5123   1415.17    0.8195    0.1461  1.6442e-15  2.9321e-16  2.0063e-15
1555.5490   1422.27    1.3321    0.1831  2.6721e-15  3.6726e-16  2.0059e-15
1555.5857   1429.37    1.1026    0.1686  2.2114e-15  3.3812e-16  2.0056e-15
1555.6223   1436.48    1.1095    0.1698  2.2247e-15  3.4055e-16  2.0052e-15
1555.6590   1443.58    1.1077    0.1697  2.2208e-15  3.4020e-16  2.0049e-15
1555.6957   1450.69    1.1493    0.1710  2.3037e-15  3.4276e-16  2.0045e-15
1555.7324   1457.79    1.4658    0.1923  2.9377e-15  3.8541e-16  2.0042e-15
1555.7691   1464.90    0.8441    0.1493  1.6915e-15  2.9924e-16  2.0038e-15
1555.8058   1472.00    1.0816    0.1671  2.1670e-15  3.3475e-16  2.0035e-15
1555.8425   1479.11    0.8442    0.1500  1.6910e-15  3.0055e-16  2.0031e-15
1555.8792   1486.21    0.9698    0.1594  1.9423e-15  3.1916e-16  2.0028e-15
1555.9159   1493.32    1.1850    0.1756  2.3729e-15  3.5160e-16  2.0024e-15
1555.9526   1500.42    1.1415    0.1713  2.2853e-15  3.4292e-16  2.0021e-15
1555.9892   1507.53    0.8249    0.1486  1.6512e-15  2.9737e-16  2.0018e-15
1556.0259   1514.63    0.9647    0.1592  1.9307e-15  3.1863e-16  2.0014e-15
1556.0626   1521.73    0.9129    0.1558  1.8269e-15  3.1176e-16  2.0011e-15
1556.0993   1528.84    1.0849    0.1679  2.1706e-15  3.3598e-16  2.0008e-15
1556.1360   1535.94    0.7915    0.1459  1.5832e-15  2.9191e-16  2.0004e-15
1556.1727   1543.05    0.7833    0.1456  1.5668e-15  2.9131e-16  2.0001e-15
1556.2094   1550.15    1.1511    0.1741  2.3020e-15  3.4810e-16  1.9998e-15
1556.2461   1557.26    0.8761    0.1572  1.7518e-15  3.1438e-16  1.9994e-15
1556.2828   1564.36    0.9435    0.1645  1.8862e-15  3.2891e-16  1.9991e-15
1556.3195   1571.47    0.9395    0.1761  1.8779e-15  3.5195e-16  1.9988e-15
1556.3561   1578.57    1.0787    0.1893  2.1558e-15  3.7834e-16  1.9985e-15
1556.3928   1585.68    1.0399    0.1874  2.0778e-15  3.7448e-16  1.9982e-15
1556.4295   1592.78    1.1593    0.1906  2.3160e-15  3.8078e-16  1.9978e-15
1556.4662   1599.89    1.0763    0.1881  2.1500e-15  3.7582e-16  1.9975e-15
1556.5029   1606.99    0.8426    0.1699  1.6828e-15  3.3938e-16  1.9972e-15
1556.5396   1614.09    1.2326    0.1962  2.4614e-15  3.9170e-16  1.9969e-15
1556.5763   1621.20    1.2253    0.1956  2.4465e-15  3.9051e-16  1.9966e-15
1556.6130   1628.30    1.3523    0.2091  2.6997e-15  4.1749e-16  1.9963e-15
1556.6497   1635.41    0.8265    0.1636  1.6497e-15  3.2661e-16  1.9960e-15
1556.6864   1642.51    0.9335    0.1776  1.8629e-15  3.5442e-16  1.9957e-15
1556.7230   1649.62    1.1327    0.1881  2.2602e-15  3.7523e-16  1.9954e-15
1556.7597   1656.72    0.9546    0.1760  1.9044e-15  3.5105e-16  1.9951e-15
1556.7964   1663.83    0.9481    0.1693  1.8912e-15  3.3771e-16  1.9948e-15
1556.8331   1670.93    0.9883    0.1721  1.9711e-15  3.4317e-16  1.9945e-15
1556.8698   1678.04    0.9617    0.1712  1.9177e-15  3.4136e-16  1.9942e-15
1556.9065   1685.14    1.0293    0.1649  2.0524e-15  3.2881e-16  1.9939e-15
1556.9432   1692.24    0.8470    0.1511  1.6885e-15  3.0122e-16  1.9936e-15
1556.9799   1699.35    0.8007    0.1456  1.5961e-15  2.9020e-16  1.9933e-15
1557.0166   1706.45    1.2108    0.1773  2.4131e-15  3.5333e-16  1.9930e-15
1557.0533   1713.56    1.0854    0.1683  2.1630e-15  3.3539e-16  1.9927e-15
1557.0899   1720.66    1.3172    0.1844  2.6245e-15  3.6738e-16  1.9924e-15
1557.1266   1727.77    1.0047    0.1629  2.0015e-15  3.2458e-16  1.9922e-15
1557.1633   1734.87    1.0138    0.1635  2.0194e-15  3.2559e-16  1.9919e-15
1557.2000   1741.98    0.8634    0.1591  1.7195e-15  3.1686e-16  1.9916e-15
1557.2367   1749.08    0.8266    0.1702  1.6460e-15  3.3894e-16  1.9913e-15
1557.2734   1756.19    1.1305    0.1964  2.2509e-15  3.9102e-16  1.9910e-15
1557.3101   1763.29    1.2201    0.2008  2.4289e-15  3.9970e-16  1.9908e-15
1557.3468   1770.40    0.7816    0.1639  1.5557e-15  3.2626e-16  1.9905e-15
1557.3835   1777.50    0.8113    0.1690  1.6146e-15  3.3643e-16  1.9902e-15
1557.4202   1784.60    0.7799    0.1742  1.5519e-15  3.4674e-16  1.9900e-15
1557.4568   1791.71    1.1276    0.1943  2.2435e-15  3.8662e-16  1.9897e-15
1557.4935   1798.81    1.0388    0.1850  2.0666e-15  3.6805e-16  1.9894e-15
1557.5302   1805.92    0.8381    0.1774  1.6671e-15  3.5278e-16  1.9892e-15
1557.5669   1813.02    1.0634    0.1898  2.1149e-15  3.7742e-16  1.9889e-15
1557.6036   1820.13    0.9510    0.1866  1.8911e-15  3.7103e-16  1.9886e-15
1557.6403   1827.23    0.9835    0.1812  1.9556e-15  3.6029e-16  1.9884e-15
1557.6770   1834.34    1.1287    0.1995  2.2440e-15  3.9667e-16  1.9881e-15
1557.7137   1841.44    0.6093    0.1485  1.2111e-15  2.9524e-16  1.9879e-15
1557.7504   1848.55    0.7570    0.1547  1.5046e-15  3.0755e-16  1.9876e-15
1557.7871   1855.65    0.9630    0.1629  1.9139e-15  3.2376e-16  1.9874e-15
1557.8237   1862.76    0.8473    0.1507  1.6837e-15  2.9941e-16  1.9871e-15
1557.8604   1869.86    0.8539    0.1520  1.6966e-15  3.0191e-16  1.9869e-15
1557.8971   1876.96    0.8369    0.1496  1.6627e-15  2.9722e-16  1.9866e-15
1557.9338   1884.07    1.0758    0.1681  2.1369e-15  3.3382e-16  1.9864e-15
1557.9705   1891.17    1.3118    0.1843  2.6055e-15  3.6603e-16  1.9862e-15
1558.0072   1898.28    0.8691    0.1521  1.7259e-15  3.0208e-16  1.9859e-15
1558.0439   1905.38    1.0802    0.1684  2.1449e-15  3.3442e-16  1.9857e-15
1558.0806   1912.49    1.1895    0.1760  2.3617e-15  3.4953e-16  1.9854e-15
1558.1173   1919.59    1.0793    0.1684  2.1427e-15  3.3433e-16  1.9852e-15
1558.1540   1926.70    0.6666    0.1366  1.3232e-15  2.7116e-16  1.9850e-15
1558.1906   1933.80    0.9662    0.1608  1.9178e-15  3.1913e-16  1.9848e-15
1558.2273   1940.91    1.0924    0.1690  2.1679e-15  3.3541e-16  1.9845e-15
1558.2640   1948.01    0.8106    0.1479  1.6084e-15  2.9345e-16  1.9843e-15
1558.3007   1955.12    1.0436    0.1654  2.0707e-15  3.2816e-16  1.9841e-15
1558.3374   1962.22    0.9621    0.1589  1.9086e-15  3.1531e-16  1.9839e-15
1558.3741   1969.32    1.0846    0.1692  2.1515e-15  3.3562e-16  1.9836e-15
1558.4108   1976.43    1.0524    0.1664  2.0873e-15  3.3005e-16  1.9834e-15
1558.4475   1983.53    1.2036    0.1776  2.3871e-15  3.5224e-16  1.9832e-15
1558.4842   1990.64    1.0244    0.1642  2.0314e-15  3.2566e-16  1.9830e-15
1558.5209   1997.74    0.9593    0.1600  1.9020e-15  3.1718e-16  1.9828e-15
1558.5575   2004.85    1.1569    0.1741  2.2938e-15  3.4508e-16  1.9826e-15
1558.5942   2011.95    1.0625    0.1672  2.1062e-15  3.3155e-16  1.9824e-15
1558.6309   2019.06    1.2697    0.1835  2.5168e-15  3.6365e-16  1.9822e-15
1558.6676   2026.16    1.1112    0.1703  2.2023e-15  3.3751e-16  1.9820e-15
1558.7043   2033.27    0.8973    0.1547  1.7782e-15  3.0665e-16  1.9818e-15
1558.7410   2040.37    1.1472    0.1746  2.2733e-15  3.4591e-16  1.9816e-15
1558.7777   2047.48    0.8545    0.1522  1.6930e-15  3.0162e-16  1.9814e-15
1558.8144   2054.58    1.1481    0.1731  2.2745e-15  3.4289e-16  1.9812e-15
1558.8511   2061.68    1.0225    0.1644  2.0257e-15  3.2561e-16  1.9810e-15
1558.8878   2068.79    1.3510    0.1876  2.6760e-15  3.7159e-16  1.9808e-15
1558.9244   2075.89    0.9676    0.1611  1.9165e-15  3.1907e-16  1.9806e-15
1558.9611   2083.00    1.0262    0.1657  2.0322e-15  3.2810e-16  1.9804e-15
