# Wave  Vhel  NormFlux  NormErr      Flux        Error       Continuum
1233.4332  -2260.46    1.0778    0.1035  2.8610e-15  2.7473e-16  2.6545e-15
1233.4631  -2253.24    1.0438    0.1019  2.7707e-15  2.7042e-16  2.6544e-15
1233.4930  -2246.03    1.0519    0.1023  2.7920e-15  2.7145e-16  2.6542e-15
1233.5229  -2238.81    0.9679    0.0982  2.5689e-15  2.6057e-16  2.6541e-15
1233.5528  -2231.60    1.0275    0.1011  2.7270e-15  2.6832e-16  2.6540e-15
1233.5827  -2224.38    0.9757    0.0985  2.5893e-15  2.6153e-16  2.6538e-15
1233.6126  -2217.17    0.8581    0.0925  2.2772e-15  2.4556e-16  2.6537e-15
1233.6425  -2209.95    0.9988    0.0997  2.6505e-15  2.6453e-16  2.6535e-15
1233.6725  -2202.74    1.1708    0.1078  3.1066e-15  2.8595e-16  2.6534e-15
1233.7024  -2195.52    1.0269    0.1010  2.7246e-15  2.6808e-16  2.6533e-15
1233.7323  -2188.31    1.0664    0.1029  2.8293e-15  2.7307e-16  2.6531e-15
1233.7622  -2181.09    0.9389    0.0967  2.4908e-15  2.5649e-16  2.6530e-15
1233.7921  -2173.88    1.0231    0.1008  2.7140e-15  2.6745e-16  2.6529e-15
1233.8220  -2166.66    1.0480    0.1020  2.7800e-15  2.7054e-16  2.6527e-15
1233.8519  -2159.45    1.0226    0.1008  2.7125e-15  2.6735e-16  2.6526e-15
1233.8818  -2152.23    1.0065    0.1000  2.6696e-15  2.6528e-16  2.6524e-15
1233.9117  -2145.02    1.0645    0.1028  2.8233e-15  2.7271e-16  2.6523e-15
1233.9416  -2137.80    0.9551    0.0975  2.5331e-15  2.5853e-16  2.6522e-15
1233.9716  -2130.59    1.0101    0.1002  2.6789e-15  2.6573e-16  2.6520e-15
1234.0015  -2123.37    1.0884    0.1039  2.8864e-15  2.7565e-16  2.6519e-15
1234.0314  -2116.16    0.8870    0.0940  2.3520e-15  2.4929e-16  2.6517e-15
1234.0613  -2108.94    0.9236    0.0959  2.4490e-15  2.5423e-16  2.6516e-15
1234.0912  -2101.73    0.8933    0.0943  2.3686e-15  2.5011e-16  2.6515e-15
1234.1211  -2094.51    1.1001    0.1045  2.9168e-15  2.7702e-16  2.6513e-15
1234.1510  -2087.30    1.0210    0.1007  2.7070e-15  2.6704e-16  2.6512e-15
1234.1809  -2080.08    0.8170    0.0903  2.1658e-15  2.3947e-16  2.6511e-15
1234.2108  -2072.87    0.8802    0.0937  2.3334e-15  2.4835e-16  2.6509e-15
1234.2407  -2065.65    1.0100    0.1002  2.6772e-15  2.6571e-16  2.6508e-15
1234.2707  -2058.44    0.9458    0.0971  2.5069e-15  2.5729e-16  2.6506e-15
1234.3006  -2051.22    0.9078    0.0951  2.4061e-15  2.5217e-16  2.6505e-15
1234.3305  -2044.01    0.9436    0.0970  2.5008e-15  2.5700e-16  2.6504e-15
1234.3604  -2036.79    0.9823    0.0989  2.6033e-15  2.6207e-16  2.6502e-15
1234.3903  -2029.58    1.0092    0.1002  2.6743e-15  2.6558e-16  2.6501e-15
1234.4202  -2022.36    0.9946    0.0995  2.6357e-15  2.6367e-16  2.6500e-15
1234.4501  -2015.15    1.1370    0.1063  3.0128e-15  2.8163e-16  2.6498e-15
1234.4800  -2007.93    1.0341    0.1014  2.7401e-15  2.6880e-16  2.6497e-15
1234.5099  -2000.72    0.8460    0.0920  2.2415e-15  2.4365e-16  2.6495e-15
1234.5398  -1993.50    0.8801    0.0938  2.3316e-15  2.4838e-16  2.6494e-15
1234.5698  -1986.29    0.8235    0.0907  2.1816e-15  2.4038e-16  2.6493e-15
1234.5997  -1979.07    0.9430    0.0969  2.4980e-15  2.5683e-16  2.6491e-15
1234.6296  -1971.86    1.0146    0.1005  2.6875e-15  2.6624e-16  2.6490e-15
1234.6595  -1964.64    1.1484    0.1068  3.0421e-15  2.8286e-16  2.6489e-15
1234.6894  -1957.43    0.9365    0.0966  2.4805e-15  2.5587e-16  2.6487e-15
1234.7193  -1950.21    0.8998    0.0948  2.3832e-15  2.5096e-16  2.6486e-15
1234.7492  -1943.00    0.9562    0.0976  2.5324e-15  2.5848e-16  2.6484e-15
1234.7791  -1935.78    1.0510    0.1022  2.7834e-15  2.7076e-16  2.6483e-15
1234.8090  -1928.57    0.9442    0.0970  2.5004e-15  2.5691e-16  2.6482e-15
1234.8389  -1921.35    0.8909    0.0943  2.3591e-15  2.4969e-16  2.6480e-15
1234.8689  -1914.14    0.9847    0.0990  2.6073e-15  2.6214e-16  2.6479e-15
1234.8988  -1906.92    1.0296    0.1012  2.7262e-15  2.6795e-16  2.6478e-15
1234.9287  -1899.71    1.0286    0.1012  2.7233e-15  2.6786e-16  2.6476e-15
1234.9586  -1892.49    1.0253    0.1010  2.7146e-15  2.6744e-16  2.6475e-15
1234.9885  -1885.28    0.9833    0.0990  2.6032e-15  2.6202e-16  2.6473e-15
1235.0184  -1878.06    1.0087    0.1002  2.6703e-15  2.6522e-16  2.6472e-15
1235.0483  -1870.85    0.9465    0.0971  2.5055e-15  2.5708e-16  2.6471e-15
1235.0782  -1863.63    0.9630    0.0980  2.5490e-15  2.5931e-16  2.6469e-15
1235.1081  -1856.42    0.9750    0.0986  2.5806e-15  2.6086e-16  2.6468e-15
1235.1380  -1849.20    1.1182    0.1054  2.9594e-15  2.7893e-16  2.6467e-15
1235.1680  -1841.99    1.1448    0.1066  3.0296e-15  2.8213e-16  2.6465e-15
1235.1979  -1834.77    0.9858    0.0991  2.6088e-15  2.6215e-16  2.6464e-15
1235.2278  -1827.56    0.9934    0.0994  2.6288e-15  2.6311e-16  2.6463e-15
1235.2577  -1820.34    1.1018    0.1338  2.9155e-15  3.5395e-16  2.6461e-15
1235.2876  -1813.13    0.8439    0.1236  2.2329e-15  3.2701e-16  2.6460e-15
1235.3175  -1805.91    0.8924    0.1300  2.3610e-15  3.4383e-16  2.6458e-15
1235.3474  -1798.70    1.1074    0.1408  2.9298e-15  3.7253e-16  2.6457e-15
1235.3773  -1791.48    1.1246    0.1422  2.9752e-15  3.7623e-16  2.6456e-15
1235.4072  -1784.27    0.9553    0.1323  2.5272e-15  3.4997e-16  2.6454e-15
1235.4371  -1777.05    1.1194    0.1448  2.9611e-15  3.8305e-16  2.6453e-15
1235.4671  -1769.84    0.9620    0.1341  2.5447e-15  3.5459e-16  2.6452e-15
1235.4970  -1762.62    1.0661    0.1420  2.8198e-15  3.7547e-16  2.6450e-15
1235.5269  -1755.41    0.8731    0.1267  2.3092e-15  3.3516e-16  2.6449e-15
1235.5568  -1748.19    0.8960    0.1307  2.3696e-15  3.4566e-16  2.6448e-15
1235.5867  -1740.98    0.9748    0.1293  2.5781e-15  3.4205e-16  2.6446e-15
1235.6166  -1733.76    0.9766    0.1335  2.5827e-15  3.5294e-16  2.6445e-15
1235.6465  -1726.55    0.8919    0.1241  2.3585e-15  3.2813e-16  2.6443e-15
1235.6764  -1719.33    1.0242    0.1341  2.7081e-15  3.5470e-16  2.6442e-15
1235.7063  -1712.12    0.8764    0.1270  2.3173e-15  3.3578e-16  2.6441e-15
1235.7362  -1704.90    0.9947    0.1130  2.6299e-15  2.9880e-16  2.6439e-15
1235.7662  -1697.69    0.9197    0.0957  2.4316e-15  2.5313e-16  2.6438e-15
1235.7961  -1690.47    0.9232    0.0959  2.4407e-15  2.5357e-16  2.6437e-15
1235.8260  -1683.26    1.0035    0.0999  2.6527e-15  2.6411e-16  2.6435e-15
1235.8559  -1676.04    1.1669    0.1076  3.0845e-15  2.8440e-16  2.6434e-15
1235.8858  -1668.83    1.0294    0.1012  2.7210e-15  2.6745e-16  2.6433e-15
1235.9157  -1661.61    0.9200    0.0957  2.4317e-15  2.5300e-16  2.6431e-15
1235.9456  -1654.40    1.0998    0.1045  2.9067e-15  2.7614e-16  2.6430e-15
1235.9755  -1647.18    0.8411    0.0916  2.2228e-15  2.4212e-16  2.6428e-15
1236.0054  -1639.97    1.0050    0.0999  2.6560e-15  2.6414e-16  2.6427e-15
1236.0353  -1632.75    0.9240    0.0959  2.4417e-15  2.5345e-16  2.6426e-15
1236.0653  -1625.54    0.9298    0.0962  2.4570e-15  2.5416e-16  2.6424e-15
1236.0952  -1618.32    0.9332    0.0964  2.4658e-15  2.5459e-16  2.6423e-15
1236.1251  -1611.11    1.2115    0.1095  3.2009e-15  2.8938e-16  2.6422e-15
1236.1550  -1603.89    1.0581    0.1025  2.7957e-15  2.7072e-16  2.6420e-15
1236.1849  -1596.68    0.9790    0.0986  2.5864e-15  2.6057e-16  2.6419e-15
1236.2148  -1589.46    1.0004    0.0997  2.6428e-15  2.6335e-16  2.6418e-15
1236.2447  -1582.25    1.0138    0.1003  2.6781e-15  2.6507e-16  2.6416e-15
1236.2746  -1575.03    0.8110    0.0900  2.1422e-15  2.3764e-16  2.6415e-15
1236.3045  -1567.82    1.0184    0.1006  2.6900e-15  2.6568e-16  2.6413e-15
1236.3344  -1560.60    1.1571    0.1071  3.0562e-15  2.8285e-16  2.6412e-15
1236.3644  -1553.39    0.9920    0.0993  2.6201e-15  2.6229e-16  2.6411e-15
1236.3943  -1546.17    1.0250    0.1009  2.7069e-15  2.6658e-16  2.6409e-15
1236.4242  -1538.96    0.9567    0.0976  2.5265e-15  2.5771e-16  2.6408e-15
1236.4541  -1531.74    1.1247    0.1057  2.9700e-15  2.7899e-16  2.6407e-15
1236.4840  -1524.53    0.9634    0.0979  2.5440e-15  2.5856e-16  2.6405e-15
1236.5139  -1517.31    0.9295    0.0962  2.4542e-15  2.5398e-16  2.6404e-15
1236.5438  -1510.10    0.9604    0.0978  2.5357e-15  2.5810e-16  2.6403e-15
1236.5737  -1502.88    0.8723    0.0933  2.3030e-15  2.4624e-16  2.6401e-15
1236.6036  -1495.67    0.9295    0.0962  2.4539e-15  2.5401e-16  2.6400e-15
1236.6335  -1488.45    1.0601    0.1026  2.7985e-15  2.7090e-16  2.6399e-15
1236.6635  -1481.24    1.1036    0.1047  2.9133e-15  2.7628e-16  2.6397e-15
1236.6934  -1474.02    1.1224    0.1055  2.9626e-15  2.7852e-16  2.6396e-15
1236.7233  -1466.81    1.2542    0.1115  3.3104e-15  2.9421e-16  2.6394e-15
1236.7532  -1459.59    0.9979    0.0996  2.6337e-15  2.6294e-16  2.6393e-15
1236.7831  -1452.38    1.1102    0.1050  2.9300e-15  2.7711e-16  2.6392e-15
1236.8130  -1445.16    1.0300    0.1012  2.7183e-15  2.6714e-16  2.6390e-15
1236.8429  -1437.95    0.8497    0.0922  2.2423e-15  2.4319e-16  2.6389e-15
1236.8728  -1430.73    0.9372    0.0967  2.4731e-15  2.5513e-16  2.6388e-15
1236.9027  -1423.52    0.8779    0.0936  2.3164e-15  2.4705e-16  2.6386e-15
1236.9326  -1416.30    0.9045    0.0950  2.3866e-15  2.5075e-16  2.6385e-15
1236.9626  -1409.09    0.8349    0.0914  2.2028e-15  2.4111e-16  2.6384e-15
1236.9925  -1401.87    0.9010    0.0948  2.3771e-15  2.5022e-16  2.6382e-15
1237.0224  -1394.66    0.9268    0.0962  2.4449e-15  2.5373e-16  2.6381e-15
1237.0523  -1387.44    0.9007    0.0949  2.3761e-15  2.5025e-16  2.6380e-15
1237.0822  -1380.23    0.9827    0.0990  2.5922e-15  2.6109e-16  2.6378e-15
1237.1121  -1373.01    0.9741    0.0986  2.5694e-15  2.6005e-16  2.6377e-15
1237.1420  -1365.80    1.1227    0.1057  2.9611e-15  2.7871e-16  2.6375e-15
1237.1719  -1358.59    1.0870    0.1040  2.8668e-15  2.7435e-16  2.6374e-15
1237.2018  -1351.37    1.0421    0.1019  2.7483e-15  2.6874e-16  2.6373e-15
1237.2317  -1344.16    1.0139    0.1005  2.6739e-15  2.6515e-16  2.6371e-15
1237.2617  -1336.94    1.0893    0.1041  2.8724e-15  2.7457e-16  2.6370e-15
1237.2916  -1329.73    0.8848    0.0941  2.3330e-15  2.4807e-16  2.6369e-15
1237.3215  -1322.51    0.9980    0.0998  2.6315e-15  2.6305e-16  2.6367e-15
1237.3514  -1315.30    0.9102    0.0954  2.3998e-15  2.5142e-16  2.6366e-15
1237.3813  -1308.08    1.0622    0.1028  2.8004e-15  2.7104e-16  2.6365e-15
1237.4112  -1300.87    1.0115    0.1004  2.6667e-15  2.6463e-16  2.6363e-15
1237.4411  -1293.65    0.9731    0.0985  2.5653e-15  2.5965e-16  2.6362e-15
1237.4710  -1286.44    0.8420    0.0918  2.2196e-15  2.4190e-16  2.6360e-15
1237.5009  -1279.22    0.9698    0.0983  2.5564e-15  2.5908e-16  2.6359e-15
1237.5308  -1272.01    0.9356    0.0966  2.4660e-15  2.5454e-16  2.6358e-15
1237.5608  -1264.79    1.0648    0.1029  2.8063e-15  2.7112e-16  2.6356e-15
1237.5907  -1257.58    0.8819    0.0938  2.3241e-15  2.4717e-16  2.6355e-15
1237.6206  -1250.36    0.9187    0.0957  2.4212e-15  2.5213e-16  2.6354e-15
1237.6505  -1243.15    0.9370    0.0966  2.4691e-15  2.5454e-16  2.6352e-15
1237.6804  -1235.93    1.0041    0.0999  2.6459e-15  2.6332e-16  2.6351e-15
1237.7103  -1228.72    0.8955    0.0945  2.3595e-15  2.4894e-16  2.6350e-15
1237.7402  -1221.50    0.8581    0.0925  2.2610e-15  2.4378e-16  2.6348e-15
1237.7701  -1214.29    0.8640    0.0928  2.2764e-15  2.4461e-16  2.6347e-15
1237.8000  -1207.07    0.9076    0.0951  2.3912e-15  2.5053e-16  2.6345e-15
1237.8299  -1199.86    0.9864    0.0990  2.5986e-15  2.6093e-16  2.6344e-15
1237.8599  -1192.64    1.0368    0.1015  2.7312e-15  2.6738e-16  2.6343e-15
1237.8898  -1185.43    1.0676    0.1030  2.8122e-15  2.7125e-16  2.6341e-15
1237.9197  -1178.21    1.1110    0.1050  2.9265e-15  2.7666e-16  2.6340e-15
1237.9496  -1171.00    1.0866    0.1039  2.8620e-15  2.7370e-16  2.6339e-15
1237.9795  -1163.78    0.9399    0.0968  2.4754e-15  2.5488e-16  2.6337e-15
1238.0094  -1156.57    1.0194    0.1007  2.6846e-15  2.6517e-16  2.6336e-15
1238.0393  -1149.35    0.9893    0.0992  2.6052e-15  2.6130e-16  2.6335e-15
1238.0692  -1142.14    1.0094    0.1002  2.6581e-15  2.6391e-16  2.6333e-15
1238.0991  -1134.92    1.1719    0.1078  3.0859e-15  2.8393e-16  2.6332e-15
1238.1290  -1127.71    1.0114    0.1003  2.6632e-15  2.6413e-16  2.6330e-15
1238.1590  -1120.49    1.0453    0.1020  2.7521e-15  2.6843e-16  2.6329e-15
1238.1889  -1113.28    0.9221    0.0959  2.4276e-15  2.5235e-16  2.6328e-15
1238.2188  -1106.06    1.1198    0.1054  2.9479e-15  2.7759e-16  2.6326e-15
1238.2487  -1098.85    0.9113    0.0953  2.3989e-15  2.5097e-16  2.6325e-15
1238.2786  -1091.63    0.9465    0.0971  2.4916e-15  2.5565e-16  2.6324e-15
1238.3085  -1084.42    1.0673    0.1030  2.8093e-15  2.7111e-16  2.6322e-15
1238.3384  -1077.20    0.9539    0.0975  2.5109e-15  2.5658e-16  2.6321e-15
1238.3683  -1069.99    1.0355    0.1015  2.7253e-15  2.6707e-16  2.6319e-15
1238.3982  -1062.77    1.1199    0.1054  2.9473e-15  2.7747e-16  2.6318e-15
1238.4281  -1055.56    1.0115    0.1003  2.6618e-15  2.6393e-16  2.6317e-15
1238.4581  -1048.34    0.8611    0.0927  2.2661e-15  2.4388e-16  2.6315e-15
1238.4880  -1041.13    0.7958    0.0892  2.0940e-15  2.3466e-16  2.6314e-15
1238.5179  -1033.91    0.8679    0.0931  2.2837e-15  2.4485e-16  2.6313e-15
1238.5478  -1026.70    1.0001    0.0997  2.6315e-15  2.6245e-16  2.6311e-15
1238.5777  -1019.48    0.9712    0.0983  2.5553e-15  2.5875e-16  2.6310e-15
1238.6076  -1012.27    0.9193    0.0958  2.4186e-15  2.5193e-16  2.6309e-15
1238.6375  -1005.05    0.9277    0.0962  2.4405e-15  2.5308e-16  2.6307e-15
1238.6674   -997.84    0.8939    0.0944  2.3514e-15  2.4846e-16  2.6306e-15
1238.6973   -990.62    0.9299    0.0963  2.4459e-15  2.5329e-16  2.6304e-15
1238.7272   -983.41    0.8389    0.0916  2.2066e-15  2.4089e-16  2.6303e-15
1238.7572   -976.19    0.9436    0.0970  2.4819e-15  2.5522e-16  2.6302e-15
1238.7871   -968.98    0.9611    0.0979  2.5278e-15  2.5753e-16  2.6300e-15
1238.8170   -961.76    1.1182    0.1054  2.9409e-15  2.7725e-16  2.6299e-15
1238.8469   -954.55    0.9395    0.0968  2.4707e-15  2.5462e-16  2.6298e-15
1238.8768   -947.33    1.0060    0.1001  2.6454e-15  2.6329e-16  2.6296e-15
1238.9067   -940.12    0.8812    0.0938  2.3170e-15  2.4669e-16  2.6295e-15
1238.9366   -932.90    0.9365    0.0966  2.4625e-15  2.5413e-16  2.6293e-15
1238.9665   -925.69    1.1047    0.1048  2.9045e-15  2.7550e-16  2.6292e-15
1238.9964   -918.47    0.9307    0.0964  2.4468e-15  2.5333e-16  2.6291e-15
1239.0263   -911.26    1.0225    0.1009  2.6881e-15  2.6519e-16  2.6290e-15
1239.0563   -904.04    1.0904    0.1156  2.8666e-15  3.0397e-16  2.6288e-15
1239.0862   -896.83    0.7969    0.1108  2.0949e-15  2.9132e-16  2.6287e-15
1239.1161   -889.61    0.8890    0.1269  2.3369e-15  3.3369e-16  2.6286e-15
1239.1460   -882.40    1.1091    0.1408  2.9152e-15  3.7017e-16  2.6285e-15
1239.1759   -875.18    0.9722    0.1318  2.5552e-15  3.4636e-16  2.6283e-15
1239.2058   -867.97    1.0929    0.1390  2.8725e-15  3.6542e-16  2.6282e-15
1239.2357   -860.75    1.1690    0.1447  3.0721e-15  3.8023e-16  2.6281e-15
1239.2656   -853.54    1.2979    0.1533  3.4108e-15  4.0297e-16  2.6280e-15
1239.2955   -846.32    1.0760    0.1415  2.8276e-15  3.7189e-16  2.6279e-15
1239.3254   -839.11    0.9311    0.1273  2.4466e-15  3.3441e-16  2.6278e-15
1239.3554   -831.89    1.0182    0.1335  2.6755e-15  3.5084e-16  2.6276e-15
1239.3853   -824.68    0.8676    0.1228  2.2798e-15  3.2274e-16  2.6275e-15
1239.4152   -817.46    0.9725    0.1301  2.5552e-15  3.4177e-16  2.6274e-15
1239.4451   -810.25    0.7474    0.1174  1.9637e-15  3.0851e-16  2.6273e-15
1239.4750   -803.03    0.9267    0.1241  2.4346e-15  3.2603e-16  2.6272e-15
1239.5049   -795.82    0.9531    0.1260  2.5038e-15  3.3091e-16  2.6271e-15
1239.5348   -788.60    1.0622    0.1311  2.7903e-15  3.4444e-16  2.6270e-15
1239.5647   -781.39    0.8363    0.1048  2.1969e-15  2.7524e-16  2.6269e-15
1239.5946   -774.17    1.0342    0.1026  2.7167e-15  2.6945e-16  2.6268e-15
1239.6245   -766.96    1.0081    0.1002  2.6480e-15  2.6308e-16  2.6267e-15
1239.6545   -759.74    0.9348    0.0965  2.4553e-15  2.5355e-16  2.6266e-15
1239.6844   -752.53    0.9457    0.0971  2.4838e-15  2.5493e-16  2.6265e-15
1239.7143   -745.31    0.8896    0.0942  2.3365e-15  2.4733e-16  2.6264e-15
1239.7442   -738.10    1.0106    0.1002  2.6542e-15  2.6321e-16  2.6263e-15
1239.7741   -730.88    0.8920    0.0943  2.3426e-15  2.4760e-16  2.6262e-15
1239.8040   -723.67    0.9929    0.0994  2.6075e-15  2.6100e-16  2.6261e-15
1239.8339   -716.45    0.9185    0.0956  2.4120e-15  2.5114e-16  2.6260e-15
1239.8638   -709.24    1.0076    0.1001  2.6459e-15  2.6275e-16  2.6260e-15
1239.8937   -702.02    0.9845    0.0989  2.5853e-15  2.5981e-16  2.6259e-15
1239.9236   -694.81    1.1160    0.1052  2.9304e-15  2.7624e-16  2.6258e-15
1239.9536   -687.59    1.1180    0.1053  2.9355e-15  2.7649e-16  2.6257e-15
1239.9835   -680.38    1.1508    0.1068  3.0215e-15  2.8042e-16  2.6256e-15
1240.0134   -673.16    1.1161    0.1052  2.9303e-15  2.7619e-16  2.6255e-15
1240.0433   -665.95    0.9243    0.0959  2.4267e-15  2.5174e-16  2.6255e-15
1240.0732   -658.73    1.0246    0.1009  2.6900e-15  2.6481e-16  2.6254e-15
1240.1031   -651.52    1.0313    0.1012  2.7074e-15  2.6560e-16  2.6253e-15
1240.1330   -644.30    1.0885    0.1039  2.8575e-15  2.7277e-16  2.6252e-15
1240.1629   -637.09    1.0439    0.1018  2.7404e-15  2.6719e-16  2.6252e-15
1240.1928   -629.87    0.8945    0.0944  2.3480e-15  2.4778e-16  2.6251e-15
1240.2227   -622.66    1.0173    0.1005  2.6704e-15  2.6388e-16  2.6250e-15
1240.2527   -615.44    0.9389    0.0966  2.4646e-15  2.5366e-16  2.6249e-15
1240.2826   -608.23    0.9448    0.0969  2.4799e-15  2.5441e-16  2.6249e-15
1240.3125   -601.01    0.9512    0.0972  2.4966e-15  2.5526e-16  2.6248e-15
1240.3424   -593.80    0.8470    0.0919  2.2233e-15  2.4116e-16  2.6247e-15
1240.3723   -586.58    0.9876    0.0991  2.5921e-15  2.5998e-16  2.6247e-15
1240.4022   -579.37    1.1084    0.1048  2.9092e-15  2.7519e-16  2.6246e-15
1240.4321   -572.15    0.9249    0.0959  2.4274e-15  2.5180e-16  2.6246e-15
1240.4620   -564.94    0.9461    0.0970  2.4829e-15  2.5455e-16  2.6245e-15
1240.4919   -557.72    0.9770    0.0985  2.5640e-15  2.5857e-16  2.6244e-15
1240.5218   -550.51    0.9712    0.0983  2.5488e-15  2.5788e-16  2.6244e-15
1240.5518   -543.29    1.0224    0.1008  2.6831e-15  2.6443e-16  2.6243e-15
1240.5817   -536.08    1.0705    0.1031  2.8092e-15  2.7051e-16  2.6243e-15
1240.6116   -528.86    1.0069    0.1000  2.6423e-15  2.6252e-16  2.6242e-15
1240.6415   -521.65    1.0952    0.1043  2.8739e-15  2.7361e-16  2.6242e-15
1240.6714   -514.43    0.9851    0.0990  2.5850e-15  2.5971e-16  2.6241e-15
1240.7013   -507.22    1.0038    0.0999  2.6339e-15  2.6215e-16  2.6241e-15
1240.7312   -500.00    1.0803    0.1036  2.8347e-15  2.7178e-16  2.6240e-15
1240.7611   -492.79    1.0938    0.1042  2.8700e-15  2.7340e-16  2.6240e-15
1240.7910   -485.57    0.8607    0.0926  2.2585e-15  2.4305e-16  2.6239e-15
1240.8209   -478.36    1.0603    0.1026  2.7822e-15  2.6926e-16  2.6239e-15
1240.8509   -471.14    1.0086    0.1001  2.6464e-15  2.6266e-16  2.6238e-15
1240.8808   -463.93    0.9629    0.0978  2.5264e-15  2.5673e-16  2.6238e-15
1240.9107   -456.71    0.8787    0.0936  2.3054e-15  2.4549e-16  2.6238e-15
1240.9406   -449.50    1.0302    0.1012  2.7029e-15  2.6541e-16  2.6237e-15
1240.9705   -442.28    0.9790    0.0987  2.5686e-15  2.5886e-16  2.6237e-15
1241.0004   -435.07    1.0986    0.1044  2.8823e-15  2.7397e-16  2.6237e-15
1241.0303   -427.85    1.1775    0.1080  3.0894e-15  2.8348e-16  2.6236e-15
1241.0602   -420.64    1.0512    0.1022  2.7580e-15  2.6809e-16  2.6236e-15
1241.0901   -413.42    1.1110    0.1050  2.9147e-15  2.7550e-16  2.6236e-15
1241.1200   -406.21    0.9159    0.0955  2.4028e-15  2.5061e-16  2.6235e-15
1241.1500   -398.99    0.8490    0.0921  2.2274e-15  2.4151e-16  2.6235e-15
1241.1799   -391.78    0.9992    0.0997  2.6214e-15  2.6143e-16  2.6235e-15
1241.2098   -384.56    1.0690    0.1030  2.8045e-15  2.7028e-16  2.6234e-15
1241.2397   -377.35    1.0938    0.1042  2.8695e-15  2.7338e-16  2.6234e-15
1241.2696   -370.13    1.0451    0.1019  2.7418e-15  2.6735e-16  2.6234e-15
1241.2995   -362.92    0.8962    0.0945  2.3510e-15  2.4793e-16  2.6234e-15
1241.3294   -355.70    0.9677    0.0981  2.5385e-15  2.5739e-16  2.6234e-15
1241.3593   -348.49    0.9299    0.0962  2.4394e-15  2.5245e-16  2.6233e-15
1241.3892   -341.27    1.0892    0.1040  2.8573e-15  2.7279e-16  2.6233e-15
1241.4191   -334.06    1.0864    0.1039  2.8500e-15  2.7246e-16  2.6233e-15
1241.4491   -326.84    1.1519    0.1069  3.0219e-15  2.8049e-16  2.6233e-15
1241.4790   -319.63    1.0018    0.0999  2.6280e-15  2.6194e-16  2.6233e-15
1241.5089   -312.41    0.9395    0.0968  2.4645e-15  2.5388e-16  2.6233e-15
1241.5388   -305.20    0.9425    0.0970  2.4725e-15  2.5436e-16  2.6232e-15
1241.5687   -297.98    0.8887    0.0942  2.3313e-15  2.4711e-16  2.6232e-15
1241.5986   -290.77    1.0068    0.1001  2.6410e-15  2.6261e-16  2.6232e-15
1241.6285   -283.55    1.0502    0.1022  2.7549e-15  2.6812e-16  2.6232e-15
1241.6584   -276.34    0.8391    0.0916  2.2012e-15  2.4029e-16  2.6232e-15
1241.6883   -269.12    0.8776    0.0936  2.3022e-15  2.4559e-16  2.6232e-15
1241.7182   -261.91    0.9663    0.0982  2.5349e-15  2.5747e-16  2.6232e-15
1241.7482   -254.69    0.9797    0.0988  2.5700e-15  2.5920e-16  2.6232e-15
1241.7781   -247.48    1.0004    0.0998  2.6243e-15  2.6190e-16  2.6232e-15
1241.8080   -240.26    1.0066    0.1002  2.6405e-15  2.6274e-16  2.6232e-15
1241.8379   -233.05    1.1065    0.1049  2.9026e-15  2.7523e-16  2.6232e-15
1241.8678   -225.83    0.9658    0.0982  2.5336e-15  2.5754e-16  2.6232e-15
1241.8977   -218.62    0.9783    0.0988  2.5663e-15  2.5913e-16  2.6232e-15
1241.9276   -211.40    1.0061    0.1001  2.6392e-15  2.6270e-16  2.6232e-15
1241.9575   -204.19    0.9663    0.0982  2.5348e-15  2.5752e-16  2.6232e-15
1241.9874   -196.98    0.9369    0.0967  2.4578e-15  2.5368e-16  2.6232e-15
1242.0173   -189.76    0.9662    0.0982  2.5345e-15  2.5748e-16  2.6232e-15
1242.0473   -182.55    0.9370    0.0967  2.4579e-15  2.5371e-16  2.6232e-15
1242.0772   -175.33    0.8187    0.0906  2.1477e-15  2.3760e-16  2.6232e-15
1242.1071   -168.12    0.9795    0.0988  2.5695e-15  2.5922e-16  2.6232e-15
1242.1370   -160.90    1.0384    0.1017  2.7239e-15  2.6668e-16  2.6233e-15
1242.1669   -153.69    1.0283    0.1012  2.6974e-15  2.6540e-16  2.6233e-15
1242.1968   -146.47    0.8791    0.0937  2.3061e-15  2.4581e-16  2.6233e-15
1242.2267   -139.26    0.8767    0.0936  2.2998e-15  2.4543e-16  2.6233e-15
1242.2566   -132.04    0.8832    0.0939  2.3170e-15  2.4635e-16  2.6233e-15
1242.2865   -124.83    0.8476    0.0921  2.2235e-15  2.4151e-16  2.6233e-15
1242.3164   -117.61    0.9268    0.0961  2.4314e-15  2.5222e-16  2.6234e-15
1242.3464   -110.40    0.9108    0.0953  2.3893e-15  2.5008e-16  2.6234e-15
1242.3763   -103.18    0.9320    0.0964  2.4450e-15  2.5283e-16  2.6234e-15
1242.4062    -95.97    0.9911    0.0993  2.6000e-15  2.6053e-16  2.6234e-15
1242.4361    -88.75    1.0139    0.1004  2.6599e-15  2.6338e-16  2.6234e-15
1242.4660    -81.54    0.9484    0.0972  2.4881e-15  2.5489e-16  2.6235e-15
1242.4959    -74.32    0.8945    0.0944  2.3466e-15  2.4772e-16  2.6235e-15
1242.5258    -67.11    0.8057    0.0897  2.1138e-15  2.3545e-16  2.6235e-15
1242.5557    -59.89    0.9838    0.0989  2.5810e-15  2.5947e-16  2.6236e-15
1242.5856    -52.68    0.8735    0.0933  2.2916e-15  2.4488e-16  2.6236e-15
1242.6155    -45.46    0.9139    0.0954  2.3978e-15  2.5028e-16  2.6236e-15
1242.6455    -38.25    1.0258    0.1009  2.6913e-15  2.6475e-16  2.6237e-15
1242.6754    -31.03    1.0328    0.1012  2.7098e-15  2.6558e-16  2.6237e-15
1242.7053    -23.82    0.8715    0.0931  2.2866e-15  2.4436e-16  2.6237e-15
1242.7352    -16.60    0.8285    0.0909  2.1737e-15  2.3839e-16  2.6238e-15
1242.7651     -9.39    0.9739    0.0983  2.5553e-15  2.5803e-16  2.6238e-15
1242.7950     -2.17    1.0043    0.0998  2.6351e-15  2.6194e-16  2.6238e-15
1242.8249      5.04    0.9609    0.0977  2.5213e-15  2.5641e-16  2.6239e-15
1242.8548     12.26    1.0192    0.1006  2.6743e-15  2.6389e-16  2.6239e-15
1242.8847     19.47    0.9457    0.0969  2.4815e-15  2.5438e-16  2.6240e-15
1242.9146     26.69    0.9561    0.0975  2.5089e-15  2.5581e-16  2.6240e-15
1242.9446     33.90    0.9292    0.0961  2.4381e-15  2.5221e-16  2.6240e-15
1242.9745     41.12    0.9803    0.0987  2.5723e-15  2.5891e-16  2.6241e-15
1243.0044     48.33    0.9942    0.0994  2.6089e-15  2.6072e-16  2.6241e-15
1243.0343     55.55    1.0952    0.1042  2.8741e-15  2.7331e-16  2.6242e-15
1243.0642     62.76    0.9600    0.0976  2.5193e-15  2.5619e-16  2.6242e-15
1243.0941     69.98    1.0707    0.1030  2.8097e-15  2.7026e-16  2.6243e-15
1243.1240     77.19    1.1146    0.1050  2.9250e-15  2.7563e-16  2.6243e-15
1243.1539     84.41    0.9856    0.0989  2.5867e-15  2.5955e-16  2.6244e-15
1243.1838     91.62    0.9682    0.0981  2.5410e-15  2.5735e-16  2.6244e-15
1243.2137     98.84    1.1485    0.1066  3.0142e-15  2.7983e-16  2.6245e-15
1243.2437    106.05    1.1016    0.1045  2.8913e-15  2.7419e-16  2.6245e-15
1243.2736    113.27    0.9751    0.0984  2.5591e-15  2.5827e-16  2.6246e-15
1243.3035    120.48    0.9687    0.0981  2.5425e-15  2.5752e-16  2.6247e-15
1243.3334    127.70    0.9194    0.0957  2.4132e-15  2.5106e-16  2.6247e-15
1243.3633    134.91    0.9884    0.0991  2.5943e-15  2.6006e-16  2.6248e-15
1243.3932    142.13    0.8780    0.0935  2.3046e-15  2.4545e-16  2.6248e-15
1243.4231    149.34    1.0201    0.1006  2.6777e-15  2.6412e-16  2.6249e-15
1243.4530    156.56    0.9429    0.0968  2.4750e-15  2.5413e-16  2.6250e-15
1243.4829    163.77    1.0729    0.1031  2.8163e-15  2.7069e-16  2.6250e-15
1243.5128    170.99    1.0001    0.0996  2.6252e-15  2.6153e-16  2.6251e-15
1243.5428    178.20    0.9986    0.0995  2.6214e-15  2.6129e-16  2.6252e-15
1243.5727    185.42    0.9662    0.1104  2.5365e-15  2.8991e-16  2.6252e-15
1243.6026    192.63    1.0429    0.1362  2.7378e-15  3.5767e-16  2.6253e-15
1243.6325    199.85    1.1324    0.1437  2.9730e-15  3.7720e-16  2.6254e-15
1243.6624    207.06    1.0252    0.1372  2.6915e-15  3.6025e-16  2.6254e-15
1243.6923    214.28    1.1282    0.1417  2.9621e-15  3.7198e-16  2.6255e-15
1243.7222    221.49    0.9118    0.1290  2.3940e-15  3.3880e-16  2.6256e-15
1243.7521    228.71    1.0896    0.1425  2.8610e-15  3.7415e-16  2.6257e-15
1243.7820    235.92    0.8851    0.1265  2.3239e-15  3.3215e-16  2.6257e-15
1243.8119    243.14    1.1325    0.1505  2.9738e-15  3.9518e-16  2.6258e-15
1243.8419    250.35    1.0650    0.1405  2.7966e-15  3.6892e-16  2.6259e-15
1243.8718    257.57    1.0239    0.1392  2.6888e-15  3.6565e-16  2.6260e-15
1243.9017    264.78    1.0206    0.1364  2.6800e-15  3.5813e-16  2.6260e-15
1243.9316    272.00    1.0528    0.1351  2.7649e-15  3.5478e-16  2.6261e-15
1243.9615    279.21    0.9011    0.1271  2.3664e-15  3.3391e-16  2.6262e-15
1243.9914    286.43    1.0511    0.1362  2.7606e-15  3.5766e-16  2.6263e-15
1244.0213    293.64    1.0734    0.1413  2.8192e-15  3.7108e-16  2.6264e-15
1244.0512    300.86    1.0257    0.1338  2.6941e-15  3.5138e-16  2.6264e-15
1244.0811    308.07    0.8347    0.1170  2.1924e-15  3.0717e-16  2.6265e-15
1244.1110    315.29    0.9223    0.1058  2.4226e-15  2.7787e-16  2.6266e-15
1244.1410    322.50    1.0093    0.1000  2.6511e-15  2.6265e-16  2.6267e-15
1244.1709    329.72    0.9758    0.0983  2.5632e-15  2.5826e-16  2.6268e-15
1244.2008    336.93    0.9834    0.0987  2.5833e-15  2.5926e-16  2.6269e-15
1244.2307    344.15    0.8995    0.0945  2.3630e-15  2.4819e-16  2.6270e-15
1244.2606    351.36    1.0804    0.1033  2.8382e-15  2.7148e-16  2.6271e-15
1244.2905    358.58    0.9134    0.0952  2.3997e-15  2.5005e-16  2.6272e-15
1244.3204    365.79    0.9425    0.0966  2.4763e-15  2.5389e-16  2.6272e-15
1244.3503    373.01    1.0888    0.1037  2.8605e-15  2.7240e-16  2.6273e-15
1244.3802    380.22    1.0346    0.1011  2.7185e-15  2.6570e-16  2.6274e-15
1244.4101    387.44    1.1070    0.1045  2.9088e-15  2.7470e-16  2.6275e-15
1244.4401    394.65    1.0294    0.1009  2.7048e-15  2.6508e-16  2.6276e-15
1244.4700    401.87    0.9102    0.0950  2.3917e-15  2.4961e-16  2.6277e-15
1244.4999    409.08    0.8601    0.0924  2.2603e-15  2.4276e-16  2.6278e-15
1244.5298    416.30    0.9616    0.0976  2.5269e-15  2.5641e-16  2.6279e-15
1244.5597    423.51    1.0828    0.1034  2.8455e-15  2.7182e-16  2.6280e-15
1244.5896    430.73    0.9916    0.0990  2.6061e-15  2.6031e-16  2.6281e-15
1244.6195    437.94    0.9564    0.0973  2.5137e-15  2.5563e-16  2.6282e-15
1244.6494    445.16    0.9557    0.0972  2.5119e-15  2.5555e-16  2.6283e-15
1244.6793    452.37    1.1654    0.1072  3.0633e-15  2.8173e-16  2.6284e-15
1244.7092    459.59    1.0711    0.1028  2.8154e-15  2.7033e-16  2.6286e-15
1244.7392    466.80    0.9088    0.0949  2.3889e-15  2.4941e-16  2.6287e-15
1244.7691    474.02    0.9048    0.0947  2.3784e-15  2.4888e-16  2.6288e-15
1244.7990    481.23    0.7358    0.0856  1.9343e-15  2.2498e-16  2.6289e-15
1244.8289    488.45    0.9426    0.0966  2.4780e-15  2.5386e-16  2.6290e-15
1244.8588    495.66    1.0979    0.1041  2.8865e-15  2.7359e-16  2.6291e-15
1244.8887    502.88    1.0845    0.1034  2.8513e-15  2.7196e-16  2.6292e-15
1244.9186    510.09    0.9521    0.0971  2.5035e-15  2.5518e-16  2.6293e-15
1244.9485    517.31    1.0002    0.0994  2.6300e-15  2.6139e-16  2.6294e-15
1244.9784    524.52    1.0721    0.1028  2.8191e-15  2.7040e-16  2.6295e-15
1245.0083    531.74    0.9824    0.0985  2.5833e-15  2.5914e-16  2.6297e-15
1245.0383    538.95    1.0691    0.1027  2.8115e-15  2.7016e-16  2.6298e-15
1245.0682    546.17    1.0766    0.1031  2.8312e-15  2.7111e-16  2.6299e-15
1245.0981    553.38    0.9179    0.0954  2.4142e-15  2.5086e-16  2.6300e-15
1245.1280    560.60    1.0321    0.1010  2.7146e-15  2.6555e-16  2.6301e-15
1245.1579    567.81    1.0552    0.1021  2.7755e-15  2.6849e-16  2.6303e-15
1245.1878    575.03    1.0241    0.1006  2.6938e-15  2.6459e-16  2.6304e-15
1245.2177    582.24    1.1112    0.1047  2.9230e-15  2.7531e-16  2.6305e-15
1245.2476    589.46    1.0195    0.1003  2.6818e-15  2.6388e-16  2.6306e-15
1245.2775    596.67    1.0381    0.1012  2.7311e-15  2.6630e-16  2.6307e-15
1245.3074    603.89    1.0533    0.1020  2.7712e-15  2.6824e-16  2.6309e-15
1245.3374    611.10    0.9409    0.0965  2.4755e-15  2.5394e-16  2.6310e-15
1245.3673    618.32    0.9602    0.0975  2.5264e-15  2.5650e-16  2.6311e-15
1245.3972    625.53    0.9430    0.0966  2.4811e-15  2.5421e-16  2.6312e-15
1245.4271    632.75    0.9856    0.0987  2.5936e-15  2.5981e-16  2.6314e-15
1245.4570    639.96    1.0674    0.1026  2.8089e-15  2.7007e-16  2.6315e-15
1245.4869    647.18    1.0222    0.1005  2.6901e-15  2.6437e-16  2.6316e-15
1245.5168    654.39    1.0173    0.1002  2.6774e-15  2.6373e-16  2.6318e-15
1245.5467    661.61    0.8278    0.0906  2.1787e-15  2.3846e-16  2.6319e-15
1245.5766    668.82    0.7965    0.0890  2.0965e-15  2.3414e-16  2.6320e-15
1245.6065    676.04    0.9672    0.0978  2.5459e-15  2.5737e-16  2.6322e-15
1245.6365    683.25    1.0607    0.1023  2.7922e-15  2.6927e-16  2.6323e-15
1245.6664    690.47    0.8709    0.0929  2.2925e-15  2.4450e-16  2.6324e-15
1245.6963    697.68    0.9613    0.0974  2.5306e-15  2.5651e-16  2.6326e-15
1245.7262    704.90    1.0424    0.1014  2.7443e-15  2.6694e-16  2.6327e-15
1245.7561    712.11    0.8926    0.0940  2.3501e-15  2.4746e-16  2.6328e-15
1245.7860    719.33    1.2032    0.1087  3.1680e-15  2.8633e-16  2.6330e-15
1245.8159    726.54    1.0560    0.1020  2.7807e-15  2.6856e-16  2.6331e-15
1245.8458    733.76    0.9599    0.0973  2.5278e-15  2.5633e-16  2.6333e-15
1245.8757    740.97    0.9122    0.0949  2.4021e-15  2.4998e-16  2.6334e-15
1245.9056    748.19    1.0631    0.1023  2.7996e-15  2.6947e-16  2.6335e-15
1245.9356    755.40    0.9988    0.0992  2.6305e-15  2.6134e-16  2.6337e-15
1245.9655    762.62    1.0685    0.1026  2.8144e-15  2.7017e-16  2.6338e-15
1245.9954    769.83    0.9357    0.0961  2.4645e-15  2.5319e-16  2.6340e-15
1246.0253    777.05    0.8854    0.0936  2.3323e-15  2.4645e-16  2.6341e-15
1246.0552    784.26    0.8814    0.0934  2.3219e-15  2.4593e-16  2.6343e-15
1246.0851    791.48    1.0072    0.0996  2.6533e-15  2.6249e-16  2.6344e-15
1246.1150    798.69    0.7831    0.0881  2.0632e-15  2.3211e-16  2.6346e-15
1246.1449    805.91    0.9895    0.0988  2.6070e-15  2.6018e-16  2.6347e-15
1246.1748    813.12    1.0656    0.1024  2.8077e-15  2.6983e-16  2.6349e-15
1246.2047    820.34    1.0439    0.1014  2.7507e-15  2.6710e-16  2.6350e-15
1246.2347    827.55    1.1773    0.1075  3.1023e-15  2.8334e-16  2.6352e-15
1246.2646    834.77    1.0791    0.1030  2.8438e-15  2.7148e-16  2.6353e-15
1246.2945    841.98    1.0006    0.0993  2.6370e-15  2.6170e-16  2.6355e-15
1246.3244    849.20    1.0636    0.1023  2.8034e-15  2.6958e-16  2.6356e-15
1246.3543    856.41    0.8721    0.0928  2.2988e-15  2.4465e-16  2.6358e-15
1246.3842    863.63    0.8938    0.0939  2.3560e-15  2.4757e-16  2.6359e-15
1246.4141    870.84    0.9157    0.0950  2.4140e-15  2.5050e-16  2.6361e-15
1246.4440    878.06    0.9017    0.0943  2.3770e-15  2.4856e-16  2.6363e-15
1246.4739    885.27    0.8044    0.0892  2.1206e-15  2.3512e-16  2.6364e-15
1246.5038    892.49    1.0380    0.1010  2.7368e-15  2.6632e-16  2.6366e-15
1246.5338    899.70    0.9889    0.0987  2.6074e-15  2.6013e-16  2.6367e-15
1246.5637    906.92    0.9933    0.0988  2.6192e-15  2.6062e-16  2.6369e-15
1246.5936    914.13    1.1151    0.1046  2.9407e-15  2.7576e-16  2.6370e-15
1246.6235    921.35    0.9620    0.0973  2.5371e-15  2.5653e-16  2.6372e-15
1246.6534    928.56    0.9188    0.0951  2.4231e-15  2.5085e-16  2.6374e-15
1246.6833    935.78    1.0857    0.1032  2.8635e-15  2.7224e-16  2.6375e-15
1246.7132    942.99    0.8103    0.0895  2.1372e-15  2.3600e-16  2.6377e-15
1246.7431    950.21    1.0163    0.0999  2.6808e-15  2.6355e-16  2.6379e-15
1246.7730    957.42    0.9395    0.0961  2.4784e-15  2.5361e-16  2.6380e-15
1246.8029    964.64    0.7908    0.0884  2.0862e-15  2.3315e-16  2.6382e-15
1246.8329    971.85    1.0042    0.0993  2.6495e-15  2.6195e-16  2.6384e-15
1246.8628    979.06    0.9457    0.0964  2.4952e-15  2.5443e-16  2.6385e-15
1246.8927    986.28    1.0563    0.1018  2.7873e-15  2.6854e-16  2.6387e-15
1246.9226    993.49    0.9778    0.0980  2.5803e-15  2.5867e-16  2.6389e-15
1246.9525   1000.71    1.0554    0.1017  2.7854e-15  2.6850e-16  2.6390e-15
1246.9824   1007.92    1.0511    0.1015  2.7740e-15  2.6798e-16  2.6392e-15
1247.0123   1015.14    0.8524    0.0916  2.2498e-15  2.4185e-16  2.6394e-15
1247.0422   1022.35    1.1227    0.1048  2.9633e-15  2.7674e-16  2.6396e-15
1247.0721   1029.57    0.9616    0.0972  2.5383e-15  2.5653e-16  2.6397e-15
1247.1020   1036.78    1.0258    0.1003  2.7080e-15  2.6480e-16  2.6399e-15
1247.1320   1044.00    1.0679    0.1023  2.8193e-15  2.7013e-16  2.6401e-15
1247.1619   1051.21    0.9255    0.0954  2.4435e-15  2.5182e-16  2.6403e-15
1247.1918   1058.43    1.0803    0.1029  2.8525e-15  2.7161e-16  2.6404e-15
1247.2217   1065.64    1.1270    0.1050  2.9761e-15  2.7727e-16  2.6406e-15
1247.2516   1072.86    0.9507    0.0966  2.5107e-15  2.5511e-16  2.6408e-15
1247.2815   1080.07    1.1967    0.1081  3.1605e-15  2.8556e-16  2.6410e-15
1247.3114   1087.29    0.9904    0.0985  2.6158e-15  2.6023e-16  2.6411e-15
1247.3413   1094.50    0.9199    0.0950  2.4296e-15  2.5103e-16  2.6413e-15
1247.3712   1101.72    0.8948    0.0937  2.3637e-15  2.4758e-16  2.6415e-15
1247.4011   1108.93    1.0362    0.1108  2.7374e-15  2.9265e-16  2.6417e-15
1247.4311   1116.15    1.0856    0.1270  2.8680e-15  3.3550e-16  2.6419e-15
1247.4610   1123.36    1.0954    0.1357  2.8942e-15  3.5860e-16  2.6420e-15
1247.4909   1130.58    1.0320    0.1345  2.7268e-15  3.5541e-16  2.6422e-15
1247.5208   1137.79    1.2144    0.1451  3.2088e-15  3.8353e-16  2.6424e-15
1247.5507   1145.01    1.0581    0.1332  2.7960e-15  3.5211e-16  2.6426e-15
1247.5806   1152.22    0.9406    0.1295  2.4857e-15  3.4221e-16  2.6428e-15
1247.6105   1159.44    1.0387    0.1341  2.7453e-15  3.5440e-16  2.6430e-15
1247.6404   1166.65    1.1984    0.1412  3.1676e-15  3.7323e-16  2.6432e-15
1247.6703   1173.87    1.0166    0.1358  2.6871e-15  3.5893e-16  2.6433e-15
1247.7002   1181.08    0.9298    0.1283  2.4578e-15  3.3924e-16  2.6435e-15
1247.7302   1188.30    1.0122    0.1330  2.6760e-15  3.5162e-16  2.6437e-15
1247.7601   1195.51    0.9996    0.1294  2.6429e-15  3.4223e-16  2.6439e-15
1247.7900   1202.73    1.0004    0.1301  2.6451e-15  3.4392e-16  2.6441e-15
1247.8199   1209.94    1.0320    0.1375  2.7290e-15  3.6356e-16  2.6443e-15
1247.8498   1217.16    0.9446    0.1293  2.4979e-15  3.4181e-16  2.6445e-15
1247.8797   1224.37    1.1068    0.1368  2.9272e-15  3.6171e-16  2.6447e-15
1247.9096   1231.59    0.9290    0.1285  2.4571e-15  3.3993e-16  2.6449e-15
1247.9395   1238.80    1.1077    0.1182  2.9299e-15  3.1275e-16  2.6451e-15
1247.9694   1246.02    1.0575    0.1068  2.7973e-15  2.8252e-16  2.6453e-15
1247.9993   1253.23    0.8314    0.0903  2.1993e-15  2.3901e-16  2.6454e-15
1248.0293   1260.45    1.0001    0.0989  2.6459e-15  2.6161e-16  2.6456e-15
1248.0592   1267.66    0.9813    0.0980  2.5962e-15  2.5917e-16  2.6458e-15
1248.0891   1274.88    0.8546    0.0915  2.2612e-15  2.4220e-16  2.6460e-15
1248.1190   1282.09    0.8912    0.0934  2.3584e-15  2.4721e-16  2.6462e-15
1248.1489   1289.31    0.8156    0.0894  2.1583e-15  2.3670e-16  2.6464e-15
1248.1788   1296.52    0.8912    0.0934  2.3587e-15  2.4713e-16  2.6466e-15
1248.2087   1303.74    1.0047    0.0990  2.6593e-15  2.6208e-16  2.6468e-15
1248.2386   1310.95    0.9909    0.0984  2.6228e-15  2.6034e-16  2.6470e-15
1248.2685   1318.17    1.0790    0.1025  2.8563e-15  2.7146e-16  2.6472e-15
1248.2984   1325.38    1.1569    0.1061  3.0627e-15  2.8093e-16  2.6474e-15
1248.3284   1332.60    1.0495    0.1012  2.7787e-15  2.6781e-16  2.6476e-15
1248.3583   1339.81    1.0449    0.1009  2.7667e-15  2.6723e-16  2.6478e-15
1248.3882   1347.03    0.9392    0.0958  2.4871e-15  2.5360e-16  2.6480e-15
1248.4181   1354.24    0.9876    0.0982  2.6154e-15  2.6000e-16  2.6482e-15
1248.4480   1361.46    0.9431    0.0960  2.4978e-15  2.5418e-16  2.6484e-15
1248.4779   1368.67    0.9815    0.0979  2.5998e-15  2.5918e-16  2.6487e-15
1248.5078   1375.89    0.9744    0.0975  2.5811e-15  2.5826e-16  2.6489e-15
1248.5377   1383.10    1.0383    0.1006  2.7506e-15  2.6639e-16  2.6491e-15
1248.5676   1390.32    0.9676    0.0971  2.5634e-15  2.5731e-16  2.6493e-15
1248.5975   1397.53    0.8873    0.0931  2.3509e-15  2.4663e-16  2.6495e-15
1248.6275   1404.75    1.0415    0.1007  2.7596e-15  2.6674e-16  2.6497e-15
1248.6574   1411.96    1.0872    0.1028  2.8810e-15  2.7244e-16  2.6499e-15
1248.6873   1419.18    0.9939    0.0984  2.6341e-15  2.6068e-16  2.6501e-15
1248.7172   1426.39    0.9905    0.0982  2.6252e-15  2.6019e-16  2.6503e-15
1248.7471   1433.61    1.0751    0.1022  2.8497e-15  2.7083e-16  2.6505e-15
1248.7770   1440.82    0.9003    0.0936  2.3863e-15  2.4821e-16  2.6507e-15
1248.8069   1448.04    0.7988    0.0883  2.1175e-15  2.3416e-16  2.6509e-15
1248.8368   1455.25    1.0174    0.0994  2.6972e-15  2.6356e-16  2.6512e-15
1248.8667   1462.47    0.9176    0.0945  2.4330e-15  2.5060e-16  2.6514e-15
1248.8966   1469.68    0.9978    0.0985  2.6459e-15  2.6112e-16  2.6516e-15
1248.9266   1476.90    0.8967    0.0934  2.3779e-15  2.4779e-16  2.6518e-15
1248.9565   1484.11    0.9639    0.0968  2.5563e-15  2.5672e-16  2.6520e-15
1248.9864   1491.33    1.0046    0.0988  2.6645e-15  2.6196e-16  2.6522e-15
1249.0163   1498.54    0.9673    0.0970  2.5656e-15  2.5719e-16  2.6524e-15
1249.0462   1505.76    1.1168    0.1041  2.9624e-15  2.7606e-16  2.6527e-15
1249.0761   1512.97    1.0101    0.0991  2.6796e-15  2.6280e-16  2.6529e-15
1249.1060   1520.19    0.9809    0.0977  2.6025e-15  2.5909e-16  2.6531e-15
1249.1359   1527.40    0.8851    0.0929  2.3485e-15  2.4641e-16  2.6533e-15
1249.1658   1534.62    0.8599    0.0915  2.2818e-15  2.4291e-16  2.6535e-15
1249.1957   1541.83    1.0655    0.1017  2.8277e-15  2.6979e-16  2.6537e-15
1249.2257   1549.05    1.0224    0.0996  2.7133e-15  2.6437e-16  2.6540e-15
1249.2556   1556.26    1.0135    0.0992  2.6901e-15  2.6325e-16  2.6542e-15
1249.2855   1563.48    1.1284    0.1045  2.9953e-15  2.7742e-16  2.6544e-15
1249.3154   1570.69    0.9513    0.0961  2.5253e-15  2.5515e-16  2.6546e-15
1249.3453   1577.91    0.9869    0.0979  2.6202e-15  2.5981e-16  2.6548e-15
1249.3752   1585.12    0.9402    0.0956  2.4964e-15  2.5370e-16  2.6551e-15
1249.4051   1592.34    0.9793    0.0975  2.6003e-15  2.5882e-16  2.6553e-15
1249.4350   1599.55    1.0777    0.1021  2.8618e-15  2.7120e-16  2.6555e-15
1249.4649   1606.77    0.8608    0.0915  2.2861e-15  2.4289e-16  2.6557e-15
1249.4948   1613.98    0.9122    0.0941  2.4228e-15  2.4990e-16  2.6559e-15
1249.5248   1621.20    0.8505    0.0909  2.2592e-15  2.4147e-16  2.6562e-15
1249.5547   1628.41    0.9961    0.0982  2.6460e-15  2.6093e-16  2.6564e-15
1249.5846   1635.63    0.9535    0.0962  2.5332e-15  2.5545e-16  2.6566e-15
1249.6145   1642.84    0.9178    0.0944  2.4385e-15  2.5069e-16  2.6568e-15
1249.6444   1650.06    1.0729    0.1019  2.8509e-15  2.7066e-16  2.6571e-15
1249.6743   1657.27    0.9971    0.0982  2.6496e-15  2.6104e-16  2.6573e-15
1249.7042   1664.49    1.0127    0.0990  2.6912e-15  2.6302e-16  2.6575e-15
1249.7341   1671.70    0.9775    0.0973  2.5978e-15  2.5848e-16  2.6578e-15
1249.7640   1678.92    1.0491    0.1007  2.7886e-15  2.6760e-16  2.6580e-15
1249.7939   1686.13    0.9226    0.0945  2.4524e-15  2.5120e-16  2.6582e-15
1249.8239   1693.35    0.9296    0.0948  2.4714e-15  2.5214e-16  2.6585e-15
1249.8538   1700.56    1.0142    0.0990  2.6965e-15  2.6316e-16  2.6588e-15
1249.8837   1707.78    1.0277    0.0996  2.7328e-15  2.6488e-16  2.6591e-15
1249.9136   1714.99    1.0676    0.1015  2.8393e-15  2.6990e-16  2.6594e-15
1249.9435   1722.21    0.8397    0.0902  2.2334e-15  2.3989e-16  2.6597e-15
1249.9734   1729.42    0.9726    0.0970  2.5871e-15  2.5796e-16  2.6600e-15
1250.0033   1736.64    1.0817    0.1021  2.8777e-15  2.7174e-16  2.6604e-15
1250.0332   1743.85    0.8676    0.0916  2.3086e-15  2.4383e-16  2.6607e-15
1250.0631   1751.07    0.9802    0.0973  2.6085e-15  2.5893e-16  2.6611e-15
1250.0930   1758.28    1.1192    0.1038  2.9787e-15  2.7633e-16  2.6615e-15
1250.1230   1765.50    0.9566    0.0961  2.5464e-15  2.5584e-16  2.6619e-15
1250.1529   1772.71    0.9376    0.0952  2.4960e-15  2.5335e-16  2.6623e-15
1250.1828   1779.93    0.8364    0.0900  2.2271e-15  2.3960e-16  2.6627e-15
1250.2127   1787.14    0.9112    0.0938  2.4267e-15  2.4986e-16  2.6632e-15
1250.2426   1794.36    0.9654    0.0965  2.5714e-15  2.5702e-16  2.6636e-15
1250.2725   1801.57    0.8528    0.0908  2.2720e-15  2.4189e-16  2.6641e-15
1250.3024   1808.79    0.9252    0.0945  2.4651e-15  2.5173e-16  2.6645e-15
1250.3323   1816.00    1.0289    0.0995  2.7421e-15  2.6519e-16  2.6650e-15
1250.3622   1823.22    0.6515    0.0796  1.7366e-15  2.1207e-16  2.6655e-15
1250.3921   1830.43    0.7664    0.0861  2.0432e-15  2.2956e-16  2.6660e-15
1250.4221   1837.65    0.6650    0.0803  1.7732e-15  2.1417e-16  2.6666e-15
1250.4520   1844.86    0.6939    0.0820  1.8507e-15  2.1875e-16  2.6671e-15
1250.4819   1852.08    0.6391    0.0788  1.7048e-15  2.1021e-16  2.6676e-15
1250.5118   1859.29    0.5966    0.0762  1.5918e-15  2.0339e-16  2.6682e-15
1250.5417   1866.51    0.6748    0.0809  1.8009e-15  2.1599e-16  2.6688e-15
1250.5716   1873.72    0.8591    0.0910  2.2933e-15  2.4304e-16  2.6694e-15
1250.6015   1880.94    0.9656    0.0964  2.5780e-15  2.5734e-16  2.6700e-15
1250.6314   1888.15    0.9248    0.0944  2.4698e-15  2.5200e-16  2.6706e-15
1250.6613   1895.37    0.9443    0.0953  2.5225e-15  2.5453e-16  2.6712e-15
1250.6912   1902.58    0.8063    0.0882  2.1542e-15  2.3573e-16  2.6718e-15
1250.7212   1909.80    0.8196    0.0890  2.1904e-15  2.3772e-16  2.6725e-15
1250.7511   1917.01    0.9046    0.0933  2.4181e-15  2.4951e-16  2.6731e-15
1250.7810   1924.23    0.9922    0.0976  2.6529e-15  2.6105e-16  2.6738e-15
1250.8109   1931.44    1.0071    0.0984  2.6934e-15  2.6306e-16  2.6745e-15
1250.8408   1938.66    0.9711    0.0966  2.5978e-15  2.5846e-16  2.6752e-15
1250.8707   1945.87    1.1310    0.1041  3.0266e-15  2.7854e-16  2.6759e-15
1250.9006   1953.09    1.0136    0.0986  2.7130e-15  2.6401e-16  2.6766e-15
1250.9305   1960.30    0.7401    0.0846  1.9816e-15  2.2641e-16  2.6773e-15
1250.9604   1967.52    0.8859    0.0923  2.3726e-15  2.4714e-16  2.6781e-15
1250.9903   1974.73    0.9377    0.0948  2.5118e-15  2.5408e-16  2.6788e-15
1251.0203   1981.95    0.7651    0.0859  2.0502e-15  2.3016e-16  2.6796e-15
1251.0502   1989.16    0.9527    0.0956  2.5536e-15  2.5621e-16  2.6804e-15
1251.0801   1996.38    0.8645    0.0911  2.3178e-15  2.4427e-16  2.6812e-15
1251.1100   2003.59    0.8983    0.0928  2.4093e-15  2.4892e-16  2.6820e-15
1251.1399   2010.81    0.9574    0.0957  2.5685e-15  2.5683e-16  2.6828e-15
1251.1698   2018.02    1.1885    0.1064  3.1893e-15  2.8565e-16  2.6836e-15
1251.1997   2025.24    1.0885    0.1019  2.9219e-15  2.7364e-16  2.6844e-15
1251.2296   2032.45    1.1328    0.1039  3.0419e-15  2.7912e-16  2.6852e-15
1251.2595   2039.67    0.9197    0.0939  2.4704e-15  2.5211e-16  2.6861e-15
1251.2894   2046.88    1.1069    0.1028  2.9741e-15  2.7609e-16  2.6870e-15
1251.3194   2054.10    0.8651    0.0910  2.3252e-15  2.4470e-16  2.6878e-15
1251.3493   2061.31    1.2983    0.1111  3.4909e-15  2.9870e-16  2.6887e-15
1251.3792   2068.53    1.0191    0.0986  2.7409e-15  2.6517e-16  2.6896e-15
1251.4091   2075.74    1.2129    0.1074  3.2634e-15  2.8887e-16  2.6905e-15
1251.4390   2082.96    1.0900    0.1018  2.9337e-15  2.7410e-16  2.6914e-15
1251.4689   2090.17    0.9315    0.0943  2.5079e-15  2.5376e-16  2.6924e-15
1251.4988   2097.39    1.2474    0.1088  3.3596e-15  2.9294e-16  2.6933e-15
1251.5287   2104.60    1.1062    0.1025  2.9803e-15  2.7615e-16  2.6943e-15
1251.5586   2111.82    1.1764    0.1056  3.1708e-15  2.8460e-16  2.6952e-15
1251.5885   2119.03    0.9876    0.0969  2.6627e-15  2.6124e-16  2.6962e-15
1251.6185   2126.25    1.0278    0.0988  2.7722e-15  2.6643e-16  2.6972e-15
1251.6484   2133.46    1.0243    0.0986  2.7636e-15  2.6604e-16  2.6981e-15
1251.6783   2140.67    0.9722    0.0961  2.6241e-15  2.5938e-16  2.6991e-15
1251.7082   2147.89    1.1086    0.1025  2.9933e-15  2.7667e-16  2.7002e-15
1251.7381   2155.10    1.0255    0.0986  2.7700e-15  2.6634e-16  2.7012e-15
1251.7680   2162.32    0.8695    0.0909  2.3495e-15  2.4569e-16  2.7022e-15
1251.7979   2169.53    1.0016    0.0974  2.7076e-15  2.6343e-16  2.7032e-15
1251.8278   2176.75    1.1795    0.1056  3.1897e-15  2.8560e-16  2.7043e-15
1251.8577   2183.96    0.9654    0.0957  2.6117e-15  2.5886e-16  2.7054e-15
1251.8876   2191.18    1.0348    0.0990  2.8007e-15  2.6785e-16  2.7064e-15
1251.9176   2198.39    0.9326    0.0940  2.5249e-15  2.5457e-16  2.7075e-15
1251.9475   2205.61    0.9702    0.0958  2.6280e-15  2.5961e-16  2.7086e-15
1251.9774   2212.82    1.0493    0.1127  2.8433e-15  3.0531e-16  2.7097e-15
1252.0073   2220.04    1.0347    0.1333  2.8049e-15  3.6142e-16  2.7108e-15
1252.0372   2227.25    1.2949    0.1474  3.5117e-15  3.9980e-16  2.7119e-15
1252.0671   2234.47    1.0589    0.1373  2.8727e-15  3.7238e-16  2.7130e-15
1252.0970   2241.68    0.9999    0.1330  2.7138e-15  3.6112e-16  2.7142e-15
1252.1269   2248.90    1.1874    0.1409  3.2241e-15  3.8258e-16  2.7153e-15
1252.1568   2256.11    0.9692    0.1319  2.6327e-15  3.5842e-16  2.7165e-15
1252.1867   2263.33    0.9691    0.1265  2.6337e-15  3.4386e-16  2.7176e-15
1252.2167   2270.54    0.9734    0.1275  2.6465e-15  3.4654e-16  2.7188e-15
1252.2466   2277.76    1.0880    0.1335  2.9595e-15  3.6301e-16  2.7200e-15
1252.2765   2284.97    0.8799    0.1224  2.3943e-15  3.3319e-16  2.7212e-15
1252.3064   2292.19    1.1271    0.1382  3.0683e-15  3.7631e-16  2.7224e-15
1252.3363   2299.40    1.0747    0.1362  2.9270e-15  3.7090e-16  2.7236e-15
1252.3662   2306.62    0.8593    0.1218  2.3413e-15  3.3184e-16  2.7248e-15
1252.3961   2313.83    0.9409    0.1293  2.5649e-15  3.5259e-16  2.7260e-15
1252.4260   2321.05    0.9492    0.1268  2.5887e-15  3.4594e-16  2.7273e-15
1252.4559   2328.26    0.9886    0.1255  2.6973e-15  3.4241e-16  2.7285e-15
1252.4858   2335.48    0.8731    0.1204  2.3834e-15  3.2867e-16  2.7298e-15
1252.5158   2342.69    0.9700    0.1160  2.6491e-15  3.1673e-16  2.7310e-15
1252.5457   2349.91    0.8914    0.0970  2.4354e-15  2.6491e-16  2.7323e-15
1252.5756   2357.12    1.0507    0.0992  2.8721e-15  2.7115e-16  2.7336e-15
1252.6055   2364.34    0.9007    0.0919  2.4633e-15  2.5145e-16  2.7349e-15
1252.6354   2371.55    1.0121    0.0973  2.7693e-15  2.6629e-16  2.7362e-15
1252.6653   2378.77    0.8295    0.0883  2.2707e-15  2.4165e-16  2.7375e-15
1252.6952   2385.98    1.0075    0.0971  2.7593e-15  2.6580e-16  2.7388e-15
1252.7251   2393.20    0.8857    0.0911  2.4270e-15  2.4957e-16  2.7401e-15
1252.7550   2400.41    0.9271    0.0931  2.5415e-15  2.5532e-16  2.7414e-15
1252.7849   2407.63    0.9190    0.0927  2.5205e-15  2.5434e-16  2.7428e-15
1252.8149   2414.84    1.0196    0.0975  2.7980e-15  2.6759e-16  2.7441e-15
1252.8448   2422.06    0.9957    0.0964  2.7337e-15  2.6452e-16  2.7455e-15
1252.8747   2429.27    1.0355    0.0982  2.8442e-15  2.6975e-16  2.7468e-15
1252.9046   2436.49    0.9779    0.0955  2.6873e-15  2.6236e-16  2.7482e-15
1252.9345   2443.70    1.0274    0.0978  2.8250e-15  2.6889e-16  2.7496e-15
1252.9644   2450.92    0.9216    0.0927  2.5353e-15  2.5504e-16  2.7509e-15
1252.9943   2458.13    1.0070    0.0968  2.7716e-15  2.6641e-16  2.7523e-15
1253.0242   2465.35    1.1473    0.1031  3.1594e-15  2.8400e-16  2.7537e-15
1253.0541   2472.56    0.9817    0.0955  2.7046e-15  2.6319e-16  2.7551e-15
1253.0840   2479.78    0.9759    0.0952  2.6901e-15  2.6252e-16  2.7566e-15
1253.1140   2486.99    0.8997    0.0915  2.4813e-15  2.5235e-16  2.7580e-15
1253.1439   2494.21    0.9612    0.0945  2.6523e-15  2.6068e-16  2.7594e-15
1253.1738   2501.42    1.1206    0.1018  3.0938e-15  2.8112e-16  2.7608e-15
1253.2037   2508.64    1.0274    0.0975  2.8379e-15  2.6942e-16  2.7623e-15
1253.2336   2515.85    0.9809    0.0953  2.7109e-15  2.6340e-16  2.7637e-15
1253.2635   2523.07    1.0681    0.0993  2.9534e-15  2.7469e-16  2.7652e-15
1253.2934   2530.28    1.0584    0.0989  2.9283e-15  2.7353e-16  2.7667e-15
1253.3233   2537.50    1.0667    0.0992  2.9529e-15  2.7464e-16  2.7681e-15
1253.3532   2544.71    0.9486    0.0936  2.6273e-15  2.5923e-16  2.7696e-15
1253.3831   2551.93    0.9584    0.0941  2.6559e-15  2.6071e-16  2.7711e-15
1253.4131   2559.14    0.8632    0.0893  2.3933e-15  2.4767e-16  2.7726e-15
